1.80484
4.17076
4.83610
5.05544
5.25952
5.07027
3.57156
5.36510
8.43672
2.61930
5.81410
2.75954
-1.50608
6.58691
6.24177
3.86988
8.46790
1.56500
1.58195
4.69390
4.13015
3.32873
1.88208
3.65977
8.52098
4.39623
3.57871
4.45834
5.17043
6.87846
3.41515
4.95907
2.05209
8.52098
8.52098
2.54459
7.90758
4.13485
6.33637
5.49578
5.60765
3.27861
-0.28934
-0.31406
6.81463
4.33135
-1.11221
2.97464
6.38257
7.65330
1.90475
5.44127
5.38889
6.98814
1.80455
6.39934
4.27203
1.60035
4.27802
4.29860
8.50584
4.12420
4.98313
3.12120
7.59111
4.78447
3.68653
7.38475
3.14697
4.97742
4.33855
4.61368
3.02841
5.29204
-0.99739
6.27392
4.58540
6.69694
2.01639
4.83819
5.02991
3.47434
5.71189
5.69370
0.79184
5.12613
4.12485
3.63248
2.33912
3.53889
3.15716
3.45407
3.88034
1.80888
2.67077
-0.42955
2.54324
4.44401
2.89617
3.73156
2.14109
1.24529
3.07998
4.68663
4.62204
2.29592
1.55567
2.87347
6.42258
4.15087
5.49800
6.84749
5.97094
6.27232
1.88715
-0.30308
7.05839
4.51874
4.09810
8.01317
4.83249
5.43422
2.47205
1.55628
0.71234
1.88397
6.79174
6.50179
4.42024
-0.78180
4.95836
3.41109
4.92324
6.11735
2.66109
3.75504
5.97267
7.27617
4.40656
1.62244
2.83649
0.89416
4.80404
7.05337
3.27215
6.41753
3.84434
3.13088
3.78042
4.02007
6.81964
8.48028
5.12496
4.00781
3.60544
7.87664
-2.38585
3.05160
3.45992
4.08085
4.68186
3.53664
6.48906
4.59918
3.47761
3.23037
7.02674
4.56344
5.82712
5.77456
1.34927
4.07342
5.47326
-3.49303
4.21765
8.52098
5.97824
2.02597
1.23711
2.45480
