-3.69402
-3.69110
-1.88638
-1.92884
-2.48839
-1.65164
-2.53922
-3.20715
-3.71791
-4.03381
-2.89143
-2.89156
-2.54738
0.24361
-1.86885
1.24492
-0.65783
-3.30598
-2.83536
-0.96453
-0.94094
1.70833
-0.28684
0.94297
-2.43612
-1.30339
-3.40424
-2.97112
-3.81889
-4.66651
-3.32737
-2.27502
-2.14245
-0.36672
-1.43654
-1.00069
-0.76454
-1.60340
2.60572
-1.41379
-3.71909
-3.26999
0.16391
-3.37847
-3.01382
-2.52848
-0.96358
-1.60434
0.04078
-1.88072
-1.74197
-1.04228
-2.10678
-0.84858
-2.06766
-3.15151
-3.12744
-2.97913
-0.72435
-1.74510
-1.81948
-1.02091
0.00532
-1.95918
-2.71337
-1.69786
-0.38569
-2.60842
-2.81424
-2.58463
0.70029
-2.52758
-2.98529
-0.70626
0.17401
-0.77533
-2.28947
-3.59141
-3.30471
-3.79849
-2.84767
-3.30915
-3.05617
-3.80248
-1.87527
-3.04353
-0.43962
-2.92405
-3.58643
0.32536
-2.74815
-2.14023
-1.91683
-3.16758
-3.56248
-0.44840
-2.27012
-2.03664
-1.85841
-1.25156
-0.98149
-2.49915
-3.08479
-2.19174
-0.17484
-2.05267
-2.71392
-1.57104
-2.53434
-1.22986
-0.69714
-1.57392
-1.48022
-3.03311
-1.93391
-1.52436
-1.54903
-2.22138
-2.55938
-2.55681
1.10449
-1.77363
-0.89699
-1.88534
-3.49436
-2.66923
-3.07874
-2.27202
-3.57351
-3.38305
-0.39771
-0.18864
-3.16314
-0.95582
-2.96231
-3.77535
-1.57317
-2.16828
-2.07425
-2.49845
-3.52780
-2.19217
-2.95171
0.06726
-1.78224
-1.52613
-2.83338
-3.13728
-0.77383
-1.84718
-1.92742
-3.04088
-2.55296
-1.80183
-0.32684
-3.06886
-4.29902
-2.75098
-0.77924
-1.95407
-2.65245
-2.68842
-0.79735
-1.74929
-2.92723
-1.09982
-0.68109
-2.98420
-1.89083
-3.55585
-2.48008
-0.76501
0.15302
-4.05551
-2.79486
-3.38366
-2.35903
-1.51493
-0.85557
-3.78700
-1.69184
-1.27138
-2.80667
-3.66913
-1.11679
-1.83305
-2.54746
-2.39805
-2.23723
0.26886
-2.28984
-1.03043
-0.54982
-1.24263
0.11632
-0.20213
-3.24344
-1.85486
-0.78048
-2.17088
-3.77268
-0.71340
-1.08982
-1.89796
-3.87473
-1.77333
0.93526
-2.47759
-1.65601
-1.99711
-2.79909
-1.12189
-2.13480
-2.28266
-1.75128
-1.63740
-1.28556
-2.43729
-3.50455
0.73017
0.09781
-2.75335
-2.61104
-1.51121
0.74086
-1.78835
-3.42530
-3.43839
-0.68012
-2.73962
-1.94014
-3.63920
-3.78249
-1.74276
-0.30299
-1.04523
-1.25241
-3.69259
-1.26882
-2.43782
-3.08712
-2.14644
-2.97988
-1.50923
-2.20108
-0.74524
-1.91391
-1.97518
-2.97333
-3.59355
-1.10347
-2.53853
-1.32960
-2.17325
-1.28519
-2.44002
-2.42206
-2.29833
-3.52792
-3.49820
0.16168
-2.66704
-0.44956
-2.84899
-1.71251
-0.27531
-1.64752
-2.80213
-1.54399
-2.71118
-0.31502
-0.01436
-2.40524
1.84108
-0.60335
-1.07905
-1.81660
-4.23152
-2.26002
-2.60161
-3.94533
-3.17420
-3.43891
-1.95504
-2.49625
-0.39961
-0.19171
-2.55254
-0.74699
-0.14900
-1.49277
-0.59429
-2.44692
0.53001
-2.45970
-2.58264
-2.83143
-2.70508
-1.95739
-2.13195
-0.54491
-1.72370
-0.06275
-1.66002
-0.05919
-4.02305
-1.39164
-0.98264
-3.24133
-3.51262
-1.84868
-2.94975
-2.38827
-0.60658
-2.42241
-2.52897
-2.51772
-2.52744
-1.93687
-2.28250
-2.55503
-1.57661
-2.39417
-2.67370
-0.88360
-1.25859
-3.39875
-3.44960
-2.10282
-1.09090
-0.73469
-2.56756
-2.41311
-2.43834
-1.93352
-1.14524
-0.87507
-3.70084
-2.38017
-0.27587
-2.91074
-2.72991
-1.23845
-1.82820
-3.92674
-1.35666
-3.33331
-0.82832
-0.17263
-2.38093
-2.57296
-0.35657
-1.94499
-3.29892
-2.61870
-3.65884
-1.79568
-1.61596
-1.28583
1.40067
-2.04614
0.96445
-4.03241
-3.35635
-2.52557
-2.95810
-3.55117
-1.61705
1.28614
-2.33787
-1.72473
-3.66883
-0.48241
-2.25607
-3.40390
-1.82976
-1.73274
-2.33869
-1.30358
-0.79751
-1.81100
-2.66635
-0.90390
-2.97923
-1.04066
-2.13964
-3.12175
-1.39356
-1.09052
-0.70574
-3.04752
-2.26118
-1.30526
-1.97621
-0.99022
-1.36890
-2.35691
-1.71903
-1.12455
-3.62557
-2.28480
-3.07600
-1.49408
-3.15935
-1.30124
-3.44038
-1.71734
-1.24435
-0.25689
-2.18478
-1.78972
-2.33312
-0.33576
-2.96314
-2.33523
-2.20505
-2.49417
-2.22925
0.40278
-1.71228
-1.69917
-1.56889
-1.02475
-2.26774
-2.18023
-2.61676
-3.56190
-2.52996
-1.99480
-0.89423
-2.01866
-2.33555
-1.95752
-1.97323
-2.75751
-0.97064
-3.59134
-2.16895
-1.56746
-1.94527
-0.75718
-2.67348
-1.97332
-0.91950
-1.46584
-2.72479
-3.50293
-3.68645
-2.91168
-3.50263
-0.83981
-0.27921
-2.44302
-3.20670
-3.20683
-1.33827
0.49056
-0.86886
-4.02497
-2.66000
-2.98084
-2.80051
-1.23439
0.61034
-1.54307
-3.71795
-2.26576
-0.91635
-2.74754
1.19159
-2.60708
-1.37452
-2.63145
-1.47887
-1.77110
-2.96967
-0.93338
-2.08121
-2.89353
0.08725
-1.13411
-2.09809
-2.71044
-1.44724
-1.52393
-1.72782
-2.22811
-0.99375
-1.02368
-2.30862
-1.27166
-3.34155
-2.40720
-2.59815
0.01288
-1.31962
-1.31795
-3.96496
-2.74852
-2.27657
-3.11644
-1.60248
-1.77811
-2.09486
-2.04717
-3.12315
-0.32784
-2.38617
-0.51439
-2.68485
-1.74797
-1.01611
-1.98977
-3.24545
-3.25897
-3.65370
-2.00230
-1.00047
0.40559
-3.80884
-1.44721
-0.73445
-2.73873
-3.50654
-1.87245
-1.08700
-1.28659
-2.50698
-1.04063
-2.71497
-2.62213
-0.91230
-1.84489
-1.82954
-1.22117
-1.41514
-0.94671
-3.64997
-3.69196
-3.34227
-1.72649
-1.61926
0.87326
-2.76229
-2.10933
-1.95767
-1.56256
-2.00532
-2.44588
-3.96251
-2.41423
-2.84446
-2.58361
-1.94850
-2.06312
-2.11678
-2.07844
-1.83259
1.09892
-1.95563
-2.90176
-1.28777
-2.49465
-1.76291
-1.50579
-2.60836
-1.96089
-1.86785
-2.78140
-1.22027
-3.35531
2.27772
-3.50782
-1.55588
-2.16427
-0.99431
-4.51014
-1.42866
-1.80453
-3.39909
-2.10172
-3.22367
-2.38570
-0.85610
-2.10273
-2.25164
-0.27424
-0.59439
-2.49626
-1.97337
-1.97746
-2.30805
-1.87149
-2.16448
-1.63329
-3.20090
-2.33285
-1.18387
-3.36453
-2.94063
-2.85569
-2.09274
-1.57459
-0.51068
-1.21433
-2.95335
-3.55919
-2.40617
-3.19896
-1.76055
-0.25658
-2.92656
-0.07397
-1.84284
-2.60920
-1.77954
-2.15505
-2.20564
-2.07822
-1.90607
-1.27583
-2.34781
-0.98059
-3.28439
-2.48147
-2.23122
-1.39836
-2.85869
-2.88738
-1.94962
-2.37133
-2.92541
-1.60223
-3.13205
-4.00761
-2.22874
-3.28701
-2.49525
-3.82784
-1.74308
-3.07283
-0.63204
-2.04615
-2.02932
-2.17093
-1.07006
-1.62135
-2.12399
-2.47730
-1.28617
-1.21008
-3.41893
-1.94050
-3.27074
-1.79145
-2.55457
-1.48745
0.48518
-2.26551
0.87469
-0.61161
-1.59929
-3.25645
-2.59771
-0.88845
0.73035
-2.24810
-2.23002
-3.13958
-1.26101
-2.30276
-3.93848
-1.56444
-3.85437
0.52681
-2.30764
-1.70760
0.23018
-1.10550
-3.07418
-3.09865
-2.57466
-3.05563
-3.97561
-1.46029
-2.33797
-2.30504
-1.47770
-0.66019
-2.05577
-2.29313
-1.83133
-0.76359
-0.94818
-1.37246
-2.54700
-3.16796
-4.50648
-2.81394
-1.41091
-0.77546
-2.28466
-1.66367
-3.59682
-2.77082
0.69791
-3.82636
-1.41057
-0.28045
-1.11065
-1.13394
-0.60824
-3.15468
-1.86548
-3.47297
-2.10555
-3.38622
-2.08569
-2.00540
-1.27223
-1.77731
-2.62604
-2.27527
-0.73024
-2.53319
-3.68174
0.07776
-0.61309
-1.63180
-2.01872
-3.88121
-3.42101
-1.20519
-2.57855
-2.78418
-1.80354
-2.54940
0.42915
-3.11408
-1.80334
-0.30267
-0.56128
-3.68611
-1.37389
-1.07176
-1.27632
-2.87997
-3.05618
-2.66765
-2.45312
-3.54258
-3.17549
-2.69577
-2.62393
-3.34453
3.37729
-2.07780
-2.14325
-2.53239
-2.68836
-2.25554
-2.95400
-1.46652
-1.21759
-2.00936
-0.93346
-3.35651
-2.45082
-0.01762
-2.09574
-3.02316
-3.32850
-2.61838
0.45901
-2.97689
-2.31167
-2.73759
-0.20457
-0.90918
-3.90272
-1.03145
-0.86974
-3.09471
-1.56973
-1.34816
-3.37301
-2.65491
-3.08484
-1.48490
-1.16247
-2.17687
-2.04961
-2.25323
-0.74499
0.12351
-3.48773
0.49187
-0.96589
-1.84130
-0.75485
-0.67277
0.09515
-2.99935
-3.46656
-2.55280
-3.62425
-2.75405
-0.04707
-3.23229
-0.59905
-1.00832
-1.48009
-2.71596
-3.25191
-0.39004
-1.85306
-2.77796
-3.04018
-4.26375
-2.31584
0.11672
-1.79440
-2.50014
