-2.71407
-2.88343
-2.81522
-1.86552
-1.33705
-4.02956
-3.02149
-2.45089
-2.79475
-1.64548
-3.47963
-2.50344
-2.04678
-1.91499
-3.58259
-2.68043
-3.31996
-1.87427
-3.43630
-1.60341
-3.26057
-2.36530
-1.32834
-2.71038
-0.81670
-3.72081
-1.04135
-2.53207
-0.47291
-3.16628
-2.23321
-3.55975
0.05139
-1.73171
-2.40406
-2.38172
-2.51694
-1.47606
-3.07907
-2.73958
-3.74497
-0.76108
-3.26204
-2.65245
-3.03193
-3.38546
-2.58601
-3.74084
-3.56340
-3.62192
-1.47733
-2.44446
-1.71367
-1.57630
-2.94947
-2.18968
-2.69095
-2.49220
-3.54999
-1.96331
-1.07261
-2.51082
-2.94560
-3.08488
-3.87195
-2.44109
-2.88677
-2.78694
-2.18172
-1.66465
-1.93527
-1.10553
-2.30837
-1.55391
-2.09473
-2.40927
-0.07557
-3.64481
-4.02972
-2.87694
-1.72710
-2.52534
-2.11709
-2.85941
-2.66978
-1.15159
-2.87452
-3.31316
-2.85296
-0.81910
-3.18591
-3.91290
-3.36188
-1.59929
-2.35531
-3.61612
-2.00704
-3.08385
-3.20986
-2.72222
-1.84135
-2.91267
-3.55554
-2.78676
-3.15203
-3.40002
-3.19061
-3.65872
-2.18797
0.20180
-3.08467
-3.40918
-2.50849
-2.57646
-2.57310
-3.32447
-2.94108
-1.30704
-1.97226
-2.88677
-2.81492
-1.94482
-4.38584
-1.99529
-1.74469
-2.99714
-3.58234
-2.24026
-2.80875
-2.10690
-1.73932
-2.04335
-4.26361
-1.73520
-1.39978
-0.66072
-3.31163
-1.08837
-2.79986
-2.62645
-3.59269
-1.49678
-3.69676
1.00002
-3.11589
-1.40772
-3.98633
-2.82097
-4.19426
-2.08384
-2.26539
0.07794
-3.49897
-3.15941
-3.34687
-2.41664
-3.48504
-2.51060
-1.32201
-2.79891
-3.60433
-1.96690
-3.09382
-2.04714
-3.20777
-0.81038
-2.80396
-2.38189
-1.76300
-2.79033
0.74221
-1.45452
-3.05026
-3.54995
-2.60934
-1.66413
-3.41884
