-1.19263
-2.97058
-0.36190
-1.97786
-2.59409
-1.87716
-2.10520
-1.14690
-1.04727
-0.39908
-3.77397
-1.69482
0.10011
-3.70763
-1.44173
-0.93450
-1.65051
-4.04952
0.18510
-1.31867
-1.99437
-1.62992
-2.08401
-1.01144
-3.56041
-0.78870
-2.39815
-1.57100
-2.60052
-1.36294
-1.33998
-0.05134
-2.20772
-1.19259
-0.03253
-2.91675
-1.39580
-1.68931
-2.07590
-3.57878
-0.16676
-3.52140
-1.93755
-0.56153
-2.01534
-0.47563
-1.00310
-1.26243
-3.30054
-2.73148
-1.72176
-0.55208
-1.69295
-1.14016
-2.99681
-0.97350
-2.51910
-1.97273
-0.54195
-1.10403
-0.60254
-0.52416
-1.68216
-1.31739
-1.73206
-0.90829
-1.54154
-2.19817
-1.63387
-0.09322
-3.33842
-2.38859
-1.71013
-1.88731
-1.61890
-1.72811
-0.74026
-3.04164
-2.38557
-2.31629
-2.66747
-1.13442
-1.96505
-0.84933
-1.25590
-2.49500
-1.91778
-1.38120
-2.22881
-1.54878
-1.49682
0.22996
-1.17452
-2.93140
-0.43973
-2.97432
-1.38706
-2.55534
-2.54888
-1.32951
-2.49011
-2.96969
-2.31687
-1.68032
-1.93708
-1.55934
-0.90945
-2.71038
1.56274
-2.08146
-1.72520
-1.24041
-2.90490
-1.50919
-2.06789
-1.91163
-2.71613
-3.55610
-2.18049
-0.91430
-1.48171
-3.66101
-0.24322
-2.54714
-3.19465
-1.43781
-3.74255
-0.17908
-1.27326
-2.25547
-2.03291
-1.63623
-1.06407
-0.83902
0.34591
-1.40455
-2.22154
-1.18239
-1.06308
-1.17374
-1.40371
-1.17940
-3.03958
-0.99244
-1.81796
-2.51702
-1.80441
-1.72979
-0.34766
-1.70865
-0.88560
-1.55934
-0.32751
-1.02970
-0.41182
-2.37697
-2.52948
-1.02432
-1.50296
-3.84060
-2.12675
-2.65424
-1.87210
-2.62398
-2.53333
0.20310
-0.96141
-0.73578
-1.66109
-1.75247
-0.10403
-2.59678
-1.67839
-1.69001
-1.79777
-0.74595
-0.11002
-0.99009
-3.55524
-1.97973
-1.02962
-1.62532
-0.44918
-1.95303
-0.48830
-3.15021
-2.99366
-0.79666
-3.21263
-1.68924
-1.64525
-1.01426
-2.63010
-0.76574
-1.66238
-1.23539
-0.87500
-2.39112
-1.46260
-1.79301
-1.39505
0.53943
-1.92971
-0.54116
-1.97975
-2.35349
-1.73890
-2.83372
0.03805
-1.07759
-1.57015
-2.74462
0.07506
-0.21395
-1.72858
-2.05055
-2.21220
-0.82574
-2.47088
-1.85512
-2.21903
-2.74356
0.19166
-1.29279
-1.63701
-1.81680
-1.24756
-1.66841
-1.96012
0.03778
-2.42499
-1.88165
0.33443
-1.67297
-2.02941
-0.67389
-0.01427
-1.30283
-1.36587
-2.78526
-1.48493
-1.78302
-2.29654
-2.45678
-0.09554
-1.02914
-0.63472
-2.07410
-3.20648
-0.74734
-0.83599
-2.43890
-0.82276
-0.82058
-0.84068
-1.96836
-0.46661
-1.88711
-2.23603
-2.34252
-3.07818
-1.39880
-2.15326
-2.35890
-0.56481
-2.36368
-2.67571
-2.49364
-1.31937
-1.73303
0.46858
-0.57304
-1.83312
-0.68246
-2.15164
0.79084
-0.60472
-1.78888
-0.58089
-2.10579
-2.34481
-0.77414
-2.85810
-0.94810
-2.30970
-1.15015
-2.62597
-1.97055
-1.47421
-0.67441
-2.14298
-0.77342
-2.54797
-1.14946
-2.54061
-1.54269
-2.00560
-1.11416
-2.15360
-1.61272
-1.40833
-1.99157
-2.09798
-2.13927
-1.13572
-3.24784
-1.23056
-1.77829
-0.99734
-2.20620
-1.39660
-0.23651
-1.21212
-2.01819
-1.57557
-1.39400
-2.60598
-1.48044
-1.41964
-1.50253
-2.58862
-1.73791
-2.41193
-1.80429
-1.26777
-2.23161
-0.79357
-2.12617
-2.44000
-1.64743
-0.80639
-1.82558
-1.02071
-1.10828
-1.21421
-2.30346
-3.80082
-1.91814
-2.23150
-1.01416
-2.75375
-0.65975
-1.93211
-2.27660
-3.06868
0.19957
-2.76691
-0.96027
-2.45771
0.25974
-2.05206
-2.07761
-1.13840
1.71350
-1.01728
-1.94672
-0.04173
-1.79212
-2.58692
-1.96581
-2.57247
-1.24994
-2.08776
-2.19456
-1.32085
-2.28544
-1.42849
-1.50845
-0.27978
-0.71796
-3.03706
-2.90093
-1.92158
0.03277
-2.41784
1.79687
-0.87427
-2.44017
-2.29622
-2.04111
-1.21755
-2.29899
-1.31732
-1.26556
-2.87710
0.03011
-0.85031
-1.53703
-1.50384
-2.14037
-2.36564
-1.18919
-1.09321
-2.21641
0.02070
-1.96566
-1.67916
-1.69298
-2.68972
-2.23413
-1.65254
-2.26142
-1.10440
-1.88556
0.39933
-1.43132
-1.93585
-2.36149
-2.15748
-2.52472
-2.33342
-3.10414
-3.31307
-1.45460
1.67428
-1.44781
-1.27226
-0.91811
-2.79323
0.78111
-1.45385
-0.47810
-1.83640
-2.52489
-1.41430
-1.10642
-1.15406
1.00825
-1.52039
-1.12716
-3.43556
-3.67664
-3.26490
-1.18963
-2.95801
-2.35381
-1.19244
-2.22107
-2.09562
-0.92038
-2.13125
0.62415
-2.43714
-1.96480
-0.95490
-0.28250
-1.96268
-2.31166
-2.28231
-2.95235
-1.87260
-1.76438
-2.67704
-2.92509
-2.33628
-2.26871
-1.62866
-0.95110
-0.46291
-1.86923
-1.54634
-2.18294
-2.92948
-2.16769
-1.48486
-0.34184
-1.16857
-1.19249
-1.28841
-0.52677
-1.53544
-0.31110
-1.77464
-0.61335
-2.62531
-1.30635
-0.23248
0.27220
-2.16000
-2.83491
-1.85336
-1.34525
-2.80332
-1.75797
-2.40623
-1.29492
-2.96034
-1.96059
-2.44723
-1.23137
-2.94887
-1.18748
-0.23494
-1.66246
-2.66316
-1.72542
-2.40868
-1.14832
0.43352
0.29715
-0.37937
-2.20813
-1.93149
-2.19158
-2.49607
-1.70385
-1.66315
-2.61491
-1.66306
-2.93663
-1.89734
-0.79900
-0.66353
-2.22828
-0.23539
-1.52225
-2.06568
-2.09814
-1.63527
-0.41268
-1.64504
-3.24394
-2.69480
-1.43624
-1.91333
-1.20900
-3.05518
-2.00470
-2.19164
-2.05126
-0.12726
-2.06342
-0.54397
-3.53959
-0.56773
-2.26509
0.35160
-1.74167
-2.36258
-2.28588
-1.66356
-3.01027
-0.91688
-2.39189
-1.96828
-0.96298
-0.16269
-1.04569
-1.94090
-2.50817
-0.84997
-1.15699
-1.24417
-1.62970
-1.63058
-3.22490
-1.15234
0.58772
-2.77596
1.24518
-1.72964
1.61463
-0.50055
-1.69808
-2.71944
-1.64113
-1.85439
-1.24795
-1.68403
-2.05705
0.63441
-3.06442
-1.19774
-1.15230
-1.50152
-2.16933
-2.56938
-0.80065
-1.59639
-3.27955
-2.82868
-2.34074
-1.93410
-1.00968
-2.95908
-1.29537
-0.72803
-3.37440
-2.30329
-0.45622
-0.70515
-0.44498
-2.15896
-1.26878
-1.60280
-2.21469
-0.96981
-3.29970
-1.51171
-0.57135
-2.55691
0.14900
-0.77814
-1.71076
-2.95921
-1.02396
-3.59339
-2.20295
-1.36448
-2.99703
-1.75217
-1.45220
-2.46348
-0.75712
-2.22815
-2.05483
-1.66320
-2.82076
-2.38551
-1.80635
-1.67356
-3.20732
-1.89125
-0.86382
-1.08387
-3.63262
-0.77838
-0.35753
-1.89459
-2.22704
-2.42129
-1.44287
0.57354
-1.21952
-1.65263
-2.17373
-1.81646
-0.72866
-1.83841
-1.82213
-1.77334
-1.72537
-1.62461
-2.07626
-2.29957
-1.67275
-1.06771
-3.66852
-1.02750
-2.00470
-3.76607
0.66671
-2.24010
-1.94451
-1.14857
-0.67588
0.24052
-1.46359
-0.98487
1.32631
-2.65514
-1.55689
-0.16523
-2.15843
-1.95389
-0.56303
-0.82737
-1.09109
-1.11169
-2.76993
-2.25802
-2.08405
-0.79563
-1.87971
-3.17253
-2.59907
-0.68907
-2.52759
-0.00714
-1.48172
-0.70408
-1.20468
-2.03616
-1.15409
-2.50892
-0.37979
-2.37850
-1.93462
-1.44176
-1.09831
-1.63357
-1.33215
0.49935
-2.14686
-2.26493
-0.18033
-0.40741
-1.81636
-0.57201
-0.46748
-1.06838
-3.70826
-1.29346
-1.85205
-2.24188
-3.13024
-2.82914
-1.38099
-1.07937
-0.97957
-2.00335
-1.43974
-0.94270
-0.88109
-1.74470
-2.53434
-2.24049
-0.84968
-3.33136
-1.85935
-1.98425
-3.11463
-1.92821
-2.13663
-0.89238
-2.84750
-1.26507
-2.47354
-2.40466
-2.75112
0.20209
-1.36813
-0.64148
-3.85507
5.45550
1.56977
-1.53658
-0.41702
-1.48692
-1.62453
-3.15671
-1.97279
-1.25137
0.39302
-2.16323
-1.93612
-3.87917
-0.18835
-2.13173
-2.53624
-2.28079
0.52124
-0.92321
-0.85455
-1.69677
-2.37956
-2.26733
-2.62943
-3.05683
-1.21766
-1.97917
-2.18486
-0.36536
-1.69045
-1.19053
-2.05568
-0.18001
-0.56001
-1.54865
-2.16913
-1.85029
-1.04514
-1.44475
-1.58269
-0.44098
-2.60350
-1.02576
-1.16629
-1.93612
-2.06652
-0.93570
-1.16419
-0.86578
-1.02913
-2.12436
-2.54083
-0.17890
-2.55665
0.27370
-1.10140
-1.32542
-1.29227
-0.35247
-2.88733
-2.37662
-0.93417
-0.72676
-1.84007
-2.85812
-1.96759
-0.79269
-2.71965
-1.53924
-2.07902
-4.02892
-1.62546
-2.93260
-2.15782
-0.84990
-0.50258
-1.33290
-1.58020
-1.51878
0.03349
-2.12084
-2.61642
-0.86010
-1.09211
-1.57106
-2.84768
-1.05392
-1.11422
-2.53839
-1.59582
-2.29558
0.33395
-1.12688
-2.03252
-1.68786
-1.88225
-2.60764
-1.43237
-1.11919
-0.24390
0.57586
1.48690
-1.18879
-3.32955
0.14621
-2.33649
-2.77002
-2.59653
-2.43676
-1.43436
-1.48826
-1.27645
1.01595
-1.77925
-2.70298
-0.45308
-0.97824
-3.22441
-0.86224
-0.76513
-1.56427
-0.07873
-0.39142
-0.39396
-2.71001
-3.05218
-1.64716
-0.84289
-2.18340
-1.74042
-2.38145
-2.91902
-0.24800
-1.83622
-2.68251
-2.66216
-2.30383
-1.73091
-2.07105
-1.47190
-1.08600
-0.44990
-1.70551
-0.24271
-2.05136
-2.52490
-1.31681
-0.40493
-0.29200
-2.54722
-1.30215
-2.15071
-1.46281
-1.68042
0.88179
-1.24302
-1.86103
-1.45884
-3.16312
-2.76149
0.84450
0.42373
-2.08502
-0.82852
-1.10533
-1.16797
-2.68107
0.16908
-1.78277
-1.66633
-2.73621
-1.28204
-2.05544
-3.50359
-2.41406
-2.28662
-1.04404
-2.10243
0.39332
-1.76298
-2.33476
-1.86145
-1.99931
-2.35788
-0.89376
-1.53798
-1.75973
-2.66924
-0.02360
-0.95350
-2.42006
-2.41037
-3.53038
-2.13196
-1.64078
-1.75627
-2.56251
-1.77584
-3.06631
-3.12029
-1.85120
-2.42872
-1.48039
-3.21542
-2.54737
-2.00728
0.70656
-1.30503
-1.78255
-2.41666
-1.35533
-2.57414
-2.16930
-2.37606
-1.47366
-1.89061
-2.00569
-1.05441
-2.56595
-0.98815
-2.90731
-1.03305
-1.27532
-2.62176
-2.13393
-1.10366
-3.90294
0.56408
-3.34116
2.18503
-0.94780
-1.54126
-1.68897
0.24605
-2.02073
-1.72954
-2.08365
-1.69167
-2.53345
-0.87703
-0.64050
0.75779
0.78798
-2.70959
-1.25264
-3.42565
-1.77678
-0.78545
-2.24849
-0.87292
0.46120
-1.07316
-1.09787
-1.22163
-1.30915
-1.52533
-1.10790
-0.08804
-2.49034
-1.43680
-0.31863
-1.89840
-2.17034
-2.55205
-2.61915
-2.74188
-2.60986
-1.88434
-1.78989
-1.73548
-2.44687
-0.75327
-0.61892
-0.85909
-1.83929
-1.28034
-1.95576
-1.69472
-2.27241
-1.74967
-1.76410
-2.42373
-0.69315
-3.19734
-1.83898
-2.04817
-1.28457
-2.16448
0.25052
-1.32338
-2.39029
-1.62655
-1.53751
-2.95706
-3.41659
-2.01506
-0.85821
-3.85058
-1.21144
-1.63241
-1.78963
-2.44471
-2.65124
-1.81636
-2.84848
-3.05963
-1.17978
-1.21986
-1.98000
-0.07930
-2.03496
-2.55492
-1.85819
-3.06773
-3.16627
0.53830
-1.01999
-0.50005
-1.43342
-1.55653
-1.80478
-0.45862
-2.37098
-2.53743
-1.77859
-0.18495
-1.70133
-2.82528
-0.45530
-1.70033
-1.28138
-2.72035
-1.44888
-0.54138
-1.66328
-0.56384
-2.26376
-2.04733
-3.07056
-1.77469
-1.76665
-1.75112
0.18795
-1.82342
-3.51812
-1.46513
-1.29716
-2.41114
-2.26589
0.05253
-1.18565
-1.52168
-2.87639
-1.50915
-0.41611
-1.62807
-2.13989
-0.99091
-1.17530
-1.23007
-2.66569
-3.36849
0.24746
-2.76307
-3.35237
-1.56359
-1.83300
-2.23560
-0.71616
-0.70744
-1.73213
-3.46637
-1.38317
-2.30830
-1.67432
-1.66546
-3.25630
-2.77942
-1.35446
-0.89081
-0.68766
-1.54450
-1.93660
-1.84810
-1.77695
-1.52444
-1.78619
-0.92615
-2.50656
-2.55038
-1.62658
-1.68347
-1.84568
-0.67277
-2.23323
-1.20606
-1.59083
-2.05322
-1.46697
-2.83392
-2.72585
-0.92907
-1.75637
-0.33761
-2.07250
-1.59067
-2.28369
-0.62172
-1.41838
-2.66891
-0.22109
-2.56336
-0.72280
-1.01305
-1.80646
-1.19040
-1.19958
-0.76748
-1.18413
-2.60276
-1.22633
0.34071
-0.35582
1.44286
-0.90464
-0.89104
0.65391
-1.84456
-0.56810
-2.77996
-2.03658
-1.61357
-2.80139
-2.81808
-0.41009
-1.38921
0.86297
-1.96502
-1.13657
-3.12132
-2.29640
-1.39582
-2.50814
-1.08656
-0.83848
-0.29679
-2.09912
-1.85724
-2.37410
-3.41256
-1.86571
-0.40734
-1.15017
-2.42354
-2.64086
-2.13867
-2.01156
-1.51775
-1.69299
-2.99828
-0.59274
-1.48974
0.29535
-2.91507
-3.27422
-2.01101
-0.98619
-0.46173
-2.66705
-2.96713
-1.62035
-0.33989
-0.12051
-1.38800
-1.41330
-0.79283
-2.56520
-1.50935
-1.55424
-1.14649
-0.61447
-2.86731
-1.45261
-2.26288
-2.34547
-0.93888
-2.04779
-2.58512
-2.54737
-1.09335
-1.25671
-1.29416
-0.72004
0.29367
-2.75710
-1.71537
0.59674
-1.60559
-1.63243
-1.83593
-1.02200
-1.99146
-1.35975
-0.96744
0.41558
-2.93142
-1.10405
-2.77646
-2.18962
-3.27547
-2.16856
-1.31775
-0.84870
-0.78234
-2.12502
-1.02460
-0.12007
-2.60142
-2.79225
-0.84409
-2.69156
-2.80588
-1.09754
-2.71239
-1.54758
-0.39375
-1.58490
-1.77287
-2.13652
-1.99509
-3.49298
-1.03417
-1.00769
-2.15980
-1.80158
-2.45319
-2.07816
-2.65587
-3.64326
-1.66558
-3.61180
-3.48430
-1.06480
-0.75756
-0.56358
-2.02836
-1.60282
-2.22762
-1.81044
-1.63550
-2.80500
1.51166
-3.01736
-0.67423
-1.16464
-1.76675
0.59604
-2.43892
-2.69710
-0.20805
-2.41324
-0.99615
-0.04409
-3.70999
-0.72012
-1.86770
-1.05837
-1.46078
-0.79312
-3.07122
-0.12441
-2.29399
-1.43068
-3.05946
0.10239
-2.13836
0.71742
-3.23234
-1.70344
-2.13254
-3.52263
-1.11259
-1.14746
-2.73921
-1.31048
-0.99907
-1.38568
-1.06715
-2.27039
-1.09951
-2.83823
-1.50390
-0.30111
-3.05326
-0.59245
-2.02451
-2.35214
-1.87365
-1.45502
-3.06309
-0.37903
-2.45974
-0.56706
-0.85478
-0.10049
-2.42793
-1.62661
-2.28042
-2.42958
-2.62222
-1.34503
-0.47681
-1.76784
-2.05062
-2.59727
-1.95740
-2.20390
-3.24256
-2.72427
-2.58634
-1.41365
-1.69831
-2.47560
-2.19232
-2.69028
-2.01388
-3.13687
-1.35885
-1.31597
-0.00879
-2.14507
-1.89407
-2.57186
-2.62348
-2.24113
-1.27219
-2.62487
-2.32759
-1.54939
-1.38195
-2.38754
-2.41968
-0.41710
-0.96264
-2.95966
-2.45421
-2.53299
2.44188
-1.20361
-2.70337
-1.01233
-0.76278
-2.50073
-1.87673
-2.63964
-2.44808
-1.06127
-2.11912
-2.32625
0.09643
-1.44650
-2.93311
-1.80075
-0.55026
-1.42339
-0.82834
-2.73625
-2.20549
-2.75955
-0.62079
-1.59133
-1.65452
-0.94244
-0.52494
-1.28967
-2.42536
-0.20019
-1.50314
-2.67891
-3.29996
-1.95783
-1.79357
-0.22938
1.06601
-2.92634
-1.79120
-2.22671
-1.14270
-1.35710
-2.29557
-1.59258
-0.87203
-0.48162
-1.11212
-2.25666
-3.15207
-2.89716
2.27536
-0.93787
-1.07126
-1.12997
-1.41538
-2.19965
-2.11786
-0.35191
-0.99361
-2.03022
-2.23736
-2.83953
-0.69711
-2.99111
-2.79044
-1.77340
-1.75560
-1.68780
-1.33485
-2.65350
-1.12062
-2.20056
0.09920
-0.68451
-1.12258
-2.72061
-3.53794
-2.32819
1.38246
-2.41007
-2.45690
-0.41111
-2.10731
-2.24512
-2.62125
2.01047
-0.85116
-2.19772
-0.84543
-0.43741
-2.72208
-2.29877
-1.83379
-1.96751
-1.97641
-2.40477
0.26887
-1.68966
-2.21837
-0.06995
-1.66205
-0.78469
-3.09689
-1.62243
-1.06959
-1.79222
-1.59846
-2.45093
-0.56008
-0.61801
-0.51021
-1.04709
-3.91504
-0.71877
-1.83636
-1.66817
-3.43934
-2.98996
-1.42216
-1.68117
-1.53071
-2.67078
-0.34863
-3.14017
-1.08148
-2.03495
-1.44065
-1.87626
-2.69164
-1.31068
-0.83856
-2.67957
-1.44228
-1.57102
-1.81815
-2.11904
-0.97059
-0.22868
-1.84523
-1.33279
1.48696
-1.34308
-0.96628
-2.98483
0.03365
-1.76820
-1.34310
-0.28000
-1.53338
-0.79299
-2.87116
-1.15796
-0.70451
-1.64683
-1.43738
-1.45341
-1.99424
-2.21888
-1.87164
-1.96681
-2.16647
-0.57910
-1.55428
-2.19225
-2.26881
-2.48919
-2.12813
-2.31467
-0.91665
-2.60656
-1.48287
-1.66362
-2.78748
-1.23916
-3.08388
-1.09626
