3.89497
2.28282
0.99199
-1.33642
1.42439
1.20130
-1.24143
4.44607
1.18270
4.63033
-0.46899
6.13942
1.10618
2.82780
-1.39729
2.17324
2.80268
3.18216
3.02998
0.59007
3.01937
2.33126
4.09367
0.44232
3.43303
5.95297
2.52090
2.92340
4.83024
3.19354
-1.50503
-1.02932
3.66868
0.81957
0.22689
5.98808
5.48765
3.42184
3.95603
2.93301
2.87359
2.81354
-1.93750
4.00182
1.18631
2.20516
4.61365
4.28413
0.48655
2.10065
-0.47285
3.23658
3.38388
2.54439
3.46826
2.39162
3.31851
4.02276
3.73001
-0.26247
0.93747
3.49330
3.21535
4.04577
3.25425
4.07570
4.19782
3.25553
4.00735
5.50762
1.23677
1.60207
2.41736
2.70618
-0.57866
2.38460
3.66683
-1.33484
3.36896
2.13562
0.41161
1.72111
-0.10632
1.29198
1.72187
-0.67107
-1.09303
-0.53102
5.12347
3.01100
3.03133
3.31134
3.18992
2.67021
5.27253
4.32886
3.84395
3.00443
-0.26846
0.29302
1.00404
2.40256
2.10466
2.16664
3.19018
1.76534
3.01227
1.74444
1.49303
-2.83743
2.27893
1.26225
3.83305
2.47224
2.07216
0.14142
1.69423
1.40033
6.40050
1.18660
-1.02038
3.07871
0.85640
1.86923
3.39046
2.94237
1.78105
0.26178
2.67351
2.83193
2.22371
4.49745
1.00777
5.77737
0.14982
1.61000
3.48090
0.75611
2.36519
4.72817
1.11257
-1.13220
1.14905
-0.01152
0.71516
0.16376
0.26619
5.06020
2.49372
5.61760
4.15485
2.52563
2.67971
1.55894
2.30338
2.92223
-0.33157
1.14991
3.32351
4.19431
3.07818
-0.40564
3.65008
2.33401
3.17329
4.74106
3.82674
3.87406
2.91994
3.27964
3.83509
3.70636
0.88793
0.73499
3.66544
2.30822
4.95282
-0.74770
3.42540
3.65077
1.68426
0.86361
0.54457
2.35049
-0.41347
3.64024
-0.69763
0.80976
0.73072
2.18744
1.42829
-1.54670
1.01896
3.37525
-2.66640
-2.22811
2.10698
1.77931
2.85960
3.90810
3.99343
6.57499
5.02298
5.60339
1.26341
2.92129
3.00169
0.57521
0.73672
4.10087
2.88126
3.77801
5.47617
3.14647
0.28660
1.55003
5.18113
4.41933
2.54982
5.17133
0.68793
1.60836
2.55660
4.00793
4.52262
0.20463
5.15688
0.28444
0.98386
0.95135
2.84701
2.32915
1.89564
-0.73980
3.98885
2.63995
1.38938
2.54632
1.88927
0.83744
1.67899
4.03413
4.02168
3.13978
2.17081
2.74652
0.82053
2.02566
2.09809
0.16010
1.78541
0.09505
1.25113
1.05537
6.33797
4.84695
2.26110
2.37783
2.90861
3.62746
2.21415
-0.45440
1.90487
3.38767
3.44478
1.48456
1.48526
1.89138
2.42573
1.43155
3.75464
3.64832
3.88166
0.95222
2.46811
5.25328
3.77722
3.21236
2.14419
4.18549
1.58963
3.17084
3.44357
1.33936
1.84219
3.72810
0.51911
3.28814
-0.05571
3.86511
4.71584
4.06179
2.30434
4.27983
2.25938
2.15724
4.58629
5.24183
3.44523
4.64984
5.15262
5.35099
2.49817
-2.12968
3.12837
4.26739
5.77957
6.13220
2.49191
2.24390
3.90935
3.95945
4.58229
2.94811
1.42124
2.44795
4.49796
3.56255
2.74500
2.24751
2.37881
0.88831
3.82936
5.62847
2.82815
1.58619
3.97573
-0.98160
4.70349
2.37255
3.19893
-1.30767
1.56709
2.29153
3.94755
1.02719
3.67851
0.88452
3.06849
-0.27079
2.00242
1.74969
2.68918
-0.55357
1.00830
1.67475
2.59956
