0.91325
-0.01588
-1.59635
-3.23941
-3.11731
0.44750
-0.57747
0.16144
-1.02050
-3.14086
-1.01614
-1.18819
-3.75997
-0.53126
-2.77236
0.05577
-0.57167
-1.01199
-2.96893
-1.14156
-1.25762
3.14780
-2.52503
-2.90443
-3.31296
1.09596
-1.87792
-2.19022
-2.71998
-3.50332
-0.97412
-2.14080
-2.28164
-2.83052
-1.99445
-1.52647
-2.35429
-1.24065
-2.67378
-3.26013
-1.28641
-2.06783
-2.95343
-0.73989
-2.65128
-1.93054
-1.18444
-2.75451
-2.35314
-0.80931
-2.06650
-1.55775
-2.40522
-2.94705
-2.32208
-1.49010
-2.21865
0.37907
-3.25812
-0.28037
-3.96246
-2.11169
-1.42620
-2.93986
-2.32567
-1.56519
-2.01259
-2.11262
-1.85139
-1.49693
-0.78918
-2.38239
-1.93680
-0.98983
-2.79326
-0.16352
-2.16573
-2.40531
-1.35317
-0.79769
-0.33936
0.26142
-1.53717
-1.35946
-0.21596
-2.38544
-0.81739
-3.01976
-1.96131
-1.47226
-1.93988
-2.73534
-1.70328
-2.86155
-3.05125
-2.17403
-3.54945
-2.66399
-3.20460
-0.81495
-1.43247
-1.76308
-1.46418
-1.35143
-0.40527
-1.90405
-2.84600
-2.06987
-1.61645
-1.86445
-1.60938
0.24462
-3.17758
-2.15386
-2.62475
0.10781
-1.97021
-2.99570
-1.93935
-2.15831
-2.00952
-2.96207
-2.94155
-1.05114
-1.31961
-3.30639
-2.57667
-1.93495
-1.94369
-2.86241
-2.34829
-1.81015
-2.58786
-3.82187
-0.85986
-2.22212
-1.97249
-1.42073
-2.15906
-2.02345
-1.11633
-3.12371
-2.71136
0.04970
-0.91169
-1.53514
-1.39742
0.33725
-1.49111
1.00159
-2.21985
-4.35894
-1.45440
-1.33595
-1.77455
-1.13388
-3.11314
-1.76769
-1.48546
-2.69900
-0.25353
-3.36589
-3.68770
-2.12584
-0.73357
-2.77522
-3.19864
-2.76455
-0.74924
-2.62422
-2.19049
-1.94424
-2.74063
-0.51824
-1.11667
-0.96552
-2.03894
-2.16623
-1.79429
0.13122
-0.17093
-1.34788
-2.10397
0.48261
-2.18117
-2.37972
-1.29560
-2.38444
-0.85557
-0.22556
-1.67398
-0.80768
-1.19971
-2.23153
-2.57595
-1.55883
-2.83719
-0.13191
-2.20057
1.53198
-1.78408
-2.94155
-1.30772
-2.43227
-0.97564
-1.39871
-0.73883
-0.22420
-3.13725
-0.68648
-1.39113
-2.19615
-1.58011
-2.46621
0.40894
-3.22132
-2.69333
-0.11463
-2.23836
-2.56359
-0.53617
-1.27029
-1.39109
-0.38732
-2.77930
-1.47999
-0.22928
-3.41742
-3.32899
-2.64523
-1.39996
-2.57346
-1.17437
-1.71543
-0.41870
-2.71425
-0.24383
-1.49961
-0.94049
-0.24636
-1.94013
-2.55627
2.22270
-1.52173
-0.47673
-2.91841
-3.15871
-0.20925
0.42354
-3.36359
-1.92232
-1.65496
-0.94561
-3.44726
-1.14675
-2.59136
-2.80487
-0.44079
-0.39241
-1.85235
-2.44538
-2.41121
-2.44442
-2.38019
-1.37326
-2.49903
-1.56381
-2.32971
-1.66921
-2.85332
-3.28581
-2.11482
-0.13499
-1.03955
-2.14373
-2.89311
1.47090
-1.75571
0.62546
-2.03643
-2.60079
-0.73034
-2.27643
-0.89631
-2.68767
-2.72117
-2.58885
-2.71944
-2.66526
-2.50771
-1.78211
-0.55982
-1.84899
-0.81647
-1.81664
-1.05495
-2.53197
-2.38608
-2.38601
-3.31893
-3.18240
-2.61761
-2.40729
-2.61626
-1.83702
-3.40484
-1.60587
-1.29997
-1.34457
-1.15214
-1.45967
-0.91878
-1.22746
-2.43811
-1.01879
0.76447
-2.19843
-2.69856
-1.05623
-2.00696
-1.00653
-2.15599
-0.62975
-1.20913
-1.65826
0.38292
-1.56194
-2.75234
-2.24738
-2.01821
-2.43372
-1.82678
-1.62385
-0.75392
-1.54376
-1.52699
-2.81504
-2.15211
-1.28322
-1.21506
-2.16904
0.53686
0.45207
