-1.32777
2.09789
-2.59929
-1.59788
-0.80239
-0.97207
-0.96868
-2.13911
-3.57680
-3.87151
-3.92502
-4.05161
-2.56136
-3.68862
-1.14256
-3.33420
-1.34657
-1.85233
-1.75879
-1.83161
-2.58636
-2.64258
-2.43965
-4.28395
-2.00071
-3.48812
-3.49016
-3.86163
-3.63131
-2.36249
-4.04858
-2.87347
-2.90918
-3.63431
-1.11028
-1.81993
-3.57528
-2.22985
-3.85981
-4.46733
-4.35167
-4.42905
-2.67095
-2.55719
-4.23753
-4.28480
-3.58779
-3.07464
-3.87922
-3.83437
-0.82379
-3.01717
-1.89907
-2.41329
-3.63128
-3.99343
-0.59261
-2.32383
-1.19815
-1.74574
-1.69644
-3.37959
-2.63363
-2.19067
-2.77628
-2.22316
-0.19689
-0.70733
-0.55692
-3.89808
-2.16358
-0.79089
0.08447
-2.23178
-1.35635
-2.74301
-1.46482
-3.41441
-3.34813
-3.88246
-2.50680
-1.78467
-2.65268
-1.49610
-3.38881
-3.32799
-3.45074
-2.83287
-3.30000
-3.65603
-4.27893
-2.51585
-1.72643
-3.93382
-2.00496
-3.48214
-2.78197
-2.39555
-2.43215
-2.77102
-3.59342
-3.79459
-3.32219
-3.24653
-2.34107
-3.91803
-3.68688
-3.29197
-2.69123
-2.67070
-3.83441
-2.99260
-3.76836
-2.86799
-3.51090
-3.45990
-4.19776
-1.84877
-1.52081
-3.31189
-3.06237
-3.55226
-3.44070
-3.17637
-3.58301
-3.25165
-2.39519
-3.35263
-2.38263
-3.46367
-2.56597
-3.87701
-3.27453
-4.36242
-2.73330
-3.77525
-2.89146
-3.33127
-3.52281
-2.49287
-3.22638
-3.15835
-2.18086
-1.43538
-1.95378
-1.23987
-2.96179
-3.08913
-3.62966
-2.96023
-3.05650
-2.39899
0.92742
-1.80037
-0.42770
-2.53779
-3.52753
-3.29493
-3.44201
-1.89536
-3.17330
-3.08863
-4.29883
-2.48559
-3.48314
-1.29476
-2.48440
-2.86181
-2.04109
-2.23156
-4.65610
-3.46163
-3.93393
-2.80718
-4.05244
-1.65684
