-1.32814
-3.65114
-1.32777
-2.34429
-3.06765
-3.43305
-2.19948
-2.27750
-1.83008
-2.34515
-1.25895
-2.46354
-2.63119
-2.10883
-0.41364
-3.42860
-2.31231
2.09789
-3.97381
-2.59929
-3.16812
-2.40316
-1.59788
-4.19838
-2.35581
-3.66840
-1.18515
-0.80239
-3.25769
-0.14349
-2.63611
-1.93246
-1.66689
-3.35771
-3.46709
-0.97207
-2.72271
-3.30144
-0.96868
-1.79458
-2.64097
-3.09009
-2.13911
-2.74920
-2.44165
-3.57680
-3.44160
-2.83152
-3.24692
-0.65330
-2.71574
-3.34634
-2.43712
-2.33491
-3.87151
-3.92502
-2.91858
-2.27032
-3.08074
-2.12397
-1.42159
-3.30417
-4.25345
-4.05161
-2.56136
-2.31071
-2.45322
-3.00138
-1.44125
-2.57214
-1.15660
-2.81288
-3.54173
-3.68862
-3.09617
-2.20850
-0.50849
-3.74040
-2.72721
-2.63100
-3.65077
-2.52324
-0.25392
0.87826
-1.14256
-0.21317
-2.75182
-2.92438
-1.62322
-3.33420
-1.94914
-0.51153
-3.72064
-1.34657
-2.07495
-1.85233
-1.15754
-4.51706
-1.94010
-1.33669
-3.91906
-1.75879
-2.94477
-0.76710
-4.07825
-3.26989
-1.95672
-3.56448
-1.83161
-2.50201
-3.87110
-2.58636
-2.18155
-2.64258
-1.22814
-2.52604
-2.48760
-1.95965
-0.94943
-1.88232
-2.29118
-2.14385
-2.14121
0.31426
-1.89468
-3.28159
-2.43965
-1.79476
-2.21662
-2.52331
-4.28395
-2.46243
-2.00071
-2.45455
-3.76826
-2.08730
-2.13448
-1.96838
-3.48812
-4.41184
-3.49016
-3.76984
-0.45966
-3.26823
-2.04609
-3.31681
-0.75276
-2.40264
-2.72797
-3.86163
-1.16929
-4.03745
-3.34564
-3.63131
-2.36249
-2.22654
-2.74872
0.03259
-1.49712
-2.42617
-4.04858
-2.67580
-2.87347
-1.37401
-3.01419
-0.88193
-2.65819
-3.10104
-1.68067
-1.69036
-2.82591
0.17896
-2.34157
-2.90918
-3.54221
-2.89516
-0.24293
-2.16350
-2.00454
-0.87300
-3.63431
-2.92216
-2.61575
-2.63510
-0.30543
-2.80886
-1.11028
-1.78951
-0.96553
-4.04527
-1.81993
-3.37913
-2.54525
-3.19348
-2.11768
-3.46581
-2.61043
-3.57528
-3.48046
-2.16926
-1.58345
-3.31317
1.70509
-3.03036
-2.93773
0.11067
-2.46841
-2.22985
-2.74398
-4.60375
-3.85981
-1.84023
-2.82400
-2.34282
-3.37603
-4.46733
-4.35167
-3.54280
-2.84305
-2.08052
-0.57999
-2.68173
-2.75188
-2.60670
-2.04510
-2.59514
-2.28474
-3.45992
-4.42905
-2.67095
-3.59670
-2.32568
-2.55719
-3.56183
-0.25600
-2.31242
-2.01939
-2.75465
-3.08606
-4.23753
-4.28480
-2.12226
-3.10611
-3.20202
-2.03976
-1.77007
-2.86669
-3.13009
-0.60788
-3.15235
-1.62812
-1.69135
-3.38039
-3.58779
-2.17678
-2.30220
-3.34755
-2.17648
-2.68286
-3.07464
-3.87922
-2.33205
-2.14136
-2.96993
-3.83437
-3.32837
-1.71635
0.18370
-3.19278
-1.87711
-2.49647
-1.91961
-2.64928
-0.82379
-3.14213
-0.56115
-3.60465
-2.96668
-3.01717
-2.76042
-3.60728
-0.97688
-4.08261
-0.77122
-3.52040
-2.54191
-1.99896
-1.89907
-4.37075
-3.64050
-2.41329
-2.35284
-2.66058
-3.73012
-3.82976
-3.44186
-3.63128
-4.27386
-3.99343
-3.12704
-3.57092
-0.78443
-1.93973
-0.80982
-3.29051
-0.59261
-3.14734
-2.33886
-2.31642
-3.37534
-2.32383
-2.07183
-1.44526
-1.44875
-2.73778
-2.08394
-1.19815
-3.15512
-1.74574
-2.57017
-1.60477
-3.36173
-1.69644
-2.54503
-3.37959
-3.30216
-2.09784
-1.62118
-1.89808
-0.54077
-3.26533
-2.47180
-2.00513
-1.63036
-1.90740
-2.75884
-3.63861
-2.63363
-1.75933
-2.73941
-0.82318
-3.37298
-1.43577
-1.84889
0.09513
-2.93292
0.05121
-1.74557
-2.19067
-1.48141
-2.77628
-1.23495
-2.22316
-2.49541
-2.96480
-2.85751
-2.71285
-2.66187
-0.19689
-2.60132
-2.57562
-3.04056
-0.70733
-2.57015
-2.35009
-3.08512
-2.53617
-2.80320
-3.29842
-0.55692
-3.28414
-2.35173
-1.00773
-2.27400
-0.41985
-2.26719
-2.47729
-3.39493
0.83466
-2.52982
-3.89808
-2.49049
-1.11360
-2.16358
-3.69253
-1.94444
-1.86129
-2.61398
-3.04252
-0.79089
-1.91584
-2.60667
-1.61187
-2.09011
0.08447
-2.23178
-3.58260
-1.09640
-2.56815
-3.45975
-1.37689
-3.17391
-1.35635
-2.74301
-2.98464
-1.75554
-1.85452
-2.34654
-1.98058
-2.10199
-1.08938
-3.03338
-2.68494
-1.46482
-3.21154
-3.16504
-2.62168
-2.29116
-2.06130
-2.18772
-3.41441
-3.65193
-3.01885
-3.34813
-2.11552
-2.66725
-2.65060
-2.93844
-3.13760
-3.12138
-3.88246
-3.95886
-1.43547
-2.48888
-2.63101
-0.73860
-3.47069
-1.78438
-2.40192
-1.05941
-2.50680
-0.40237
-1.38433
-2.91689
-0.79435
-1.78467
-2.65268
-3.30258
-1.55399
-2.57395
-0.88985
-2.30875
-3.39431
-2.85220
-1.49610
-3.58712
-2.30724
-3.38881
-1.24526
-2.85514
-0.93638
-1.86890
-1.91779
-2.14896
-2.21695
-2.11077
-3.32799
-2.90103
-3.45074
-1.38746
-3.21662
-0.83511
-3.16412
-1.74690
-1.71903
-1.93081
-2.83287
-1.84190
-2.21634
-3.00299
-1.14174
-1.81677
-2.52015
-3.30000
-4.07163
-3.65603
1.70019
-2.38039
-0.26958
-1.16234
-1.08399
-1.67312
-2.90293
-3.20371
-4.27893
-1.98598
-2.89658
-1.82914
-1.72418
-3.27780
-3.54309
-2.51585
-2.41271
-1.78618
-1.77258
-2.80624
-3.70156
-1.72643
-1.99967
-2.66792
-3.20710
-1.58654
-3.00410
-2.39405
-1.92857
-2.65752
-3.93382
-3.47631
-2.76795
-2.00496
-4.02508
-3.10753
-3.48214
-2.16123
-2.78197
-2.47525
-2.96532
-2.00731
-3.73481
-2.67705
-2.39555
-4.24051
-2.30632
-3.23495
-2.56748
-1.09060
-2.43215
-2.18563
-2.90087
-2.96009
-2.24433
-3.07394
-2.92322
-1.31526
-1.21552
-2.62866
-1.91225
-2.77102
-1.56352
-3.42142
-0.10140
-3.59342
-1.66889
-2.08002
-2.55318
0.08297
-1.12093
-1.25406
-3.79459
-2.42160
-1.99635
-3.16101
-3.01983
-3.32219
-2.36389
-3.27473
-2.80130
-3.24653
-0.73932
-0.53616
-2.34107
-3.24375
-1.82800
-2.96701
-2.19873
-3.91803
-1.55205
-3.21090
-2.66958
-2.26203
-3.68688
-3.08737
-3.22006
-3.72179
-2.24053
-2.19035
-3.21353
-1.19245
-1.14552
-1.93672
-2.42370
-3.29197
-1.05839
-2.69123
-2.75058
-1.25841
-2.85151
-2.39910
-1.20418
-3.29506
-2.35449
-3.39203
-2.67070
-1.59302
-1.66489
-3.48448
-3.30978
-2.56715
-2.15183
-1.96970
-0.31734
-2.83907
-2.62087
-3.17274
-3.83441
-1.85816
-0.61926
-2.17192
-3.07715
-2.61130
-0.81508
-0.82621
-1.90208
-1.24868
-3.32152
-2.31611
-2.47497
-1.47330
-2.99260
-2.98752
-3.76836
-2.68742
-2.44993
-3.65422
-1.95117
-1.73528
-2.90089
-2.93540
-2.86799
-3.39603
-3.51090
-3.45990
-1.39332
-2.43169
-0.06039
-2.54165
-2.54982
-1.13310
-2.16603
-2.41180
-4.32372
-4.19776
-1.84877
-1.81866
-2.11019
-1.71480
-2.83695
-2.07557
-1.69711
0.04958
-3.49038
-1.52081
-1.11753
-1.32482
-3.60094
-3.31189
-2.41223
-2.25328
-1.46570
-2.85116
-0.44385
-2.79589
-1.29957
-0.41937
-3.28509
-3.06237
-2.10466
-3.73235
-3.55226
-2.67120
-1.43311
-3.35259
-1.91311
-2.10943
-3.44070
-2.71139
-3.78917
-3.17637
-2.73092
-3.91497
-3.58301
-3.25165
-3.28700
-2.48945
-0.68094
-1.07250
-2.18159
-1.49887
-2.49545
-1.57684
-1.50757
-1.29032
-2.33160
-3.33237
-2.39519
-2.45985
-2.31513
-2.18052
-1.26734
-3.25155
-2.25569
-4.32891
-3.35263
-2.80471
-1.14205
-4.76105
-2.38263
-3.06537
-1.30546
-3.60055
-3.46367
-1.40028
-3.62138
-2.56597
-2.27964
2.08098
-1.19098
-0.57582
-0.42384
-4.73820
-4.41913
-2.33532
-3.87701
-1.67674
-1.74270
-3.62268
-1.52430
0.36163
-3.35731
-3.27453
-3.51347
-4.36242
-2.86288
-3.26983
-2.02083
-2.65613
-0.74279
-0.89973
-0.11736
-1.50668
-1.88178
-1.20911
-2.63493
-0.47816
-2.56583
-1.96073
-2.92534
-2.02128
-3.29643
-2.73330
-3.77525
-2.89146
-0.18650
-2.00563
-2.82438
-0.96574
-0.78684
-1.07166
-3.33127
-3.61384
-1.76655
-0.22346
-2.32899
-3.52281
-2.87863
-1.72197
-2.35252
-2.23167
-2.49287
-2.98809
-1.68308
-3.22638
-2.06774
-3.15299
-2.32346
-2.60536
-3.15835
-4.01605
-0.97930
-1.43004
-2.57411
-2.42208
-2.18086
-1.20150
-2.83594
-0.91947
-1.79957
-1.95481
-2.83192
-1.44842
-2.53751
-1.43538
-2.81508
-2.90854
-3.34205
-3.56032
-1.95378
-2.90511
-1.60777
-3.27417
-1.23987
-2.03659
-2.22560
-0.93917
-3.22699
-2.09021
-2.31399
-2.77492
-2.96179
-3.73089
-1.96547
-2.34895
-3.00442
-1.50361
-2.15330
-2.92786
-2.45468
-2.42362
-0.62076
-3.50198
-3.08913
-3.62966
-3.28146
-0.37073
0.54561
-1.29009
-2.48414
-1.50914
-0.17357
-3.38626
-0.24189
-2.68372
-1.82198
-3.97382
-2.52491
-2.19331
-1.97889
-2.19624
-2.96023
-3.40602
-3.05650
-2.39899
1.78150
-0.58083
3.03458
-4.50715
-4.61827
-1.15502
-1.53571
-3.27765
-4.79800
-1.39777
-3.87446
-3.43015
-0.63623
-1.85795
0.92742
-3.54717
-3.30066
-1.24988
-2.73207
-0.90943
-0.49742
-2.85628
-0.92680
-0.28170
-0.27127
-1.80037
-2.94064
-2.32920
-0.42770
-3.78963
-2.53779
-3.52753
-3.62381
-2.49311
-2.50800
-3.43181
-2.09882
-2.76162
-3.29493
-3.44201
-3.65745
-3.65560
-3.25171
-2.96418
-1.64853
-2.34648
-2.48819
-2.18222
-3.82475
-4.20871
-3.70766
-1.89536
-3.31375
-3.82773
-2.86417
-1.27088
-3.69434
-2.67551
-0.92363
-1.86035
-2.37911
-2.14961
1.16803
-2.04730
-3.66321
-3.17330
-3.08863
-2.88275
-2.58392
-2.85995
-1.59541
-3.59668
-3.03673
-0.97218
-2.37659
-3.27283
-2.69042
-4.29883
-2.48559
-3.48314
-4.79190
-4.10323
-4.06617
-2.63174
-1.21914
-0.73590
0.68954
-0.00554
-0.10046
-2.16980
-2.21507
-1.05196
-2.82192
-1.29476
-2.28446
-0.91416
-4.62025
-2.48440
-1.08414
-2.61497
-2.45616
-2.86181
-2.76963
-0.19495
-1.70158
-2.15234
-2.55009
-3.80269
-2.04109
-3.42022
-2.05780
-3.73818
-2.23156
-3.88001
-0.46327
-2.68677
-0.96291
-2.29119
-4.65610
-4.09940
-1.96341
-3.46163
1.40409
-1.96817
-3.93393
-3.00926
-2.10300
-3.50939
-2.39879
-2.47904
1.50981
-1.91223
-2.03031
-2.58089
-2.80718
-2.86460
-2.42922
-1.83422
-2.58683
0.90301
-3.22444
-4.05244
-2.84198
1.06681
-2.72452
-0.94951
-2.85644
-1.65684
