1.14758
2.06149
1.99472
3.37915
7.34874
7.03816
9.77545
3.59756
7.97452
1.44438
4.84907
1.07076
6.51302
7.93031
3.36430
1.75094
3.04937
1.21440
4.49782
3.51978
7.28902
3.77526
6.51868
7.34019
0.11516
3.08152
0.35351
5.59491
7.02808
4.43514
3.90312
4.96120
1.38436
7.71828
-0.63869
4.86932
-0.78111
3.32148
3.69475
6.56189
7.90437
7.14442
8.44386
5.09742
8.38454
6.64028
2.25544
6.88190
2.64582
0.37389
5.93773
4.81447
9.17453
1.48076
3.43851
3.35898
6.66573
4.67825
5.13898
7.39878
2.57443
5.47934
1.79485
1.78847
-2.10097
0.08538
-0.31918
-0.32355
3.69256
-0.16668
3.22419
6.39635
0.14495
-0.20060
-0.57390
-1.91747
-1.08092
0.47585
3.57316
-0.58711
6.07625
-2.54111
1.70158
-0.59399
4.61622
0.42851
2.06272
2.13139
3.32681
3.52409
6.75289
2.85805
3.37519
1.10072
1.52938
-1.29450
0.88631
8.95047
3.75798
1.12861
3.13216
7.80371
1.63353
4.96911
5.39290
3.87602
2.18472
2.06407
-1.63015
-2.41901
0.10224
-0.65469
-0.22173
-0.04868
-1.81749
-1.65291
-1.73298
-1.14246
1.92411
0.99352
2.82169
0.80154
4.21995
1.12339
4.51515
2.14225
1.32660
0.85552
2.73287
3.32577
10.35836
3.94851
3.22165
3.19209
3.12465
2.84013
7.21027
8.54318
3.12105
4.93554
4.25389
4.87858
7.55752
6.54675
7.43712
10.35836
10.35836
3.24081
-0.62463
1.04211
2.45126
2.82042
-3.81694
3.80321
-0.99883
-2.20956
0.55441
1.15795
1.41551
-0.77071
1.74996
3.83784
3.84026
6.09068
-0.95859
-1.29172
-1.48597
-2.34388
-0.64112
0.58710
-0.53857
-1.12773
2.80943
1.70443
-1.12082
-0.30433
3.63549
1.44559
4.55619
1.54788
0.62930
0.65824
-0.54037
3.70400
5.96563
6.05576
-0.20397
0.18242
10.35836
6.53299
4.94066
-0.25347
4.35787
-0.57368
7.56583
4.28987
-0.94726
1.11173
-0.08088
6.22291
