-2.88057
-2.26310
-3.10971
-4.10519
-3.24537
-2.87992
-2.23609
-3.45869
-3.12012
-3.17525
-3.88240
-1.30162
0.07168
-4.40639
-2.25965
-3.14588
-2.78344
-3.29736
-3.40889
-3.23538
-3.00246
-3.04908
-3.57294
-3.19043
-3.09660
-1.45321
-2.37787
-2.68801
-2.14393
-2.09693
-4.62721
-3.60212
-4.52489
-3.60224
-4.28210
-1.74824
-2.82521
-2.76582
-2.75439
-2.55593
-3.31589
-4.87966
-3.06536
-2.38266
-4.67133
-2.70609
-1.92163
-2.74863
-3.68334
-4.28128
-3.60033
-1.98933
-3.43071
-1.09732
-2.72218
-3.09488
-3.68449
-3.86380
-1.91075
-3.01616
-2.83628
-3.42115
-3.58400
-2.90873
-2.44546
-3.48412
-3.21497
-2.36056
-3.32087
-3.54629
-4.38674
-3.53657
-3.55417
-3.83639
-2.26734
-3.27791
-3.64787
-1.90426
-1.68843
-2.07849
-3.78928
-4.15554
-3.96587
-2.79101
-2.70516
-2.12667
-5.04558
-2.70676
-1.06856
-3.37668
-3.95760
-2.92378
-1.16257
-3.84595
-3.07444
-3.34644
-4.02742
-1.92994
-0.17750
-4.34507
-3.08521
-3.40523
-2.20926
-3.86065
-3.93536
-2.75362
-2.88025
-2.49243
-3.58227
-3.76477
-1.23754
-3.09055
-4.15358
-2.60316
-1.75194
-1.47320
-2.96596
-3.17635
-2.19924
-2.64882
-4.26643
-3.55367
-3.81970
-3.19673
-3.72462
-4.84526
-3.11849
-3.84066
-4.60093
-2.21059
-4.11323
-3.07118
-2.20000
-4.06158
-2.23465
-3.19195
-0.95962
-1.67832
-3.11382
-3.10660
-2.78059
-5.85624
-2.61972
-2.71472
-2.88984
-2.34145
-3.12611
-2.53512
-1.94248
-3.62985
-3.96896
-3.44295
-3.20459
-3.49244
-2.96444
-4.21671
-1.99753
-3.36760
-1.48503
-4.45797
-3.17157
-2.53800
-3.64445
-0.82118
-2.56566
-4.19871
-0.83135
-1.42724
-1.67008
-3.53313
-3.84353
-2.96025
-2.49271
-3.61625
-2.62742
-3.78927
-2.16828
-4.59915
-4.35895
-3.13250
-3.72518
-3.00333
-3.47032
-3.74991
-2.34435
-1.07664
-2.55034
-5.06343
-2.33601
-2.41647
-1.78825
