4.10112
8.11569
3.28214
3.21348
5.65721
4.49700
6.39566
6.22227
6.62000
2.85272
5.22910
3.14432
2.81268
1.50334
2.88818
5.43392
3.50223
2.29771
3.19655
7.48108
1.18974
5.46542
6.70529
4.48081
8.11569
6.02137
5.03108
6.69053
1.00831
4.01876
6.27030
3.14866
1.05022
4.77799
5.64407
2.37923
2.72642
2.21465
5.51929
2.81037
5.28259
4.66372
4.79130
1.77926
4.24714
5.75435
7.47637
2.73535
4.71301
5.02829
3.93453
3.62400
5.78404
3.14801
5.36135
5.13129
4.99734
4.85839
3.58164
2.57272
0.93856
2.52747
4.79970
6.07356
3.11651
6.46782
2.75576
4.34114
5.18269
5.46876
2.97444
5.54282
5.85939
3.77942
3.36255
1.13736
2.71589
1.89314
3.44278
1.53905
4.37746
-0.99055
3.92990
6.02275
6.38866
3.07950
5.17802
6.53486
5.86064
6.72122
4.01667
6.44097
1.62292
-0.28927
3.66705
4.56565
-1.30688
5.84553
3.73401
6.29008
2.29818
3.44521
-2.02766
5.36406
5.52480
2.74699
2.27865
5.77116
0.48218
3.50384
2.46838
1.17018
2.70358
6.97167
3.35668
5.31153
2.01219
3.87464
3.72520
4.96246
4.21138
5.92320
2.51713
5.97115
3.51900
4.84488
1.45932
3.59065
2.90270
3.50411
4.47275
4.73346
5.49345
5.41423
2.81737
4.36230
7.36192
4.26049
3.27665
5.57467
6.21017
2.99837
3.36478
4.78588
7.02463
2.29216
2.73831
6.41899
6.03970
4.99245
7.86035
1.39152
1.98126
6.16021
6.73793
3.60568
6.22217
8.11569
3.23335
6.05762
3.82035
5.36819
5.92698
2.02938
4.42365
1.87429
4.86774
4.36222
3.10634
2.98531
4.28983
3.60487
3.38794
6.56546
1.52448
0.41069
4.31441
2.46945
4.75316
3.90413
3.01576
2.69316
5.66709
4.56557
8.11569
6.12359
1.57448
7.79410
1.95848
1.03917
6.06378
4.64162
5.84470
4.65156
6.67038
3.41591
2.81843
6.35956
0.22137
1.72874
