0.23501
-2.68590
-2.69604
0.18812
-4.96974
-2.88057
-1.70828
-2.37348
-1.52375
-2.82708
-2.26310
-5.27889
-3.10971
-4.10519
-2.57291
-1.90754
0.07762
-0.76113
-1.79570
-3.88648
-3.24537
-4.45582
-2.87992
-0.72994
-2.08961
-2.67288
-2.88866
-3.63628
-1.23934
-3.09869
-0.17221
-2.34620
-2.23609
-2.46639
-3.45869
-2.62668
-1.87154
-2.09943
-2.52273
-2.42577
-2.27365
-1.42803
-1.76111
-2.60779
-2.44375
-3.12012
-3.90648
-3.17525
-1.69642
-0.22917
-1.91544
-2.77263
-1.24180
-2.33661
-3.88240
-5.15708
-1.30162
-1.13741
-0.86837
-2.49417
-1.76730
-1.91633
-3.15553
-4.50663
0.07168
-0.46257
-1.81850
-0.42294
-1.69696
-4.40639
-0.45072
-2.23119
-1.14674
-1.52268
-1.94487
-3.71139
-2.25965
-3.04342
-3.02265
-3.14588
-2.47669
-2.79253
-2.78344
-1.54467
-2.00303
-2.12030
-4.34062
-2.33866
-2.67202
-2.63143
-3.29736
-4.15353
-3.40889
-4.24721
-2.32919
-3.23538
-3.49181
-3.22559
-0.27521
1.19656
-4.03807
-3.00246
-4.09766
-4.04562
-3.04908
-2.15163
-0.57661
-2.97351
-3.30763
-2.34909
-3.57294
-3.91728
-3.19043
-2.29778
-1.09359
-2.03645
-1.43616
-2.23542
-2.34246
-3.14842
-4.08794
-3.09660
-0.36410
-0.51273
-2.23688
-3.23721
-2.53697
-1.45321
-2.21125
-2.01203
-1.32911
-2.88979
-3.18659
-3.72576
-2.37787
-3.29646
-2.68801
-2.46074
-1.15844
-2.07051
-0.95626
-2.25348
-0.93341
-2.36840
-1.52407
-2.70104
-2.14393
-1.82117
-2.09693
-1.01051
-1.47214
-1.84927
-3.23407
-4.62721
-4.94223
-2.05524
-2.93195
-3.60212
-2.60687
-2.64850
-4.52489
-1.88899
0.09122
-1.70465
-2.37645
-3.60224
-3.29970
-1.34070
-2.92145
-2.06677
0.65331
-1.06365
-2.04909
-3.21654
-1.68077
-1.04489
-1.14079
-1.66075
-2.70210
-4.28210
-1.74824
-0.89989
-1.79033
-3.88371
-2.82521
-2.19300
-0.71493
-1.79420
-1.22632
-3.53977
-2.76582
-1.52410
-3.63724
-2.75439
-1.72838
-1.67022
-1.42357
-1.46537
-1.52035
-0.47085
-4.52183
-2.55593
-1.24932
-0.29824
-3.24728
-1.97804
-3.31589
-3.42571
0.17855
-2.80093
-1.82124
-1.69861
-2.51051
-1.53882
-2.21990
-1.74143
-1.49610
-4.87966
-3.06536
-1.75063
0.21158
-2.87397
-0.36134
-2.38266
-1.71255
-0.33974
-2.03086
-1.87885
-1.62801
-4.67133
-0.81736
-1.88028
-3.24739
-3.34464
-2.70609
-1.91738
-0.74009
-2.28108
-2.73496
-3.95112
-1.92163
-1.19347
-2.09271
-2.77323
-1.56664
-2.33020
-2.53650
-2.74863
-3.62931
-3.95184
-3.68334
-1.61398
-1.81678
-2.65004
-1.56314
-1.37547
-4.28128
-3.60033
-1.98602
-0.85687
-1.60878
-0.67448
-1.40328
-2.69635
-3.14743
-1.98933
-1.49470
-1.89990
-2.26540
-2.02408
-3.43071
-2.29225
-1.66016
-3.82020
-1.09732
-4.16786
-3.55808
-2.72218
-1.74446
-1.82368
-2.49201
-3.09488
-1.41910
-1.36388
-0.21360
-2.50021
-4.23131
-3.68449
-2.08598
-4.11872
-3.86380
-2.31117
-2.20091
-1.15581
-2.33560
-0.81617
-1.54475
-2.33165
-1.14639
-2.56688
-1.91075
-1.16443
-1.96749
-1.71961
-1.81061
-0.46793
-0.95541
-2.88876
-1.97686
-3.01616
-2.83628
-2.40595
-1.65178
-0.01391
-2.97640
-2.20708
-2.62297
-1.97346
-3.42115
-3.88783
-1.99046
-3.58400
-2.78301
-2.15142
-2.66426
-2.20788
-2.90873
-2.99966
-2.46546
-3.06475
-2.44546
-4.36588
-3.48412
-2.55523
0.09002
-2.41490
-1.87869
-2.01697
-0.34658
-2.47268
-2.53079
-2.41179
-3.90831
-3.19849
-3.21497
-1.47586
-3.11474
-2.88567
-2.36056
-3.44441
-4.55583
-3.32087
-1.45120
-1.37094
-2.47218
-2.52209
-0.85844
-3.54629
-2.52959
-0.93329
-0.76701
-3.04099
-2.98055
-1.86814
-0.50649
-0.89616
-2.23344
-4.38674
-3.53657
-2.24167
-0.11457
-2.15771
-2.38177
-2.54501
-2.22862
-3.60097
-3.55417
-2.77833
-2.75564
-3.83639
-2.74462
-3.89203
-2.26734
-3.57668
-1.18947
-2.24877
-2.59481
-3.65515
-3.27791
-2.32413
-0.97706
-2.94532
-3.21346
-3.64787
-1.30698
-0.05132
-0.30938
-4.10353
-3.13623
-0.80014
-3.55823
-1.90426
-1.68843
-1.10253
-2.01722
-3.50858
-0.97408
-0.47762
1.05453
-2.44016
-1.67787
-2.99467
-1.60168
-3.18839
-3.58613
-2.07849
-2.85993
-3.78928
-4.19583
-2.51371
-1.64267
-2.00619
-2.63671
-4.15554
-3.70834
-2.02040
-1.65865
-2.43262
-2.32186
-3.96587
-2.79101
-3.08757
-0.69002
-1.00324
-0.14122
-1.38225
-2.93829
-2.70516
-3.02499
-0.72667
-1.80903
-3.12215
-3.22152
-2.35301
-1.09151
-2.12667
-1.92968
-1.44386
-5.04558
-2.65236
-2.70676
-4.36062
-2.54343
-2.07077
-3.86418
-2.27967
-1.06856
-2.27847
-1.22498
0.37263
-0.81735
0.12900
-3.00199
-3.37668
-2.38013
-2.61610
-0.36428
-0.96604
-3.95760
-3.09076
-2.92378
-1.16257
-1.68355
-3.05659
-1.20197
-0.50310
-0.94745
-2.32894
-1.07896
-3.57918
-3.84595
-2.02903
-1.58352
-0.15315
-0.77753
-2.75912
-3.43007
-1.59966
-3.07444
-3.51908
-0.72972
-3.95053
-3.34644
-2.84806
-3.14448
-2.22692
-1.67864
-0.42558
-4.02742
-2.32367
0.32767
-2.27844
-2.37351
-0.51525
-3.04381
-3.78345
-1.92994
-1.84122
-3.36992
-0.17750
-4.34507
-3.63044
-3.08521
-1.91332
-0.77554
-1.64576
-1.75385
-1.12983
-1.47882
-2.62410
-2.07616
-3.40523
-2.30880
-1.13736
-2.53341
-1.88065
-0.96512
-2.95025
-3.39672
-0.20657
-2.20926
-2.13659
-3.86065
-3.63794
-3.93536
-2.33761
-0.04141
-0.96392
-1.81801
-1.67405
-0.98404
-0.58191
-2.78318
-1.46753
-0.72880
-1.92567
-4.78227
-2.75362
-5.04226
-2.88025
-1.88330
-0.72341
-2.88000
-1.99565
-2.49243
-1.79901
-1.73723
-3.58227
-1.84111
-1.51044
-0.88157
-2.98418
-1.30796
-0.23199
-1.11888
-0.42536
-2.67613
-3.76477
-2.57845
-1.23754
-3.33373
-3.11676
-3.09055
-3.51464
-0.91259
-0.26525
-1.26259
-1.96158
-2.77118
-3.80521
-4.15358
-2.41954
-2.28926
-2.31310
0.27979
-1.57225
-2.60316
-2.63464
-2.81894
-1.75194
-1.94548
-2.48251
-1.69625
-2.90936
-2.24576
-1.47320
-1.88183
-1.62931
-3.19087
-2.46581
-1.65186
-0.79727
-1.32604
-1.93243
-4.98531
-2.23613
-2.96596
-3.30163
-3.17635
-1.20624
-1.31408
-4.89556
-2.19924
-3.07785
-2.61968
-3.68917
-2.64882
-1.51468
-2.56220
0.07605
-0.82919
-1.89426
-2.07050
-2.91915
-4.26643
-3.55367
-1.08666
-1.65367
-1.37153
-1.41543
-0.46367
0.39682
-2.24833
-2.62850
-2.64702
-1.72699
-1.96377
-3.81970
-2.75518
-3.19673
-2.33962
0.16936
-2.90128
-1.91929
-0.94154
-2.30508
-1.87914
-1.84918
-2.01708
-3.72462
-4.84526
-2.98400
-3.11849
-2.08372
-2.85941
-3.08816
-1.23430
-3.84066
-2.73389
-1.99959
-4.60093
-2.57115
-1.81954
-3.03917
-2.21059
-1.73359
-0.74016
-3.72315
-1.41268
-1.88748
-2.80170
-1.41823
-1.25530
-4.11323
-2.43788
-3.07118
-3.07384
-0.08388
-0.88834
-2.63131
-1.58380
-2.31169
-2.74444
-1.69339
-3.05901
-3.62544
-2.20000
-3.19367
-4.06158
-3.37008
-2.23465
-2.62991
-1.06290
-3.19195
-2.41490
-1.55767
-1.71825
-3.47077
-0.04153
-2.89471
-3.22958
-2.80684
-3.59235
-1.92864
-0.95962
-0.58285
-2.13779
-2.01097
-4.16044
-1.67832
-3.11382
-2.38501
-2.20101
-2.12410
1.58334
-1.60799
-3.10660
-2.30297
-0.26457
-2.14731
-3.28181
-0.82510
-0.11049
-1.62490
-2.35036
-2.03046
-1.56784
-2.78059
-2.61782
-5.85624
-2.61972
-3.37367
-2.94536
-2.71472
-0.85139
-2.25162
-1.69066
-0.83529
-2.50751
-0.94176
-0.62892
-1.36020
-3.59289
-2.88984
-1.99297
-1.40313
-1.53573
-1.78147
-2.82321
-1.77987
-2.34145
-1.55623
-3.18785
-1.38412
-4.11975
-3.12611
-1.78504
-2.31293
-2.36456
-2.53512
-2.94459
-1.94248
-2.53034
-2.33389
-1.51257
-0.90215
-3.02483
-3.62985
-2.91208
-2.00690
-3.96896
-3.27004
-4.00675
-3.44295
-2.33661
-1.63182
-2.02150
-3.16710
-0.96815
0.23180
-1.23391
-3.32375
-1.24788
-2.77101
-4.12030
-3.20459
-2.65209
0.03711
-1.43473
-3.49244
-2.66897
-1.41830
-1.55314
-1.79202
-0.11870
-0.18973
-2.62441
-1.92744
-3.79477
-2.96444
-2.62970
-2.15103
-4.21671
-1.09862
-2.33244
-3.22533
-1.62458
-1.99753
-2.72916
-3.23525
-3.36760
-1.39472
-2.40107
-3.15398
-2.48169
-0.61359
-2.94186
-5.03853
-1.48503
-3.23876
-1.96064
-2.55462
-2.11198
-1.83155
-1.35132
-4.21545
-4.45797
-3.17157
-1.55360
0.61537
-1.41989
-2.28654
-0.48419
-2.53800
-3.03708
-0.44593
-1.06983
-2.08197
-3.64445
-0.81673
-2.16112
-2.95117
-1.38422
-0.80807
-1.25634
-1.91988
-3.66069
-0.82118
-2.56566
-3.82815
-1.01412
-2.08763
-1.66674
-2.46577
-1.70717
-2.30848
-4.19871
-0.83135
-1.14385
-3.22783
-1.42724
-2.97674
-0.83819
-3.01361
-1.67008
-3.00255
-1.17494
-1.94655
-2.39315
-3.71889
-0.10620
-2.15851
-3.53313
-1.75902
-1.81800
-2.53680
-0.37813
-0.37334
-1.42008
-2.54885
-2.34666
-0.62761
-2.42552
-0.50096
-3.84353
-1.65903
-1.77528
-3.87371
-0.47450
-3.87851
-2.96025
-0.90365
-3.43711
-2.49271
-4.00919
-3.00112
-3.61625
-1.40552
-0.69172
-0.84506
-3.93773
-2.62742
-2.18528
-2.08567
-2.05124
-3.01663
-0.88270
1.34011
-1.25072
-2.16196
-1.95193
-1.73011
-3.78927
-3.53821
-2.57903
-2.16828
-2.55441
-2.04358
0.03503
-1.95730
-2.44432
-2.75456
-1.83829
-1.12966
-0.52309
-2.20475
-4.59915
-3.23628
-2.49833
-0.90835
-4.35895
-3.13250
-2.67655
-1.38977
-1.39514
-2.78910
-3.11558
-3.72518
-2.23980
-1.72959
-2.83885
-5.24731
-3.00333
-2.01112
-0.40850
-1.93628
-1.81703
-3.07376
-3.07936
-0.62314
-0.70319
-1.85410
-3.47032
-2.45684
-2.94483
-3.15656
-3.74991
-2.83356
-0.79875
-1.79859
-3.06314
-5.03970
-2.34435
-3.71230
-1.07664
-2.16191
-1.25714
-2.33809
-1.42566
-2.01691
-1.79249
-1.93449
-2.67742
-2.08015
-2.85201
-1.23836
-1.21275
-2.55034
-3.00430
-3.12170
-5.06343
-2.33601
-1.71312
-2.60337
-3.39989
-2.70034
-3.18114
-2.41647
-0.99156
-2.59433
-2.04544
-1.13836
0.56021
-1.85256
-2.52748
-0.89788
-1.78825
-0.97479
-2.13627
-1.25089
