-5.20156
-2.68737
-4.43628
-3.41309
-0.26041
-4.29770
-3.07408
-2.73551
-2.70870
-4.03718
-3.45746
-6.14867
-4.81925
-5.28516
-4.36291
-3.95278
-3.78992
-2.92163
-4.47659
-3.55571
-5.42482
-4.67971
-5.85845
-3.70807
-4.01224
-1.03088
-3.16827
-4.29166
-3.61098
-4.35724
-1.90876
-4.52106
-4.41347
-4.68476
-2.47843
-5.40165
-5.51138
-4.00725
-6.07340
-4.24444
-2.96355
-6.01022
-6.02033
-1.29196
-5.79577
-6.34723
-2.94776
-5.77672
-2.59492
1.61045
-4.42293
-4.43859
-3.66579
-4.43498
-5.47432
-4.51607
-4.21004
-3.36633
-5.29721
-6.37808
-6.28765
-2.61952
-5.56643
-4.61730
-2.79157
-4.66139
-3.48723
-5.21683
-6.81621
-4.11261
-5.25670
-7.08171
-5.20986
-3.96517
-3.18400
-3.64394
-3.88338
-4.62059
-4.69087
-5.45086
-6.08707
-5.41299
-2.57425
-1.91112
-3.22878
-5.69870
-4.62257
-2.96856
-4.04214
-3.05695
-4.93122
-5.35479
-5.38753
-3.74412
-3.54758
-5.03012
-3.46119
-4.91654
-5.13975
-3.42250
-6.32869
-3.61393
-2.65029
-5.29758
-5.68417
-6.86626
-2.54749
-0.90284
-2.58302
-4.36869
-3.00534
-2.21801
-2.63618
-2.68533
-6.56915
-6.00575
-4.87842
-5.56050
-4.57457
-3.32517
-2.03853
-3.78754
-4.79510
-3.93293
-3.22673
-6.10667
-6.19065
-5.89488
-2.85134
-4.57823
-2.89015
-4.60863
-5.20613
-6.14136
-4.82386
-3.35053
-0.81414
-5.08213
-5.11456
-3.96734
-4.25917
-5.10527
-5.51443
-4.98280
-6.22572
-5.45968
-3.01292
-2.45095
-3.98890
-3.98403
-3.28436
-1.33463
-5.72884
0.26889
-3.83034
-3.16072
-3.76237
-4.35740
-4.52830
-4.69479
-4.84852
-6.25883
-2.14791
-4.76392
-3.51835
-4.35333
-3.26256
-3.41522
-2.56562
-5.11678
-5.08478
-2.46068
-1.69883
-3.45401
-2.61385
-5.45565
-0.97610
