-3.48076
-0.56539
-2.94812
-2.46099
-3.09598
-0.12568
-3.48322
-5.99560
-3.30184
-5.09213
-1.82430
-2.42851
-0.97590
0.40229
-4.54186
-1.63027
-3.21180
-2.47212
-6.21417
-2.75697
-4.98612
-2.05395
-3.97497
-5.40723
-2.92627
-3.55750
-5.11116
-2.58476
-1.34680
-4.55726
-5.10870
-2.82085
-0.33525
-5.24519
-2.75264
-3.08957
-4.71919
-0.30833
-3.84552
-2.30332
-2.38582
-4.29567
-3.54089
-2.67957
-3.68136
-1.32962
-3.59120
-2.33893
-2.91218
-1.49981
-4.19872
-2.34401
-1.98866
-3.78550
-3.69377
-3.66350
-3.42122
-3.73199
-5.73649
-2.96563
-0.50746
-3.42391
-3.34515
-1.99268
-3.96530
-5.91044
-0.41579
-2.25557
-0.22894
-4.69604
-4.15892
-3.00089
-1.39154
-2.81244
-2.29399
1.15736
-3.95932
-4.59808
-3.11129
-4.24260
-1.40956
-3.51758
-1.10546
-4.50025
-3.19507
-1.76189
-2.76858
-5.07215
-2.80289
-2.33167
-1.49106
-4.25207
-3.56462
-2.69468
-3.43385
-4.92084
-2.91896
-2.85916
-3.80413
-5.49154
-4.73674
-1.35307
-3.93650
-4.83197
-0.25351
-3.59363
-3.59832
-2.77180
-3.21903
-2.68042
-3.18017
-1.41869
-4.74649
-3.51753
-4.23328
-3.97800
-3.89146
2.74707
-2.54552
-3.42088
-4.34709
-4.58121
-3.91036
-0.85601
-3.81207
-3.93909
-2.94296
-3.52309
-2.17490
-2.54929
-4.50563
-2.61368
-3.46345
-4.12191
0.00215
-3.12426
-4.50984
-2.21545
-3.33296
-4.95759
-3.75495
-3.40373
-4.47987
-3.68810
-3.45621
-3.52222
-1.47322
-2.75629
-3.13096
-3.98949
-1.92196
-1.14115
-3.48890
-1.43361
-4.31999
-4.16836
-2.21642
-3.39886
-1.92474
-2.94190
-4.52152
-2.03920
-3.97835
-1.66854
-3.96728
-3.95022
-4.00790
-5.36388
-4.35518
-4.87544
-3.18291
-4.26576
-3.43907
1.75980
-3.53500
-1.42039
-3.48950
-2.05870
-2.09892
-0.80395
0.81476
-4.91919
-5.74432
-2.58155
-5.83223
-6.43736
-7.39667
-5.23803
-1.59959
-0.04655
-1.74039
-2.91745
-3.71402
-5.50227
-2.51365
-5.52557
-0.11686
0.56954
-2.69721
-4.12487
-3.05511
-3.77240
-0.61221
-3.63184
-2.83011
-1.73760
-4.26274
-2.42243
-4.13616
0.16213
-2.48481
-2.46080
-1.99541
-5.05679
-3.45362
-3.00103
-4.90664
-0.71031
-1.93621
-4.53851
-2.64100
-5.49056
-3.09632
-1.31419
-4.49087
-3.37894
-0.37050
-2.52396
-1.68996
-3.32792
-2.78400
-4.17848
-2.56931
-0.06380
-4.76806
-4.63992
-1.64955
-2.79751
-4.69167
-0.95914
-4.08686
-3.03410
-2.03118
-1.59934
-0.80046
-2.66378
-3.97439
-3.46290
-3.07700
-5.85146
-4.53104
-1.43163
0.01394
-3.72076
-0.33948
-3.58618
-2.94481
-0.94052
-1.76238
-5.53523
-1.97123
-2.69064
0.40747
-1.39740
-4.83284
-4.67975
-2.60195
-4.05576
-2.68377
-1.92178
-2.57918
-2.98811
-1.93886
-2.78279
-3.02448
-2.58655
-3.96617
-3.33903
-5.97363
-5.17084
-3.90043
-2.84978
-3.20420
-3.17445
-3.41057
-2.97889
-1.50605
-3.71240
-3.84210
-3.56022
-5.43263
-5.01577
-2.12764
-3.65031
-1.58250
-1.64252
-3.99000
-4.51710
-4.17857
-3.61509
-2.98215
-2.61674
-4.61551
-5.43226
-3.20957
-4.04254
-2.54063
-5.69781
-4.08449
-1.94970
-2.90689
-5.13965
-5.08881
-1.14935
-4.83414
-3.82076
-5.74082
-2.07003
-5.52025
-3.76644
-0.07729
-4.29858
-2.60915
-2.30200
-2.33869
-3.16339
-3.89707
-2.02863
-1.77525
-1.76865
-2.85685
-1.64037
-2.89513
-3.81540
-3.47715
-1.63334
-1.80645
-3.47921
-2.69413
-3.64721
-2.91762
-2.89858
-7.03915
-3.87006
-2.78043
-3.64575
-2.70668
-2.87192
-5.04035
-4.60185
-0.18776
-5.43187
-3.48417
-4.82658
-2.39954
-2.88149
-3.18200
-0.55763
-3.02618
-1.24702
-4.07746
-2.36724
-2.58279
-5.55060
-0.49538
-3.20049
-4.13853
-5.24912
-0.40879
-3.70226
-6.09791
-1.72385
-3.29318
-2.67354
-4.37094
-3.82101
-1.91300
-3.91422
-1.41627
-1.79012
-3.67485
-2.08931
-2.99756
-2.93649
-2.85727
-4.82621
-4.52550
-3.05236
-2.49406
-4.36018
-4.27638
-2.92118
-3.27878
-0.84228
-3.98981
-1.83024
-2.91888
-0.10546
-3.77446
-3.05906
-2.48606
-5.43912
-4.03038
-1.48031
-3.34984
-0.71070
-4.10637
-0.58003
-5.89899
-3.90071
-2.91111
-3.91213
-3.08256
-4.04872
-2.24003
-4.44992
-4.22797
-2.23396
0.18628
-2.00426
-3.12199
-3.96281
-3.86253
-3.79396
-4.44129
-1.78027
-4.54193
-2.26141
-0.74685
-3.89295
-0.66425
-6.19526
-1.67553
-1.55947
-6.27336
-4.15732
-1.22838
-1.87425
-2.55680
-4.46149
-2.46514
-3.97747
-3.63421
-3.48584
-5.28016
-2.82739
-4.23896
-3.82807
-2.79338
-2.62109
-5.51927
-4.41159
-6.12898
-3.47496
-3.53651
-3.00071
-2.83717
-0.88727
-5.09958
-1.95500
-3.81425
-4.07129
-3.63216
-3.01799
-2.70349
-2.50941
-5.01984
-2.71238
-1.52405
-5.41390
-4.07138
-2.47693
-3.65411
-5.25974
-1.94664
-3.17852
-2.37153
-2.03440
-3.04527
-4.03790
0.10527
-1.80638
-1.48215
-3.64260
-3.80703
-0.85400
-2.43306
-5.16047
-5.03420
-4.23484
-3.05819
-5.06923
-2.75016
-1.18632
-1.81884
-3.94961
-4.14437
-4.16159
-5.11731
-5.18958
-4.14458
-5.69767
-3.66093
-0.66322
-5.91765
-2.04188
-3.58705
-3.99876
-2.76815
-4.20409
-4.60655
-2.06888
-3.65069
-1.14343
-5.63471
-4.58115
-4.66612
-3.82250
-3.14040
-2.29552
-2.50776
-3.62831
-2.36737
-1.85135
-4.20576
-4.01789
-3.71676
-3.30116
-4.04296
-3.77693
-1.72779
-0.69595
-2.77456
-2.83674
-5.10464
-5.57524
-2.58352
-1.90019
-4.41211
-2.37583
-3.26815
-4.04448
-3.01383
-2.11350
-3.64385
-4.92965
-4.49380
-0.40913
-4.36887
-3.22456
-2.03390
-2.44464
-2.98974
-3.15500
-3.72936
-3.18780
-2.08071
-3.32972
-0.46095
-2.61369
-4.12546
-6.13862
-1.30849
-3.47945
-2.22640
-4.16266
-2.27311
-2.09935
-0.32440
-3.34082
-1.97271
-1.62145
-4.41696
-4.27919
-1.82824
-4.97206
-2.94076
-2.77589
-1.43834
-2.48632
-4.33749
-1.46159
-3.75509
-2.60234
-2.91024
-2.81042
-3.83630
-2.52199
-3.08877
-4.81939
-2.66891
-3.19675
-4.42958
-4.15395
-3.15106
-3.90698
-3.93609
-4.37617
-1.41190
-3.61077
-1.53318
-1.46874
-2.35065
-3.89517
-1.19957
-2.62774
-3.46217
-2.53812
-4.42148
-0.29151
-1.01839
-2.77887
-4.88512
-2.90888
-3.06963
-2.48593
-4.35517
-1.32234
-3.49433
-4.22812
-6.01377
-0.70338
-3.88897
-3.69174
-2.87816
-2.70121
-0.47280
-3.22521
-0.85817
-3.62206
-3.77398
-2.06964
-1.06149
-3.10587
-5.43299
-0.83865
-1.44226
-2.94180
-2.51578
-2.32787
-3.44702
-0.26885
-3.80240
-2.43660
-2.41901
-3.09265
-6.11239
-5.09115
-3.86178
-3.48138
-4.96258
-2.41592
-2.33449
-5.78937
-2.88884
-3.25222
-2.80598
-1.80857
-2.23079
-1.85986
-0.73684
-6.53794
0.16512
-4.93342
0.74941
-2.79180
-0.28274
-2.74228
-5.07547
-3.13862
-3.36580
-1.79601
-1.14072
-4.52604
-4.15034
-0.65972
-4.52104
-3.42688
-3.66877
-3.80090
-3.58809
0.21267
-5.09273
-5.21787
-4.81387
-2.57894
-1.54269
-3.90116
-3.45680
-3.12959
-1.30967
-2.38659
-0.92357
-2.70078
-3.26658
-2.11998
-2.84165
-3.46915
-4.63919
-2.44922
-3.78058
-4.01165
-2.78174
-3.67051
-2.23120
-4.46995
-3.09395
-1.83178
-1.93684
-2.80439
-1.81110
-3.22575
-3.11749
-4.07580
-4.55763
-5.47640
-4.72949
-2.55755
-4.43706
-4.28429
-3.74380
-1.49906
-5.23985
-4.30701
-3.18952
-1.59350
-2.99410
-1.61608
-4.39146
-4.04558
-4.49721
-3.00893
-3.41025
-4.41865
-1.29383
-0.23807
-5.83949
-2.03764
-1.10541
-2.96937
-5.62811
-2.49340
-3.98515
-3.96405
-3.86305
-3.16313
-1.57106
-3.75324
-0.98259
-3.67014
-4.72236
-2.82102
-2.41438
-2.18303
-2.04381
-3.14366
-4.46147
-0.71019
-1.35060
-5.27207
-3.55626
-1.50591
-1.16390
-3.16381
-4.68581
-2.99445
-3.01414
-1.73634
-4.43186
-4.70664
-1.34574
-3.82933
-1.73062
-3.04247
-3.55152
-2.95595
-2.29212
-5.37659
-3.97686
-0.97485
-6.29615
-3.03803
-1.65877
-3.98100
-2.81613
-4.84656
-4.69757
-2.69337
-1.31238
-1.47403
-4.13626
-3.09733
-1.14791
-1.59789
-3.14574
-6.49223
-4.30199
-6.14347
-3.16624
-2.60297
-3.14566
-0.93325
-4.60321
-3.66570
-4.44425
-3.76005
-4.93418
-4.57139
-3.99974
-4.25608
-3.50503
-4.18328
-2.50879
-4.20723
-4.31714
-5.28484
-3.36643
-2.13409
-2.91794
-2.99392
-0.34765
-0.94112
-2.79541
