7.38684
9.56912
5.60085
3.56520
6.86406
3.40653
3.96914
5.24904
5.90280
6.75185
8.39656
1.94694
9.66829
-1.79918
1.78789
2.09884
1.06029
3.50285
4.79833
7.36254
5.83634
9.66829
3.64095
4.50919
6.15397
-2.48797
8.81635
5.94676
9.49660
3.26435
4.63274
3.00606
2.67333
9.66829
3.25228
5.52294
3.53726
9.53960
0.30600
2.77033
6.77006
6.81422
2.34316
9.66829
7.68858
6.24493
2.63055
7.28807
1.16892
-0.83189
-2.47927
9.66829
6.53213
4.74077
4.90061
3.63912
8.25230
1.11962
6.46861
4.66182
9.63338
6.57086
5.95788
4.79774
6.13334
2.13380
7.12565
5.38713
5.57974
5.80435
8.84524
-3.46909
7.58964
5.85398
6.14639
6.19744
2.29640
-1.47585
4.84295
5.74547
0.00139
2.20373
4.85012
2.76036
6.10846
5.90115
5.61996
4.43146
9.41533
3.21020
1.48880
3.51253
0.37881
4.90973
4.81779
2.03514
5.55223
0.95699
4.40357
2.99393
4.39776
1.05762
5.39340
6.06687
2.63252
3.63855
6.98847
4.12693
7.97954
5.26505
3.32423
9.09939
2.31215
4.93287
6.00611
-0.56113
1.83207
-0.03276
3.23997
-1.18510
7.18731
5.00923
4.09436
3.98267
7.25027
8.56022
5.54401
7.14593
2.90888
2.79280
9.54326
2.99971
2.93858
3.86727
1.22178
1.43758
4.83088
-0.33314
3.01901
8.00037
3.42378
7.16599
4.34422
4.24787
6.82863
9.66829
5.77386
1.89769
4.46738
7.69957
5.26247
-1.51017
4.37857
4.98731
3.76873
5.45763
4.72858
6.64358
4.29201
7.00046
7.16009
9.66829
8.74314
3.80180
3.53003
5.71771
3.37982
4.79840
8.64230
7.84633
4.67657
6.61964
4.63698
4.46180
3.53553
3.18131
5.39960
6.36363
4.21651
