-1.33868
-1.27897
-1.11526
-0.89197
-0.89280
-1.51235
-0.47088
0.49910
-0.44916
-1.28264
-0.83833
-0.95081
-1.32713
-1.15944
-1.05846
-1.05132
-1.10760
-0.68859
-0.38648
-1.47853
-0.30454
-0.47514
-1.30014
-0.44646
-0.47555
-1.19351
-1.37088
-1.39829
-0.63400
-1.25322
-1.17904
-0.58518
-1.13486
0.12247
-0.83876
-1.07797
-1.00731
-1.45652
-1.44267
-1.55591
-1.42871
-0.55784
-1.45758
-1.12904
-0.03919
-1.47984
-1.51905
-0.60812
-1.53468
-1.36793
-0.69705
-1.11829
-0.33101
-0.43128
-0.90945
-0.39835
-1.20883
-1.33175
0.25221
-0.74722
-1.23306
-0.88070
-1.39979
-1.47455
-1.21815
-0.56491
-1.49799
-0.51574
-0.36357
-0.88791
-0.96962
-0.14484
-0.93814
0.09522
-0.81310
-1.35182
0.44677
1.10776
-0.78675
-1.03810
-1.03965
-0.36439
-0.19114
-0.86858
-1.40461
-0.08830
-1.07377
-1.44111
-0.82195
-1.25920
-0.42462
-1.57533
-1.37113
-0.23430
-0.67957
0.19084
-1.53131
-1.49734
0.40005
-0.87659
-0.46728
-1.39277
-0.34518
-0.90075
-1.37291
2.24717
-1.21263
-1.45076
-1.03012
-1.43911
-0.96886
-0.45173
-0.95413
-1.05651
-0.57144
-1.21760
-1.21949
-1.45902
-1.19669
-0.66382
-1.38702
-1.04205
-0.38841
-1.08428
-1.53167
-0.74829
-0.30002
-0.98504
-0.97445
-0.41414
-1.07509
-1.08147
-0.68610
-0.67338
-1.37623
-1.22178
-0.89446
-1.36348
-1.57939
0.10113
-0.66077
-0.63271
-0.20025
-1.11857
-0.85169
-1.14974
-0.95277
-1.42886
-0.26929
-1.24226
-1.58115
-1.24341
-0.29637
-0.52799
-1.37921
-1.56651
-0.63856
-0.63598
-1.28308
-0.78966
-1.29743
-0.70738
-0.88160
-1.56481
0.08191
-0.38603
-0.87913
0.57005
-1.07080
-1.05230
0.53627
-1.10053
-1.43988
0.91223
-1.52929
-1.26082
-0.95358
-0.04001
0.14393
-0.75805
-0.85627
-1.53891
-1.18224
-0.22286
-1.58105
-1.18017
-1.14148
0.04652
-0.73883
-1.14631
-1.50129
-0.74099
-0.57640
-1.08736
-0.16714
-1.49812
-1.33956
-1.58269
-1.05300
-0.50699
6.79350
-1.50010
-0.62000
-0.87533
-1.24523
-1.33787
-0.67129
-1.35015
-1.35029
1.72479
-1.51303
0.63866
-0.61828
-1.18941
-1.58420
-1.01601
-1.56469
0.62722
-0.05682
-1.02411
-1.58362
-0.40530
-1.56732
-1.13423
-1.57453
-0.75087
-1.00020
-1.42834
-1.18637
-0.01667
-0.87710
-1.46589
0.19076
-0.92820
1.33560
-0.78515
-0.98895
-0.97814
-1.12247
-1.56133
-1.48359
-0.22069
-0.08306
-1.41612
0.02518
-1.01143
-0.99870
-0.57739
-1.57658
-1.57783
-0.83529
-1.02988
-1.04811
-0.25992
0.56924
-1.25011
-0.92410
-0.53371
-1.13024
-1.29821
-1.44415
-0.90753
-1.15638
-1.43024
-1.49554
-1.37230
-0.55952
-1.28135
0.14311
-1.48878
-1.56294
-0.30958
-0.48773
-0.89861
-1.34166
-0.59169
-0.91764
-1.41615
-1.47962
-0.75084
-0.70252
-1.58251
-0.17302
-1.33509
-1.04331
-1.31456
0.07482
-1.15232
-0.18039
-0.60986
-1.43630
-1.16843
-1.55329
-0.78826
-0.12401
-1.11080
-0.97720
-1.15897
-0.23012
-1.51960
-0.40506
-0.94288
-0.98597
-1.04212
-0.58336
-1.23665
-1.56762
-0.74099
-0.71102
-1.33509
-1.58416
3.83118
-0.02224
-0.52564
-1.06617
0.16533
-0.55628
-0.93330
-1.45386
-1.06062
-1.58337
1.78049
-1.24252
-1.31663
-1.21476
-0.09877
-1.36939
-1.02958
-1.19496
0.16521
-1.16009
-1.17416
-0.76843
-0.84019
-1.08676
-1.21669
-0.76860
-1.57727
-0.60009
-1.22945
-1.06609
-0.48446
-0.16984
-1.04727
-1.56421
-0.23734
-1.10337
-1.25719
-1.07145
-1.49237
-0.89264
1.15702
-1.53695
-1.42795
-0.88486
-1.10735
-0.49133
0.05982
-0.49403
-1.58410
-0.81855
-1.00895
-1.51292
-1.25490
-1.35671
-0.17590
-0.58913
-1.34243
-0.16799
-0.79639
-0.24162
-1.00425
-1.29743
-0.75146
-1.27609
-1.36165
7.42255
-1.46861
-1.32992
-1.57809
-1.42590
-0.74086
-0.78028
-1.30798
-1.04488
-1.50282
-0.58592
-1.10196
-1.22902
-0.29875
-1.55467
-0.82602
-1.04676
-1.45789
-0.93684
-0.84445
-0.06157
-0.87817
-1.23990
-0.12522
-0.88582
-1.21595
-1.19872
-0.50886
-1.22577
-1.19894
-1.57286
-0.81166
-0.71706
-1.43696
-1.42191
-1.39513
-0.96934
-1.23581
-1.43334
-1.46794
-1.50482
-1.48973
-1.04143
-0.74458
-1.37075
-0.83946
-1.51902
-0.95462
-0.48535
-0.81566
-0.84049
-1.25283
-0.56794
-1.05398
-1.14089
-0.15700
-0.83496
-1.54354
-1.32715
-1.50715
-0.95219
-1.25135
0.10166
0.21328
-1.27597
-1.37199
-1.12722
-1.35362
-0.71949
-1.10780
-0.17822
-0.90796
-1.35634
-0.27644
-1.30511
-0.38248
-1.53707
0.12482
-0.03498
-0.46453
-1.11583
-1.53994
-0.46067
-1.15802
-0.75857
-0.75597
-1.09039
-0.90196
0.08524
-1.52814
-1.14022
-1.30171
-1.30063
0.05661
-0.57332
-0.90884
-0.97350
-1.50857
-0.89821
-0.64189
-1.34102
-1.23411
-1.21014
1.20556
-0.76555
-1.42902
-1.57961
-0.82703
-1.14750
-0.47668
-1.41997
-0.84198
-0.51912
-1.02544
-0.86882
-1.27959
-1.54187
0.95897
0.04160
-1.14925
-1.35269
-0.22893
-0.33079
-0.53763
-1.35956
-1.57762
-1.16909
-0.48714
-1.31011
-0.47616
-1.17897
-0.87335
-0.80794
-1.58288
-0.03082
-0.08701
-0.31612
-1.55848
-0.93929
-0.84278
-1.08937
-1.19387
-1.19502
-0.50867
-1.12214
-1.12617
-1.06292
-0.78669
-1.55370
-0.84832
0.31062
-1.38821
-1.22214
-0.85165
-0.80358
-1.03582
-1.14057
-1.02915
-0.70894
-0.69789
-1.17804
-1.16100
-0.78053
0.13438
-1.57016
-1.05765
-0.26091
-1.00077
-1.02630
-1.14712
-1.55294
-1.03764
-1.06205
-1.06830
-0.04506
-0.63435
-1.58396
-0.85773
-0.55176
-0.54090
-0.90230
-0.94780
-0.72290
-0.44963
-0.92254
-0.97174
-1.44193
-1.56044
-1.27727
-0.42919
0.96808
-1.58165
-1.28709
-0.44364
-1.02296
-1.14594
-0.99125
-0.66458
-1.49394
-1.10176
-0.35111
-1.43242
-1.44455
-0.98950
1.65901
-1.43124
-1.44602
-0.91613
-0.88546
-0.34766
-0.76476
-0.91722
-0.74916
-1.44969
0.70826
-0.20113
-1.58148
-0.93453
-1.11500
-1.06199
-0.98642
-1.49263
-1.03371
-0.52394
-0.60096
-0.22632
-0.67518
-0.74564
-1.12497
0.73515
-0.92059
-0.89683
-1.57134
-0.50661
-1.03170
-0.43120
3.88599
-1.25312
1.18973
-1.57790
-1.57161
1.80295
-1.21680
0.01330
0.06331
-0.65631
-1.58130
-1.35280
-1.05279
-1.57857
-1.32120
-1.32931
-1.56468
-0.89078
-0.60703
-1.39163
-0.11936
-0.00188
-1.33743
-0.09016
0.14218
-1.39022
-1.56859
-1.12078
-1.11725
-0.68499
-0.02811
-1.14655
-1.08931
-0.71508
-0.88286
0.65734
0.00347
0.25475
-0.51417
-1.42699
-0.78734
-1.22956
-1.38876
-1.50059
-0.53780
-0.50383
-1.29529
-0.80111
-0.07934
-0.87841
-1.54261
-0.62739
-1.54094
-1.19001
-1.57963
-0.96729
-0.86877
-0.32676
-1.55984
-1.06542
-0.26556
-1.51941
-1.34409
-1.11855
-0.44074
-0.48256
-0.91775
0.99489
-0.25629
-1.56580
-1.57071
-1.53423
-0.95493
-1.28266
-0.74629
-0.68864
-1.17591
-0.12277
-1.12370
-1.08546
-1.19189
0.10049
-0.54868
-0.72810
-1.21234
-1.02772
-0.37108
-1.02679
1.06048
-0.83912
-1.57151
-0.59912
-1.13432
-0.89661
-1.09763
-1.10297
-1.36791
-0.49423
-1.02924
-1.50801
-1.38734
-1.24042
-0.98125
-0.53530
-1.32148
-0.55504
-0.81841
-1.57313
-1.13484
-0.89242
-0.59473
-1.09436
-1.12022
-0.96073
-0.52372
-1.36750
-0.91319
-1.49346
-1.51290
-0.68288
-0.62582
-1.55306
-0.53285
-0.81913
-0.74821
-1.49314
-0.65334
-0.91804
-0.73422
-1.22840
-0.33985
-1.36304
-1.06218
-1.31716
-0.20881
-0.48766
-0.60562
-1.21485
-0.79342
-0.59680
-1.37191
-1.51343
-0.55183
-1.42517
-1.11774
-1.58409
-1.45602
-1.18864
-1.17375
-0.69429
-1.43455
0.11684
-0.86934
-1.00588
-0.93480
-0.44939
-1.00161
-1.30891
-1.54248
-1.49735
-1.35831
-0.35534
-1.27786
-1.51178
-1.03123
-0.88882
-0.68841
-1.14281
-1.42470
-1.45087
-0.41352
-1.58323
0.34279
-1.54575
-1.46819
-0.36297
-0.77676
-1.19017
0.23041
-0.54936
-0.41194
-1.42123
-0.92289
-1.24115
-1.24129
0.43127
-1.36951
-1.48975
-0.75090
-1.58371
-1.18296
-1.43473
-0.13515
-1.01406
-0.06569
-1.52371
-1.51796
-1.54195
-0.74626
-1.48311
-1.13004
-0.67334
-1.27586
-0.41400
-1.55690
-0.77828
-0.40953
-1.53024
-1.18085
-1.21555
-1.44950
-1.29811
-0.84369
-0.77898
-1.07479
-1.47486
-1.57840
-0.25804
0.53163
-1.10337
-0.42800
-0.90270
-0.87594
-1.17686
-0.69419
-1.50583
-1.58419
-0.84381
0.78683
-0.97318
-0.35008
-1.29962
-1.54951
-1.36999
-1.48180
-1.47488
-0.91232
-0.75632
-0.58133
-1.04622
-1.18051
-1.04767
-1.01296
-0.94681
-1.03024
-0.91296
-1.20516
-1.57310
-0.22655
-1.07281
-1.41961
-0.83671
-0.87627
-0.89071
0.49613
-1.44014
-0.50674
-0.76837
-1.47097
-1.14661
-1.14240
-0.16694
-0.79441
-1.55857
-1.53833
-1.45987
-1.46373
-1.28590
-1.46276
-1.58038
-0.88762
-0.52256
-0.71365
-1.46425
-1.58211
-1.57309
-0.48832
-1.01500
-1.19519
-1.18876
-0.75745
-0.39169
-0.83474
-1.16748
-1.48366
-1.02568
-1.04021
-0.88046
-0.40162
-1.30922
-0.60315
-0.93537
-1.42146
-1.46000
-0.93783
-0.95485
-1.55575
-1.49737
-0.98043
-1.09027
-1.51876
-1.06713
-1.48974
-0.73815
0.07699
-1.50454
-1.29399
-1.39847
-1.57642
-1.09568
-1.07216
-1.50180
-1.57986
-1.10181
-1.41416
-0.64294
-1.32715
-0.60852
-0.94164
-0.99184
-1.48922
-0.43833
-1.13558
-1.08027
-1.33856
-0.80632
-0.70221
-0.91022
-0.83743
-0.78092
-1.06842
-0.63949
-0.49125
-0.71172
-0.71979
-0.33407
-1.33533
0.31021
-1.47166
-1.37407
-0.59629
-0.85886
-0.48766
-0.93597
-0.96277
-1.23295
-1.47543
-0.70254
-1.24949
-1.58087
-1.42080
-1.46024
-0.79384
-1.19781
-1.35903
-0.54645
-1.24386
-1.19664
-1.32386
-0.02977
-0.84902
-1.41917
-1.08622
-1.56591
-1.37783
-0.99336
-0.53301
-1.01583
-0.41430
-1.47484
-1.19810
-1.57888
-0.86588
-1.33011
-1.24281
-1.38864
-0.81648
-0.92483
-1.05112
-0.56040
0.02442
-0.59551
-1.58167
-1.28678
-1.40538
-1.51521
-1.18019
-0.75654
-0.59991
-0.32549
0.76027
-0.15825
-0.58832
-0.85455
-0.06970
-1.12375
-0.57151
-0.91358
-1.42325
-0.37352
-1.31636
-1.24986
-1.54902
-0.78180
-1.28946
-1.44968
-0.54044
-1.30992
-1.55752
-0.20147
-0.78161
-1.13998
-1.25821
-1.04277
-1.17596
0.18010
2.04925
-1.58389
-1.25744
2.43921
-1.53858
-0.73849
-0.98181
-1.39911
-1.00957
0.83994
-0.25937
-1.21526
-0.73016
-1.49842
-1.57747
-0.98665
-0.10933
-0.56963
-1.48834
-1.01738
-1.53197
0.03664
-0.20162
-0.23449
-1.34258
-0.66587
-0.68416
-0.29800
-0.77279
-0.71767
-0.53738
-0.96923
-1.44804
-1.41571
-0.86913
-1.23933
-1.57336
-1.51604
0.20477
-1.31347
-0.84303
-0.73130
-0.84678
-1.44246
-0.28414
-1.27893
-1.23293
-0.46192
-1.19630
-0.84486
-0.34972
-1.13329
-1.51814
-0.88981
-1.00494
-1.10767
-0.21301
-1.22824
-1.22204
-0.65234
-1.10260
-0.85568
-0.77939
-1.45820
-0.78065
-0.53963
0.13169
-0.76851
-0.85230
-1.47459
-1.54346
-1.29341
-1.32667
-1.06878
-1.49860
-1.43878
-1.53040
-1.28250
-0.13665
-0.00632
-0.71023
-1.47759
-1.29215
-1.47079
0.01742
-1.41313
-0.91946
-0.51953
-0.98285
0.14427
-1.58415
-1.26423
-1.39740
-0.02991
-0.67898
0.02452
-0.82660
-0.97822
-1.44522
-0.59760
-0.48553
-0.71250
0.34131
-0.51654
-0.94222
-0.89301
-0.75006
-0.08653
-1.31003
-0.71607
-0.69155
-1.45955
-1.32140
-1.56177
-0.72382
-1.24865
-0.95027
-0.81315
-1.08616
-1.27052
-0.79367
-1.57205
-1.09204
-1.07694
-1.29604
-1.13105
-0.92568
-1.14219
-1.35515
-0.29210
-0.42968
-1.29832
-1.02204
-1.19062
-1.26952
-1.32021
-0.37256
-0.52149
-0.91194
-1.28658
-1.54079
-1.10689
-0.74029
-1.52901
-0.45439
-1.48257
-0.01472
-0.64241
-0.43716
-0.11842
0.52689
-1.51295
-0.97323
0.69981
-0.89155
-1.33636
-0.89377
-1.55993
-0.92730
-1.06384
0.01152
-1.17269
-1.03343
-0.73530
-1.15128
-1.08122
0.42690
-0.81667
-1.24757
-1.40119
-1.10764
-1.36343
-1.42159
-0.30320
-1.35432
-1.01257
-0.56317
-0.89335
-0.72400
-0.53283
-0.91452
-1.41052
-1.19287
-1.16502
-0.35744
-0.37137
-1.01267
-0.91445
0.70165
0.12258
-0.34724
-1.39228
-0.52256
-0.64827
-0.59614
-1.53490
-1.33605
-1.13837
-1.46918
-0.87633
-1.54881
-0.89701
-1.40606
-1.43715
-0.32963
-1.28927
-0.81985
-1.14774
-0.65400
-1.23099
-0.61722
-1.12132
-0.45099
-1.50016
-1.43680
-1.56672
-1.35986
-1.10249
-1.01355
-1.30464
-0.63299
-1.13711
0.02293
-0.98970
-0.85595
-0.95424
-1.57716
-1.28630
-0.94878
-0.30525
-1.44495
-0.91336
-0.02388
0.23994
-0.07776
-0.91526
-1.30998
-1.31339
-0.77323
0.09466
1.34225
-1.48096
-0.28684
-1.18381
-1.10281
-1.35488
-1.58302
-0.58466
-1.24784
-0.97302
-1.47150
-1.28335
-1.15712
-0.43155
1.10156
-1.49789
-1.30208
-0.76289
-1.26279
-1.00136
-1.58408
-1.51521
-1.41414
-0.49940
-1.21687
-1.36761
-0.61248
-1.18671
-1.17358
-1.57804
-0.72021
-0.87282
0.56813
-1.41254
-1.31382
-1.13818
-0.67513
-1.55349
-1.13504
-0.41073
-0.20394
-1.13542
-1.37606
-1.49622
-0.72387
-1.21419
-0.94945
-0.62973
-1.16725
-1.16449
-1.15249
-0.52305
-1.05188
-0.90989
-1.26236
-1.01569
-0.10457
-1.42070
-0.83854
-0.75604
-1.37550
-0.87598
-1.25948
-1.53628
-1.31346
-0.68964
-1.51139
-0.54357
-1.25887
-1.32380
-1.42630
-0.94081
-0.42547
-0.10166
-0.95120
-0.50082
-1.22114
-1.07772
-0.58207
-1.58375
-0.33918
0.26016
-1.14498
-1.29108
-1.02074
-0.25168
-1.15760
-1.36763
-1.56239
-0.50258
-0.17790
-1.29434
-1.45042
-0.43716
-1.54392
-1.50501
-0.55291
0.17280
-0.94693
-1.37428
-0.60051
-0.49597
-1.30015
-0.78917
-0.73889
-0.87833
-0.85401
-0.71097
-1.52036
-0.67041
-1.41856
-1.56415
-0.59720
-1.34383
-1.25658
-1.38722
-1.27545
-0.99331
-0.68318
0.05375
-0.56381
-0.44248
-1.33790
-1.08655
-0.98961
-0.80459
-0.81548
-1.10330
-0.92913
-0.21196
-0.07910
-0.07732
-1.23166
-1.55058
-1.09968
-1.28631
0.10759
-1.34780
-1.55502
-1.42548
-0.52636
-1.08651
-1.58305
-0.59521
-1.58175
-1.16666
-0.12774
1.15453
-1.58417
3.27730
-1.53203
-1.57129
-0.63095
-1.57177
-0.39261
-0.76016
-1.54564
-1.34718
-0.38104
-1.15151
0.54604
0.86748
-0.98695
-1.16401
-1.15051
0.11418
-1.13091
0.40535
0.38638
-0.44456
-0.78493
-0.08905
-0.95817
-0.85025
-0.02248
-0.75157
-0.08741
-1.16371
-0.67393
-0.33330
-0.57032
-0.83406
-0.48739
-0.41012
-1.04966
-1.18538
-0.60002
-0.26842
-0.86733
-0.91192
0.10089
-1.39095
-1.30108
-1.25510
-1.39071
-0.79342
-0.25087
-0.43822
-0.99974
-0.90735
-1.34087
-0.83922
-1.02469
-1.11491
-0.95364
-1.40327
-1.12762
-0.76973
-0.53689
-1.23084
-0.86902
-1.39032
-1.48047
-0.91672
-0.40654
-0.83147
-0.49723
-0.68792
-0.51026
-0.93973
-0.12166
-0.76466
-1.22347
-0.25702
-1.26238
-0.97458
-1.09786
-0.65107
0.57867
0.44742
-0.56045
0.32515
-1.41173
-0.72405
-1.09856
-1.39082
-0.44790
-1.09532
-0.86324
-0.54175
-1.30481
-1.44869
0.17917
-1.22953
-0.97012
-1.49817
-0.06807
-1.37679
-1.22365
-0.42336
-0.95983
-0.24822
-1.26751
-1.11352
-0.40381
-0.80604
-0.44934
-0.81190
0.24091
-0.87658
-0.71003
-1.22335
-0.38446
-0.55493
-1.36461
-0.46561
-0.98762
-1.33295
-0.57367
-0.87247
-0.47525
-0.45330
-0.71977
-1.23241
-0.52316
-1.28131
-1.13502
-1.56379
-0.43657
-0.78222
-0.93931
-1.53286
-0.40964
-1.51546
-0.56036
-1.46275
-1.29828
-1.31250
-0.40824
-1.32197
-0.23143
-1.25947
-0.55333
-0.58990
-0.67521
-0.61759
-0.40977
-1.45184
-0.89766
-0.47862
-1.56291
0.04584
-0.89697
-1.37075
-1.44219
-0.01526
0.69347
-1.17556
-0.85458
-1.36440
-1.36726
-0.65058
-0.23646
-0.75571
-1.33722
0.32860
-1.15156
-1.27171
-1.24912
-0.32140
-0.46214
-0.64740
-1.55137
-0.63813
-1.53380
-0.96977
-0.31507
-0.91361
-1.25213
-0.72092
-0.97639
-1.40326
-0.56832
-1.53958
-1.02817
0.05550
-0.42110
-0.63103
-0.84884
-1.37970
-0.97098
-1.03190
-0.20026
-1.16697
-1.17909
-0.64501
-0.46718
-0.99302
-0.84807
-0.56007
-0.78381
-1.01600
-0.72552
-1.21143
-0.72693
-0.14397
-0.20276
-1.41867
-1.55418
-0.00235
-1.16816
-0.63279
-1.06452
-0.96217
-0.39010
-1.14366
-0.72294
-1.21383
-0.34464
-0.62672
-1.53613
-1.27430
-1.12335
-1.04229
-1.29622
-0.85372
-1.22574
0.25931
-1.25306
-0.80322
-0.71857
-0.84059
-1.06734
-1.33490
-0.61451
-0.68805
-0.01283
-1.25290
-0.87209
-0.50245
-1.14096
-1.25421
-0.53728
-1.06660
-1.29150
0.38883
-1.46345
-0.71684
-1.29159
0.37243
-1.43036
-0.47641
0.01918
-0.73357
-1.15101
-1.04777
-0.99826
-1.51563
-0.89728
-0.99278
-0.52763
-1.48922
-0.29695
-1.57658
-1.04982
-0.44321
-0.78641
-0.36703
-1.34351
0.01754
-0.60871
-0.66637
-1.52778
-1.39927
-1.18741
-0.90908
-1.12140
-0.75359
-1.26301
-0.68055
-1.48133
-1.45705
-0.92241
-1.15376
-1.11994
-0.94044
-1.38247
0.29805
0.47475
-0.02555
-0.60228
-0.56787
-0.80048
-1.42729
-1.01754
-0.34604
-1.32491
-1.19572
-0.86682
-0.34903
-1.25155
-1.01159
-1.06343
-0.84526
-0.59319
-1.15622
-1.55702
-1.05853
-1.47451
-0.94049
-0.96957
-1.13188
-1.13134
-1.15367
-0.30918
-1.51410
-1.41550
-0.31198
-0.96381
-0.90779
-1.02534
-0.97983
-1.20003
0.61219
-1.05970
-0.69181
-1.21545
-1.52907
-0.58928
-1.35337
-1.14154
-0.33886
-0.83356
-1.31591
-0.06753
-0.94502
-0.43906
-1.46524
-0.62978
-0.59431
-0.91885
-1.42386
-0.40711
-1.07539
-0.74159
-0.95470
-1.13009
-1.19875
-0.98758
-0.85892
-1.21264
-1.39933
-0.66509
-1.54016
-0.88209
-0.76663
-0.80254
-0.45042
-1.50643
-1.43911
-1.08700
-1.24435
0.14194
-0.10716
-1.27040
-0.22649
-1.44546
-1.57752
-1.02423
-1.26606
-0.59091
-0.79823
-0.80307
-1.46270
-0.45689
-0.52075
-0.64586
-0.94899
-1.37886
-1.08604
-1.13412
-0.42516
-0.38768
-1.28282
-0.48018
-1.31406
-1.07715
-1.53579
-1.00685
-0.95961
-0.92814
-0.97841
-0.16788
-1.10916
-1.00839
-0.66770
-0.99965
-0.72924
-0.73409
-1.08187
-0.71561
-1.49855
0.16684
-1.10649
-1.47228
-1.14252
-1.17618
0.36038
-1.57704
-1.03756
-0.08715
-0.78161
-0.98673
-1.14366
-0.93563
-0.26277
-0.36514
-1.00567
-1.36923
-0.96347
-1.14612
-0.75184
-1.34306
-0.93029
-0.69194
-1.31920
-0.17762
-0.34032
-0.60474
-0.58196
-1.17321
-0.98454
-1.39151
-0.59604
-1.37955
-0.33042
-1.15532
-1.25641
-0.96485
-0.22233
0.39011
-1.57740
-0.30964
-1.09904
-1.21995
-1.05194
-0.97519
-0.27615
-0.62821
-1.30172
-0.70298
-1.35200
0.47465
-0.80517
-0.31122
-1.41874
0.07591
0.12740
-1.43381
-0.73619
-0.21265
-1.05138
-1.21466
-1.01425
-1.04403
0.23691
-0.75237
-0.94317
-0.64429
-0.58816
-1.11997
-1.49867
0.27026
-1.19338
-1.20665
0.00651
-0.33342
-0.89084
-0.18006
-1.12362
-0.38510
-0.29096
