-1.27897
-1.11526
-1.10760
-0.68859
-1.39829
-0.63400
-1.44267
-1.55591
-1.12904
-0.60812
-0.69705
-0.33101
-1.21815
-0.36357
0.44677
-0.78675
-0.82195
-0.42462
-1.37113
2.24717
-1.43911
-1.21949
-1.19669
-1.38702
-1.22178
-1.57939
-1.14974
-0.26929
-1.58115
-1.56651
-1.56481
0.53627
-1.52929
-1.26082
-1.58105
-1.14148
-1.58269
-1.33787
-1.51303
-1.56469
-0.40530
-1.57453
-1.56133
-1.48359
-0.83529
-1.25011
-1.44415
-1.49554
-1.56294
-1.47962
-1.58251
-1.31456
-0.78826
-1.15897
-1.56762
-1.33509
-1.58416
-1.45386
-1.58337
-1.21476
-1.17416
-1.57727
-1.25719
-1.07145
-0.89264
-1.42795
-1.25490
-1.32992
-1.42590
-1.50282
-1.45789
-0.88582
-0.81166
-1.39513
-1.48973
-0.95462
-1.14089
-1.50715
-0.95219
-1.12722
-0.27644
-0.38248
-0.46067
-1.14022
-1.50857
-0.76555
-0.82703
-0.51912
-1.54187
0.95897
-1.16909
-1.31011
-0.03082
-1.12214
-1.55370
-0.84832
-0.70894
-1.57016
-1.00077
-1.55294
-1.58396
-1.56044
-1.28709
-1.49394
-0.98950
-1.44602
-1.58148
-0.93453
-0.60096
-0.92059
-1.25312
-1.21680
-1.32120
-1.56468
-0.09016
-1.56859
-0.68499
-0.88286
-0.78734
-0.53780
-1.54261
-1.57963
-0.26556
-1.34409
-1.53423
-1.28266
-1.19189
-1.02772
-1.57151
-1.36791
-1.24042
-1.57313
-1.36750
-1.49346
-0.68288
-0.65334
-1.36304
-0.48766
-1.51343
-1.45602
-1.30891
-1.54248
-1.51178
-1.42470
-1.45087
-1.46819
-1.24129
-1.18296
-1.51796
-0.74626
-1.55690
-1.21555
-1.57840
-1.58419
0.78683
-1.36999
-1.47488
-0.94681
-0.22655
-0.87627
-1.55857
-1.45987
-1.58038
-1.57309
-0.39169
-0.88046
-1.46000
-0.93783
-0.98043
-1.51876
-1.57642
-1.57986
-1.48922
-1.13558
-0.83743
-1.33533
-0.85886
-1.47543
-1.42080
-1.19781
-1.56591
-1.01583
-0.86588
-1.24281
-1.28678
-1.51521
-0.32549
-0.91358
-0.37352
-0.78180
-1.55752
-0.73849
-1.00957
-1.57747
-1.01738
-0.68416
-1.44804
-1.57336
-1.31347
-0.28414
-1.27893
-1.51814
-0.77939
-1.54346
-1.32667
-1.43878
-1.47079
-1.26423
-1.44522
-0.71250
-0.51654
-0.72382
-1.09204
-1.13105
-0.42968
-1.10689
-0.74029
-0.97323
-0.92730
-1.08122
-0.30320
-1.01257
-1.19287
-1.16502
-0.87633
-0.89701
-1.40606
-1.12132
-1.43680
-1.56672
-1.28630
-1.44495
-1.30998
-1.48096
-1.58302
-1.47150
-1.58408
-1.41414
-0.61248
-0.72021
-0.67513
-0.41073
-0.72387
-1.16449
-1.01569
-0.87598
-0.54357
-1.42630
-0.50082
-0.33918
-1.02074
-1.56239
-1.50501
-0.55291
-0.67041
-1.41856
-1.38722
-1.27545
-1.08655
-0.80459
-0.52636
-1.58305
-1.58417
-1.57129
-0.63095
-0.38104
-1.15051
0.11418
-0.85025
-0.67393
-0.48739
-0.60002
-1.30108
-0.83922
-0.95364
-1.48047
-0.91672
-0.25702
-1.26238
-1.41173
0.17917
-1.22953
-0.06807
-0.40381
-0.38446
-1.33295
-1.13502
-0.40964
-1.29828
-0.58990
0.04584
-1.44219
-1.36440
-1.15156
-1.55137
-1.25213
-0.72092
-0.63103
-0.20026
-0.72552
-1.55418
-0.00235
-1.53613
-1.12335
-0.85372
-1.14096
-0.53728
0.38883
0.37243
-1.04777
-0.29695
-1.04982
-1.18741
-0.68055
-0.92241
-1.01754
-1.01159
-1.05853
-0.94049
-1.15367
-1.41550
-1.52907
-0.58928
-0.62978
-0.40711
-1.13009
-0.66509
-0.88209
-1.44546
-1.57752
-0.64586
-1.07715
-0.92814
-0.72924
0.16684
0.36038
-0.96347
-1.14612
-1.34306
-1.31920
-0.33042
-1.57740
-1.21995
-0.21265
-1.21466
-0.94317
-0.64429
0.27026
-0.38510
