0.78211
2.22572
1.19385
2.26177
3.51589
0.92398
3.26914
0.78281
3.22779
1.49821
1.80298
0.40612
3.19227
2.22029
-1.36523
-0.98269
2.04416
0.49179
1.12298
2.48706
1.11156
4.28621
0.66289
1.86562
3.02993
-0.00979
1.84319
2.36144
1.46689
0.32602
2.31136
1.89037
2.88750
2.14956
0.40549
2.18396
2.76038
1.30817
3.33237
-0.47942
3.03599
-0.29627
-1.17828
3.93329
-0.20002
1.71072
1.38507
0.63002
0.07059
1.82935
-0.92849
-1.48848
3.39765
3.99752
2.47028
2.28610
-0.53434
2.00597
0.97467
-1.43459
3.20496
-0.04199
-0.96552
2.45145
4.65383
0.26953
-0.92217
2.83258
3.96845
-1.43749
3.76461
0.39201
2.76158
1.12220
-1.23167
-0.26745
3.60654
4.42631
1.25997
1.25642
2.52230
0.77805
-0.89788
3.86000
1.23131
2.41769
4.63853
-0.08858
4.10277
2.23782
1.97703
1.18529
0.11837
0.17821
0.22472
-1.48373
2.77835
2.14817
1.57878
0.56706
1.79237
-1.44537
-1.21771
3.64793
1.62525
2.03388
1.36622
4.83065
1.71744
2.01826
1.69808
0.26501
3.20659
1.41627
0.74623
0.20396
0.93379
1.14361
-0.74232
0.33139
-1.58316
4.25491
-1.10697
4.88989
-1.55850
2.14238
0.27588
2.74509
3.30364
2.18316
2.10168
1.57198
0.31723
1.35386
-0.92830
-0.40156
3.77548
6.11287
4.33580
4.17883
2.09963
3.01498
2.36929
3.98425
4.46076
2.32737
4.90646
2.23150
5.71635
-0.93321
2.94130
3.34486
-0.10302
3.02222
2.70074
4.81860
1.79247
5.25726
4.41049
0.47311
3.24245
1.32079
1.52821
3.65332
4.54652
6.19852
6.69725
-1.06668
2.44065
1.92922
0.48457
0.30164
5.33670
3.29031
3.70506
3.46937
5.33712
2.25543
4.10581
2.07610
1.77978
2.11509
3.20967
2.64075
5.27110
4.14229
2.08370
-0.51227
-0.28057
3.03112
3.36070
3.43456
7.43071
2.43689
4.06677
2.07509
3.75509
1.98595
4.32091
2.42965
0.17218
3.41968
0.90547
1.56184
1.11701
0.62386
3.28708
1.21582
1.79991
4.48010
0.42101
1.48977
3.24871
0.61577
1.30558
-0.56081
0.33252
0.56572
5.89545
0.86167
3.43381
2.52713
2.28178
5.63522
1.25936
-0.04668
-1.33930
1.13966
2.89141
6.64297
3.11559
0.09995
0.66226
0.78910
0.19034
1.91708
4.40867
0.53963
1.63599
0.45050
-1.24217
4.84630
2.75256
3.43501
3.31162
0.41444
0.29602
1.71016
2.61887
3.24107
1.47909
2.46425
3.50473
0.06384
4.02222
2.62468
3.43753
3.93538
3.85988
3.76856
-0.04332
1.82110
4.82880
1.97597
1.64694
3.66874
2.59591
2.01855
1.56055
3.16376
2.41434
2.56249
0.36443
0.08724
4.45870
-0.93282
0.15833
0.81658
2.07394
0.82184
4.71089
2.62825
-1.20760
1.26563
0.72755
2.06850
1.14675
1.08633
2.56366
0.67556
-1.52230
-0.78546
1.59496
1.35689
0.86664
0.38069
0.09897
-0.48659
3.20896
1.18550
-0.72834
1.66201
-0.43601
3.02892
-0.50773
-0.26471
1.58056
1.86623
0.85713
0.89800
2.36947
1.74208
-0.96978
1.11693
1.15822
1.72646
4.00595
-1.52200
1.80644
1.98518
1.32339
-0.26924
1.55678
0.76063
2.44524
-0.02631
1.41947
-0.69384
1.79704
2.53267
0.90900
0.46236
2.74059
1.15579
-0.31828
1.26614
-0.01240
1.08353
1.81066
4.13403
1.84393
0.78884
2.81967
4.50134
2.27104
2.13542
1.00762
0.24787
-0.92584
1.33292
2.55198
2.12490
-0.45382
0.45962
3.24795
2.99330
-0.99357
2.69157
0.95901
2.76912
2.50002
0.68510
1.75288
2.40032
1.87945
-0.92956
0.57615
-0.15422
0.57930
1.87907
2.58785
-0.30902
1.09146
-1.37833
0.52352
1.29366
0.34427
0.15347
2.12073
1.06321
