-2.74216
-5.47821
-5.31861
-2.71431
-3.61153
-3.96819
-4.39765
-6.34443
-4.41941
-5.88968
-3.79917
-4.76734
-1.79251
-4.18394
-4.30915
-5.00225
-3.00161
-6.21625
-2.56578
-4.87291
-5.73605
-6.55675
-5.58314
-5.82884
-6.95300
-3.85318
-3.10097
-4.29011
-3.30072
-5.62678
-5.71390
-5.44809
-4.37499
-7.36628
-5.64027
-7.25180
-4.43846
-4.56028
-4.80649
-1.96775
-1.76927
-5.61638
-2.41152
-2.99061
-6.00244
-4.03724
-4.27940
-5.32797
-5.73975
-5.15384
-2.89188
-2.83369
-4.04634
-5.85828
-2.15539
-4.25302
-4.47301
-2.00702
-6.26016
-3.81659
-3.89599
-6.21335
-5.03841
-4.39779
-1.02962
-6.60454
-5.62156
-4.52377
-4.74211
-4.27515
-4.29342
-4.76097
-6.53188
-4.11724
-5.84925
-5.35913
-3.72587
-4.47595
-4.48825
-3.28764
-4.90005
-5.01272
-5.84138
-4.58338
-4.49957
-3.79923
-4.18088
-5.12207
-4.00343
-4.18632
-5.40026
-5.17319
-3.72918
-2.08007
-3.26464
-6.29314
-7.11764
-4.21222
-4.78912
-1.08518
-1.84373
-3.02748
-5.66943
-1.85324
-5.25336
-6.30390
-5.93124
-2.81339
-5.24280
-5.86242
-4.63545
-4.89243
-3.71878
-6.32028
-6.00743
-4.76303
-6.69965
-3.89616
-6.78859
-4.50332
-5.63213
-4.61681
-3.15877
-4.86102
-4.06907
-3.32672
-3.95980
-2.55293
-3.10524
-4.40303
-5.71141
-0.15578
-3.29393
-2.94252
-0.62258
-5.42311
-3.64866
-4.38751
-4.27265
-6.23969
-5.06212
-3.00140
-6.67367
-3.35558
-4.42057
-5.01401
-6.59995
-5.83370
-4.20579
-5.29228
-5.56035
-6.14337
-2.46560
-5.45924
-4.92565
-4.56456
-4.42035
-4.80128
-5.68196
-4.89509
-6.26338
-1.56822
-4.09500
-3.46250
-0.87793
-2.96311
-4.59868
-1.96338
-4.15876
-5.86506
-3.02242
-4.93695
-3.20804
-3.57135
-4.43567
-3.14031
-5.40519
-4.97794
-6.08147
-3.12827
-3.88029
