-2.76046
-5.97512
-4.06007
-4.59183
-3.63274
-4.21234
-4.32862
-2.89851
-4.30367
-1.01106
-1.32147
-3.86514
-6.22647
-3.34881
-4.98258
-1.57650
-5.45576
-6.50759
-0.20351
-3.74302
-4.05964
-3.46630
-3.11831
-4.75985
-3.77698
-5.60310
-2.52740
-2.44466
-0.64407
-4.22961
-5.10815
-4.18206
-6.42523
-5.05743
-4.71889
-4.34001
-5.53398
-2.72897
-3.47949
-5.42286
-6.57927
-4.89054
-2.52319
-3.51341
-1.62503
-1.90022
-4.96931
-3.39522
-5.59704
-5.63529
-3.85367
-3.21726
-0.33988
-5.27665
-0.88784
-3.93373
-2.22921
-4.15318
-3.40103
-6.46870
-7.32673
-3.55654
-0.41285
1.12508
-4.39791
-1.21981
-1.84239
-3.91051
-3.01721
-5.83758
-3.89328
-4.47365
-2.10380
-4.55934
-4.84012
-3.36045
-2.50506
-3.33996
-3.08409
-5.26052
-5.18055
-3.88055
-2.74783
-4.67171
-2.44523
-5.67601
-3.68592
-5.69960
-3.60616
-2.78993
-3.18674
-2.98665
-2.79377
-3.96889
-3.15466
-2.34623
-4.07431
-5.07454
-4.89701
-4.04188
-1.81927
-4.03951
-2.51165
-0.79628
-5.34438
-1.77687
-0.99851
-2.33129
-4.57575
-3.14510
-7.98964
-2.83872
-4.92565
-1.97299
-6.85204
-2.08844
-4.04403
-5.86946
-2.12644
-1.07559
-2.68602
-3.13443
-1.85669
-4.35738
-5.12301
-1.47046
-3.25211
-4.49367
-5.99835
-4.54253
-4.25452
-4.14728
-2.93835
-3.44544
-2.31659
-4.97074
-3.81558
-4.71429
-4.11088
-3.99072
-5.02865
-3.43525
-2.67077
-0.86992
-3.06676
-1.93168
-2.67845
-3.49606
-0.54711
-5.91386
-5.06144
-4.08351
-2.54996
-2.97460
-2.53133
-4.46658
-4.78805
-3.14299
-2.49995
-4.79486
-4.17788
1.41777
-6.09986
-3.56136
-0.72240
-3.22970
-3.94928
-2.49843
-4.71146
-4.73704
-5.16876
-6.50810
-4.66641
-3.75425
-4.18378
-3.01449
-3.73196
-2.75569
0.29764
-5.50625
-2.04197
-4.08135
-4.46058
-1.91870
-4.40037
-1.47798
-2.82063
-1.84808
-5.01345
-6.24878
-3.90321
1.28841
-2.62838
-4.00727
-1.88136
-1.86849
-0.61191
-3.67712
-5.26572
-2.50589
-4.95150
-2.41835
-7.16695
-2.86890
-4.09940
-5.29117
-4.60944
-3.84673
-0.70146
-1.74491
-2.16849
-4.68015
-3.27097
-5.20716
-5.06750
-2.11109
-4.89589
-1.94623
-2.65969
-6.98043
-4.56629
-3.49242
-2.27301
-1.28167
-2.42643
-3.33687
-3.62140
-3.06246
-7.73713
-4.45274
-2.80729
-2.13852
-2.76797
-3.74241
-2.43232
-3.02465
-1.17032
-3.61431
-5.55721
-5.06727
-2.82836
-2.42063
-5.20354
-4.07177
-1.44492
-4.77713
-5.25900
-5.44520
-7.36257
-3.05270
-4.28684
-1.23140
-5.52776
1.10906
-5.42959
-3.38235
-2.51376
-5.09832
-3.61989
-2.14062
-4.34912
-6.49330
-4.08562
-3.76448
-3.68268
-4.82231
-3.92577
-1.93080
-1.57396
-6.16838
-4.53739
-0.96943
-3.73237
-4.53081
-2.92319
-2.38775
-1.34180
-3.37284
-8.58844
-5.09077
-3.73892
-2.30696
-4.14058
-3.57378
-2.57034
-3.95864
-4.59493
-5.54201
-1.83616
-3.31349
-3.76939
-7.08997
-5.04277
-4.49704
-3.35020
-4.00335
-3.81380
-0.30482
-0.41287
-6.18952
-3.06211
-1.88126
-1.16588
-4.09520
-3.54328
-2.82009
-1.89618
-1.22744
-4.97277
-5.60577
-3.43223
-5.50877
-5.36577
-5.16739
-6.37459
-4.85422
-3.54842
-1.73598
-4.90791
-4.13079
-6.51166
-4.25870
-6.28513
-3.74755
-1.37246
-0.44387
-2.10295
-1.93055
-2.99300
-5.82146
-4.96428
-4.57946
-3.15432
-4.05008
-2.77908
-4.66308
-3.90262
-5.87102
-4.19956
-4.02719
-1.08981
-4.38585
-2.27624
-3.09952
-1.05812
-5.22767
-6.69991
-2.94113
-5.56456
-4.93198
-1.31772
-4.13965
-3.42071
-5.52738
-3.79164
-4.83142
-4.09491
-1.23977
-1.96718
-4.91629
-4.50694
-3.33278
-5.13536
-4.80232
-5.30689
-2.48803
-4.47480
-4.92877
-6.12471
-1.70580
-2.36495
-0.11132
-2.83426
-2.36958
-1.89211
-3.10847
-5.56857
-4.03339
-5.34714
-2.63740
-2.91304
-6.13625
-6.46693
-6.89336
-5.49386
-1.99088
-3.64544
-0.83676
-2.98640
-2.58682
-4.83666
-3.57696
-5.39550
-2.38193
-4.77669
-4.02406
-3.72492
-3.58603
-5.12790
-4.91429
-4.57542
-4.91631
-6.58241
-1.31759
-4.22705
-3.68572
-0.66786
-3.05948
-2.63969
-0.48005
-4.23789
-4.02498
-4.92658
-6.06138
-3.02676
-3.96751
-4.80865
-5.03907
-3.27913
-6.40648
-0.61218
-3.76822
-4.94654
-6.09109
-0.85355
-0.47274
-6.08594
-1.60287
-3.28881
-2.56426
-6.47738
-4.44145
-2.20523
-4.12839
-5.26995
-2.79160
-2.33338
-3.90983
-3.99301
-2.63320
-7.02371
-1.38807
-2.03743
-5.23640
-3.09749
-7.47891
-4.29399
-4.48450
-4.13570
-4.86643
-6.35229
-4.61462
-4.42588
-0.49214
-3.80575
-2.52951
-2.89774
-4.84552
-4.45212
0.07098
-3.80519
-0.96052
-4.22461
-3.05002
-4.20986
-2.72980
2.59241
-2.70162
-2.94028
-1.92106
-5.47553
-3.87199
-3.02440
-6.07781
-4.39771
-4.37551
-3.86334
-2.40887
-5.99722
-1.81006
-3.12722
-6.19043
-3.71334
-4.19574
-4.15507
-3.69918
-4.02734
-6.41293
-2.21642
-3.93443
-5.44904
-3.95778
-1.79367
-4.02493
-4.13666
-2.61567
-2.93757
-1.58302
-4.62489
-5.49935
-3.69373
-3.40100
-5.11931
-4.18289
-3.85626
-3.75845
-1.79159
-2.92116
-6.74096
-4.39283
-3.08497
-4.40142
-5.41309
-3.55228
-4.39796
-3.38273
-0.80713
-0.09877
-5.41956
-4.88943
-4.48113
-2.72257
-0.81697
-2.83981
-2.78247
-3.82436
-4.90242
-7.07745
-5.31848
-2.81199
-5.22204
-3.49438
-1.70154
-2.16990
-1.95855
-5.25502
-0.65136
-6.66462
-1.39404
1.81320
-4.44493
-3.69606
-3.66377
-4.16519
-1.80225
-0.83769
-0.00507
-4.48137
-4.19061
-2.42929
-3.66882
-4.20689
-0.74078
-4.00326
-6.17552
-3.82717
-2.40276
-4.18722
-5.60011
-4.47306
-3.41380
-4.76385
-3.16582
-3.90234
-4.30950
0.80821
-4.48440
-3.93781
-3.87826
-3.52429
-4.69779
-0.75892
-2.39175
-3.59446
-0.58723
-2.66261
-2.36433
-5.26911
-3.83971
-4.49552
-4.05578
-5.25076
-4.51492
-1.33977
-2.02239
-3.38915
-4.12103
-0.74696
-7.18623
-3.72215
-5.37059
-2.16036
-4.69811
1.07405
-3.69889
-5.41772
-4.96901
-5.35076
-2.20346
-3.07444
-4.34684
-3.18990
-3.41904
-4.03422
-6.01911
-3.10327
-3.71043
-3.80763
-5.34436
-4.27717
-6.52671
-3.76836
-3.08059
-2.53732
-3.05599
-0.64281
-4.59889
-4.25424
-3.13264
-4.49407
-2.68727
-4.02284
-6.45482
-4.97001
-2.66760
-3.48905
-4.50768
-0.81431
-0.86466
-2.23056
-0.27506
-3.07329
-1.42302
-3.43942
-4.73100
-6.72029
-5.49548
-4.69062
-4.51631
-2.77665
-3.29153
-4.09850
-4.01389
-2.80989
-1.30337
-4.75674
-2.80809
-4.76740
-2.97593
-5.12107
-3.91872
-4.88827
-3.68827
-3.38204
-4.92887
-4.30585
-4.16997
-4.40596
-5.04722
-6.67863
-3.00802
-2.99922
-2.91795
-4.31770
-6.13502
-3.17230
-3.43772
-4.82412
-2.59096
-2.97798
-4.07269
-0.58427
-2.46413
-5.09429
-4.75486
-3.89737
-3.39356
-1.47202
-2.78150
-4.27681
-4.23301
-5.80495
-5.79877
-3.66431
-5.42267
-0.33827
-4.24601
-4.90401
-2.54674
-4.98671
-3.00257
-4.57770
-3.64366
-3.08575
-3.63786
0.29567
-3.44313
-5.96714
-6.35019
-3.41013
-4.12181
-2.86575
-5.11775
-3.85505
-4.08954
-1.97560
-3.26619
-4.78950
-4.61709
-5.02642
-4.36414
-3.81536
-3.71476
-3.81313
-3.38507
-3.34664
-3.77598
-1.62932
-4.36660
-4.06223
-3.17945
-2.70736
-4.50246
-3.71721
-4.45502
-4.99787
-2.52498
-4.54806
-3.96606
-5.11115
-3.60834
-4.27433
-3.17143
-5.37004
-2.02673
-3.20274
-3.57062
-4.66025
-2.81435
-3.87279
-4.15966
-5.42606
-3.55304
-1.03053
-3.73735
-5.77293
-4.97185
-3.36230
-6.61381
1.31377
-6.47261
-4.20623
-6.17212
-4.50172
-4.70259
-4.36259
-2.40865
-3.97305
-2.24837
-4.10220
-2.38637
-2.52429
-2.81852
-2.80199
-5.61665
-2.77080
-4.31617
-4.05713
-2.85947
-4.69941
-5.62258
-7.17682
-5.25957
-1.69184
-2.64980
-3.57478
-3.76812
-1.38496
-2.94931
-6.67763
-4.34802
-4.35243
-3.15083
-2.69646
-4.49095
-2.25033
-2.65206
-3.09883
-4.66528
-1.28940
-1.83979
-6.08090
-1.52770
-5.47601
-6.42883
-4.87748
-4.50997
-6.58729
-3.23043
-4.60516
-3.43545
-0.43884
-4.84930
-5.97920
-3.40236
-3.45173
-0.65684
-1.57677
-4.44784
-5.87053
-2.02701
-3.34450
-4.82649
-6.23802
-5.01908
-4.32223
-6.95736
-3.25088
-0.11485
