-2.76046
-5.97512
-2.74216
-4.06007
-5.47821
-4.59183
-3.63274
-4.21234
-4.32862
-2.89851
-4.30367
-1.01106
-1.32147
-3.86514
-6.22647
-5.31861
-3.34881
-4.98258
-1.57650
-5.45576
-2.71431
-6.50759
-0.20351
-3.74302
-4.05964
-3.46630
-3.11831
-4.75985
-3.61153
-3.96819
-3.77698
-5.60310
-2.52740
-2.44466
-0.64407
-4.22961
-5.10815
-4.39765
-4.18206
-6.42523
-6.34443
-5.05743
-4.71889
-4.34001
-5.53398
-2.72897
-3.47949
-5.42286
-4.41941
-5.88968
-6.57927
-4.89054
-3.79917
-2.52319
-3.51341
-1.62503
-1.90022
-4.96931
-3.39522
-4.76734
-1.79251
-5.59704
-4.18394
-5.63529
-3.85367
-3.21726
-0.33988
-5.27665
-0.88784
-3.93373
-2.22921
-4.15318
-4.30915
-3.40103
-6.46870
-7.32673
-3.55654
-0.41285
1.12508
-4.39791
-1.21981
-1.84239
-3.91051
-3.01721
-5.83758
-5.00225
-3.89328
-3.00161
-4.47365
-2.10380
-4.55934
-4.84012
-3.36045
-2.50506
-3.33996
-3.08409
-5.26052
-6.21625
-5.18055
-3.88055
-2.56578
-2.74783
-4.67171
-2.44523
-5.67601
-3.68592
-4.87291
-5.69960
-3.60616
-2.78993
-3.18674
-2.98665
-5.73605
-2.79377
-3.96889
-3.15466
-2.34623
-4.07431
-5.07454
-6.55675
-4.89701
-4.04188
-5.58314
-5.82884
-1.81927
-4.03951
-2.51165
-0.79628
-5.34438
-1.77687
-0.99851
-2.33129
-4.57575
-3.14510
-7.98964
-6.95300
-2.83872
-4.92565
-1.97299
-6.85204
-3.85318
-2.08844
-3.10097
-4.04403
-5.86946
-2.12644
-1.07559
-2.68602
-3.13443
-1.85669
-4.35738
-4.29011
-5.12301
-1.47046
-3.25211
-4.49367
-5.99835
-4.54253
-4.25452
-4.14728
-2.93835
-3.44544
-2.31659
-4.97074
-3.81558
-4.71429
-4.11088
-3.99072
-3.30072
-5.62678
-5.02865
-3.43525
-2.67077
-0.86992
-3.06676
-1.93168
-5.71390
-5.44809
-2.67845
-3.49606
-0.54711
-5.91386
-4.37499
-5.06144
-4.08351
-2.54996
-2.97460
-2.53133
-4.46658
-7.36628
-5.64027
-4.78805
-3.14299
-2.49995
-4.79486
-4.17788
1.41777
-7.25180
-6.09986
-3.56136
-4.43846
-0.72240
-3.22970
-3.94928
-2.49843
-4.71146
-4.73704
-5.16876
-6.50810
-4.56028
-4.66641
-3.75425
-4.18378
-4.80649
-3.01449
-3.73196
-2.75569
0.29764
-5.50625
-2.04197
-1.96775
-4.08135
-4.46058
-1.91870
-4.40037
-1.47798
-2.82063
-1.76927
-1.84808
-5.01345
-5.61638
-6.24878
-3.90321
1.28841
-2.62838
-4.00727
-1.88136
-1.86849
-0.61191
-3.67712
-5.26572
-2.50589
-4.95150
-2.41835
-2.41152
-7.16695
-2.99061
-2.86890
-4.09940
-5.29117
-6.00244
-4.03724
-4.60944
-3.84673
-0.70146
-1.74491
-2.16849
-4.68015
-3.27097
-5.20716
-5.06750
-2.11109
-4.89589
-1.94623
-2.65969
-6.98043
-4.27940
-5.32797
-4.56629
-3.49242
-2.27301
-1.28167
-2.42643
-3.33687
-3.62140
-3.06246
-7.73713
-5.73975
-5.15384
-4.45274
-2.80729
-2.13852
-2.76797
-3.74241
-2.43232
-2.89188
-3.02465
-1.17032
-3.61431
-2.83369
-4.04634
-5.55721
-5.06727
-2.82836
-2.42063
-5.20354
-4.07177
-1.44492
-4.77713
-5.85828
-5.25900
-2.15539
-5.44520
-7.36257
-4.25302
-3.05270
-4.28684
-1.23140
-5.52776
1.10906
-5.42959
-4.47301
-3.38235
-2.51376
-5.09832
-3.61989
-2.14062
-2.00702
-4.34912
-6.49330
-6.26016
-4.08562
-3.81659
-3.76448
-3.68268
-4.82231
-3.92577
-1.93080
-1.57396
-6.16838
-3.89599
-4.53739
-0.96943
-3.73237
-4.53081
-2.92319
-2.38775
-1.34180
-3.37284
-8.58844
-6.21335
-5.09077
-3.73892
-2.30696
-5.03841
-4.39779
-4.14058
-3.57378
-2.57034
-3.95864
-4.59493
-5.54201
-1.02962
-1.83616
-3.31349
-3.76939
-7.08997
-6.60454
-5.04277
-4.49704
-5.62156
-3.35020
-4.00335
-4.52377
-3.81380
-0.30482
-0.41287
-6.18952
-3.06211
-1.88126
-1.16588
-4.74211
-4.09520
-3.54328
-2.82009
-1.89618
-1.22744
-4.97277
-4.27515
-5.60577
-4.29342
-3.43223
-5.50877
-4.76097
-5.36577
-5.16739
-6.37459
-4.85422
-3.54842
-1.73598
-6.53188
-4.90791
-4.13079
-6.51166
-4.11724
-4.25870
-6.28513
-3.74755
-1.37246
-0.44387
-2.10295
-1.93055
-2.99300
-5.82146
-5.84925
-4.96428
-4.57946
-3.15432
-4.05008
-2.77908
-4.66308
-3.90262
-5.87102
-4.19956
-5.35913
-4.02719
-1.08981
-4.38585
-3.72587
-2.27624
-3.09952
-1.05812
-5.22767
-6.69991
-4.47595
-2.94113
-5.56456
-4.93198
-4.48825
-1.31772
-4.13965
-3.42071
-3.28764
-5.52738
-4.90005
-3.79164
-4.83142
-4.09491
-1.23977
-1.96718
-4.91629
-4.50694
-3.33278
-5.01272
-5.13536
-4.80232
-5.30689
-5.84138
-2.48803
-4.47480
-4.92877
-4.58338
-6.12471
-1.70580
-2.36495
-0.11132
-2.83426
-2.36958
-1.89211
-3.10847
-5.56857
-4.03339
-5.34714
-2.63740
-2.91304
-4.49957
-6.13625
-6.46693
-3.79923
-6.89336
-4.18088
-5.49386
-1.99088
-3.64544
-0.83676
-2.98640
-2.58682
-4.83666
-3.57696
-5.12207
-5.39550
-2.38193
-4.00343
-4.77669
-4.02406
-3.72492
-3.58603
-4.18632
-5.12790
-4.91429
-4.57542
-5.40026
-4.91631
-5.17319
-6.58241
-1.31759
-4.22705
-3.68572
-0.66786
-3.05948
-2.63969
-0.48005
-4.23789
-4.02498
-4.92658
-6.06138
-3.72918
-3.02676
-3.96751
-4.80865
-2.08007
-5.03907
-3.27913
-6.40648
-0.61218
-3.76822
-4.94654
-6.09109
-3.26464
-0.85355
-0.47274
-6.08594
-1.60287
-3.28881
-2.56426
-6.47738
-4.44145
-2.20523
-6.29314
-4.12839
-7.11764
-5.26995
-2.79160
-2.33338
-3.90983
-4.21222
-3.99301
-4.78912
-2.63320
-7.02371
-1.38807
-2.03743
-5.23640
-3.09749
-7.47891
-1.08518
-4.29399
-4.48450
-4.13570
-4.86643
-6.35229
-1.84373
-4.61462
-4.42588
-0.49214
-3.80575
-2.52951
-2.89774
-4.84552
-4.45212
0.07098
-3.80519
-0.96052
-4.22461
-3.02748
-3.05002
-4.20986
-2.72980
2.59241
-2.70162
-2.94028
-1.92106
-5.47553
-3.87199
-5.66943
-3.02440
-6.07781
-4.39771
-4.37551
-3.86334
-1.85324
-2.40887
-5.99722
-1.81006
-5.25336
-3.12722
-6.19043
-3.71334
-4.19574
-4.15507
-6.30390
-3.69918
-5.93124
-4.02734
-6.41293
-2.21642
-3.93443
-2.81339
-5.44904
-3.95778
-1.79367
-4.02493
-4.13666
-2.61567
-2.93757
-5.24280
-1.58302
-4.62489
-5.49935
-3.69373
-3.40100
-5.11931
-4.18289
-3.85626
-3.75845
-1.79159
-2.92116
-6.74096
-5.86242
-4.63545
-4.39283
-4.89243
-3.08497
-4.40142
-5.41309
-3.55228
-4.39796
-3.71878
-3.38273
-0.80713
-0.09877
-5.41956
-4.88943
-4.48113
-2.72257
-0.81697
-2.83981
-2.78247
-3.82436
-6.32028
-6.00743
-4.90242
-7.07745
-5.31848
-4.76303
-2.81199
-5.22204
-3.49438
-1.70154
-2.16990
-1.95855
-5.25502
-0.65136
-6.66462
-6.69965
-1.39404
1.81320
-4.44493
-3.69606
-3.66377
-4.16519
-1.80225
-0.83769
-0.00507
-4.48137
-3.89616
-4.19061
-2.42929
-6.78859
-3.66882
-4.20689
-0.74078
-4.00326
-6.17552
-3.82717
-2.40276
-4.50332
-5.63213
-4.18722
-5.60011
-4.47306
-3.41380
-4.61681
-4.76385
-3.15877
-3.16582
-3.90234
-4.30950
0.80821
-4.48440
-3.93781
-3.87826
-3.52429
-4.86102
-4.69779
-0.75892
-2.39175
-3.59446
-0.58723
-2.66261
-2.36433
-5.26911
-3.83971
-4.49552
-4.06907
-4.05578
-3.32672
-5.25076
-4.51492
-1.33977
-2.02239
-3.38915
-4.12103
-0.74696
-7.18623
-3.95980
-3.72215
-5.37059
-2.55293
-2.16036
-4.69811
1.07405
-3.69889
-5.41772
-3.10524
-4.96901
-5.35076
-4.40303
-2.20346
-3.07444
-4.34684
-3.18990
-3.41904
-4.03422
-6.01911
-3.10327
-5.71141
-0.15578
-3.71043
-3.80763
-5.34436
-3.29393
-4.27717
-6.52671
-3.76836
-3.08059
-2.53732
-3.05599
-0.64281
-4.59889
-4.25424
-3.13264
-4.49407
-2.94252
-2.68727
-4.02284
-6.45482
-0.62258
-4.97001
-2.66760
-3.48905
-4.50768
-0.81431
-0.86466
-2.23056
-0.27506
-3.07329
-5.42311
-1.42302
-3.64866
-3.43942
-4.73100
-6.72029
-4.38751
-5.49548
-4.69062
-4.51631
-2.77665
-4.27265
-3.29153
-4.09850
-6.23969
-4.01389
-2.80989
-1.30337
-4.75674
-2.80809
-4.76740
-2.97593
-5.06212
-5.12107
-3.00140
-3.91872
-4.88827
-3.68827
-3.38204
-4.92887
-6.67367
-4.30585
-4.16997
-4.40596
-3.35558
-5.04722
-6.67863
-3.00802
-2.99922
-2.91795
-4.31770
-4.42057
-6.13502
-5.01401
-3.17230
-3.43772
-4.82412
-2.59096
-2.97798
-4.07269
-0.58427
-2.46413
-5.09429
-6.59995
-4.75486
-3.89737
-3.39356
-1.47202
-2.78150
-4.27681
-4.23301
-5.80495
-5.83370
-5.79877
-3.66431
-5.42267
-0.33827
-4.20579
-4.24601
-5.29228
-4.90401
-2.54674
-4.98671
-3.00257
-4.57770
-3.64366
-3.08575
-3.63786
0.29567
-3.44313
-5.96714
-6.35019
-5.56035
-6.14337
-3.41013
-4.12181
-2.46560
-2.86575
-5.11775
-5.45924
-3.85505
-4.08954
-1.97560
-3.26619
-4.78950
-4.92565
-4.61709
-5.02642
-4.36414
-3.81536
-4.56456
-3.71476
-3.81313
-4.42035
-3.38507
-3.34664
-3.77598
-1.62932
-4.36660
-4.06223
-4.80128
-3.17945
-2.70736
-4.50246
-3.71721
-4.45502
-4.99787
-2.52498
-5.68196
-4.54806
-3.96606
-5.11115
-3.60834
-4.89509
-4.27433
-3.17143
-5.37004
-2.02673
-6.26338
-3.20274
-3.57062
-4.66025
-2.81435
-1.56822
-3.87279
-4.15966
-5.42606
-4.09500
-3.55304
-1.03053
-3.73735
-5.77293
-4.97185
-3.36230
-3.46250
-0.87793
-6.61381
1.31377
-6.47261
-4.20623
-6.17212
-4.50172
-4.70259
-4.36259
-2.96311
-2.40865
-3.97305
-2.24837
-4.10220
-2.38637
-4.59868
-2.52429
-2.81852
-2.80199
-5.61665
-1.96338
-2.77080
-4.31617
-4.05713
-2.85947
-4.69941
-4.15876
-5.62258
-7.17682
-5.25957
-1.69184
-2.64980
-3.57478
-3.76812
-1.38496
-2.94931
-6.67763
-5.86506
-3.02242
-4.34802
-4.93695
-4.35243
-3.15083
-2.69646
-4.49095
-2.25033
-3.20804
-2.65206
-3.09883
-3.57135
-4.66528
-1.28940
-1.83979
-6.08090
-1.52770
-5.47601
-6.42883
-4.87748
-4.43567
-4.50997
-3.14031
-6.58729
-3.23043
-4.60516
-3.43545
-0.43884
-4.84930
-5.40519
-4.97794
-5.97920
-3.40236
-3.45173
-0.65684
-1.57677
-4.44784
-5.87053
-6.08147
-2.02701
-3.34450
-4.82649
-6.23802
-5.01908
-3.12827
-4.32223
-6.95736
-3.25088
-3.88029
-0.11485
