7.60251
9.76204
7.82210
5.91480
2.02614
6.77479
6.08229
2.33974
6.79611
5.72839
7.86189
4.48034
2.40920
9.08297
3.26097
9.93261
7.98865
-3.12021
8.15650
9.93261
6.94992
6.69507
9.93261
1.69376
6.51489
3.30157
4.68426
7.23151
4.85562
6.76809
7.82781
5.88058
7.27716
7.29739
4.57087
5.78805
8.13845
-2.05773
0.66865
8.86385
8.53029
4.45318
7.90369
3.21882
6.38189
6.77491
5.67348
6.75528
4.81699
2.86251
5.83859
4.32216
5.27217
5.14696
7.74638
6.71705
5.40111
8.70669
6.09311
7.26691
9.93261
7.23626
5.66486
4.44493
9.00176
7.92983
3.71868
5.32161
8.32702
9.93261
4.61012
4.68161
7.80359
9.04670
2.76595
7.61042
5.56112
4.88968
1.86901
5.59826
7.08681
3.03704
9.93261
5.65797
4.77759
9.93261
9.93261
9.93261
5.94463
5.33563
7.04297
2.00962
5.94871
9.93261
4.49637
5.27152
-0.38922
8.61725
6.94236
8.32501
3.94088
3.58562
6.91248
4.85945
3.01459
1.33321
4.53372
4.49131
2.16815
6.05767
5.12115
5.68902
4.56487
1.15062
7.11028
5.20820
2.10145
6.94401
8.00241
4.99610
7.08253
5.86427
2.18509
3.96996
-1.37196
6.96934
5.90672
4.15035
6.17102
8.92878
4.75404
4.60383
2.16453
0.34701
5.38892
4.72229
4.18819
5.87569
2.86444
3.53555
7.67717
7.20272
8.11898
2.05824
5.29115
9.93261
6.80018
6.45162
2.71912
7.12096
2.64502
7.21791
5.09178
7.54117
8.90418
8.51397
7.87877
5.13486
6.76998
3.80050
5.47042
9.93261
7.95060
0.32256
8.87788
5.74541
7.91705
3.00032
4.63956
4.92962
5.77946
3.03866
6.17594
8.34914
3.47514
5.60583
4.83475
-1.02116
-0.40960
7.64416
4.96898
9.93261
