-1.80260
-2.14698
-0.69536
-1.32786
-0.56667
-2.15094
-2.12156
-1.90678
-1.03045
-0.80483
-1.35047
-2.42929
-1.29031
-2.02536
-2.05727
-1.94668
-0.31829
-1.81409
-2.80282
-1.28013
1.06716
-1.22931
-1.52538
-2.10596
-2.35604
-1.43272
-0.53106
-0.87509
-1.41756
-2.12971
-2.39891
-1.69135
-1.64760
-1.16088
-0.70757
-1.69281
-1.30666
-1.18213
-0.76773
-2.10052
-1.29600
-1.64249
-0.93640
-2.90750
-1.70156
-0.11834
-1.91669
-1.87826
-2.73919
-2.05084
-0.06509
-2.70007
-2.76484
0.01828
-1.07301
-1.15176
-1.92659
-1.64615
-2.11980
-1.34558
-1.11689
-0.44698
-1.13592
0.00218
0.75665
-1.03995
-2.09347
0.43769
-2.30570
-1.75728
0.20924
-1.95036
-2.69454
-1.25135
0.03986
-1.81415
-3.29468
-1.78272
-0.76185
-2.10286
-1.68782
-1.19763
-0.13534
-1.45143
-2.80393
-1.51803
-2.49662
-1.31018
-2.30904
-0.70324
-1.41495
-1.40178
-2.44488
-2.97617
-1.68091
1.84136
-3.32901
-1.74789
-0.61151
-3.13833
-1.87770
-0.40672
2.68840
-1.88733
-2.86289
-1.15118
-0.79034
1.10172
-0.38317
-0.90775
-2.74625
-2.23436
-0.52242
-0.89880
0.16746
-0.25586
-2.05570
-1.75812
-0.58002
-0.68351
-3.38857
-1.69930
-1.27407
-1.96017
-1.52162
-2.47699
-1.28582
-0.90840
-1.87770
-1.80725
-1.31952
-1.54721
-0.61027
-2.36669
-0.97616
-0.26671
-1.27099
-1.16250
-2.06334
-1.83411
-0.55475
-1.72898
-2.38442
0.11493
-1.76810
-1.58323
-0.80978
-0.98572
-2.04892
-1.85737
-3.00355
-2.24005
-2.12221
-1.38291
0.05224
0.41381
-2.53222
-1.62152
-0.99824
-2.17694
-2.14968
-0.02225
-1.98081
-1.80573
-0.87499
-1.43349
-1.51234
0.34501
-2.79687
-0.25781
-1.67191
-1.35438
-1.88997
-1.17225
-2.29908
-2.57439
1.15135
-1.45833
-0.64860
-2.95888
-0.83381
-1.77680
-1.72994
0.29921
-2.59002
-3.46790
-1.04355
0.20549
-2.32094
-2.38665
-1.72110
-1.07295
-0.91927
-2.39930
-1.20094
-1.63876
-1.69404
-1.14989
-0.62615
-3.53256
-1.30446
-2.06377
0.40184
-1.21539
-0.89309
-1.90077
-1.23645
-1.41560
-1.42345
-2.39720
-1.13482
-1.11011
-1.46752
-1.15138
-0.77551
-3.00519
-0.93328
0.09803
-1.66741
-2.56240
-0.14326
-0.73203
-2.13104
-1.49762
-1.80186
-1.98344
-1.12239
0.82856
-2.44701
-0.96511
-2.03363
-1.76054
0.99688
-2.91690
-1.81239
-1.87719
-2.29270
-1.63870
-1.02970
-0.90798
-2.66272
-2.11916
-1.88698
-0.79201
-1.87424
-2.58374
-1.95102
-0.11715
-3.05922
-0.27159
0.03433
-0.83998
-2.11584
-1.37824
-1.36459
-1.68202
-0.21617
-1.47580
-2.62443
-0.50458
-2.08312
-2.68014
-1.41423
-1.33788
-2.35615
-1.44147
-3.98176
5.55710
-1.09369
0.12548
-0.54373
-2.94452
-0.73521
-0.08757
-2.21478
-2.66500
-0.12369
-2.67952
-1.69131
-0.58296
-2.52185
-1.75886
-1.63416
-0.26928
-0.65457
-0.49508
-2.38264
-2.03888
-1.19335
-0.84338
0.45191
-2.78663
-1.04736
-3.15683
-0.64901
-1.29459
-0.55033
-1.00651
-0.92604
-1.52689
-0.47688
-1.32809
-0.85913
-2.11252
-0.52311
-3.43315
-1.08241
-0.87568
-2.01357
-3.33402
-0.86717
-1.25773
-0.88271
-0.67541
-2.08361
-3.18090
0.23711
-3.00951
-0.48268
-2.72441
-0.90266
-0.61862
-1.57844
-2.05488
-1.12033
-1.70847
-0.61517
0.27447
-0.04736
1.21381
-2.30330
-0.73305
-2.13861
-0.38852
-1.67671
-0.89728
-1.94338
-2.03542
-1.07540
-2.17034
-3.21955
-0.58966
-2.70354
-1.80802
-0.45138
-1.03991
-2.06372
-2.63972
-1.00753
-1.97370
-3.29538
-2.08144
-1.00667
-1.54149
-1.83722
-0.90066
-2.65061
-0.22178
-2.90628
-3.73299
-2.06444
-0.37850
-1.99279
-1.04663
-2.09040
-1.89519
-0.49449
-1.03266
-3.04938
-1.34463
-2.08787
0.28792
-1.58441
-1.02851
-1.17395
-0.34092
-1.81798
-1.71925
-2.93091
-1.57417
-0.76166
-2.84791
-1.76282
-1.47740
-1.93530
-2.04241
-1.14716
0.20442
-3.21080
-1.19279
-0.24700
-2.38542
-1.78479
-0.71969
0.57831
-2.02327
-0.23555
-2.38871
-1.71803
-1.91883
-1.88925
-2.06447
-2.21575
-1.47954
-1.38240
0.19542
-0.98925
-1.06126
-1.10850
-1.84114
-0.36647
-2.15463
-2.59489
-1.82503
-0.26547
-1.71897
-2.22405
-0.38181
-2.24376
-0.51362
-0.68346
2.03677
-1.61037
-2.31335
0.92138
-2.43691
-1.02961
-2.51273
-1.25151
-1.30906
-2.43005
-1.46410
-1.32525
-0.79394
0.41230
-0.69168
-2.58561
-1.63256
-0.95274
0.05165
-1.26659
-3.16312
-1.65363
-0.51286
-0.17180
-2.35356
-0.57659
-1.82993
-0.71317
-2.04971
-2.23400
-1.45846
-1.10644
-2.16552
-1.37768
-2.11006
0.41348
-1.36779
-3.26414
-2.06406
-1.96469
-0.85715
-1.15096
-1.97141
-1.56510
-1.86618
-1.36231
-1.09068
-1.76788
-2.15239
-1.87824
0.61201
-2.34335
-1.75060
-1.39606
-0.35162
-1.66091
-0.04666
-2.18655
-1.71839
-1.19947
-2.25625
-0.04831
-0.33738
-1.50609
-1.10048
-3.18289
-0.95973
-2.09576
-2.07974
-1.48679
-0.22676
-2.24594
-2.76682
-2.28223
-1.29028
-1.33095
-1.22528
-1.55103
-0.95530
-0.57849
-1.99601
-1.54525
-2.43201
-1.46137
-1.93979
-1.66343
-1.44858
-0.46461
-2.09875
-1.80444
-1.98939
-1.75109
-1.21997
-2.02461
0.14809
-2.40013
-1.90991
-1.63302
-1.30348
0.49173
-1.07705
-1.44299
0.82497
-3.17553
-1.67739
-0.96037
-0.14080
-0.75356
-0.85867
-1.37121
-2.00588
-1.27526
-1.29802
-0.87553
-1.75632
-1.70971
-1.81613
-1.76216
-0.50488
-2.04500
-1.81789
-2.72741
-0.40213
0.10560
-2.79929
-3.23451
-2.97337
-3.34356
-1.60309
-2.15385
-2.72086
-1.55754
-3.37816
-2.34278
-1.28286
-2.59117
0.75568
-2.00214
-3.23078
0.01363
-3.30073
-1.30045
-1.19792
-2.26794
-0.23599
0.35332
-2.69213
-2.38789
-0.90951
-2.65339
-1.40746
-1.42629
-2.10354
0.07257
-0.65972
-0.73508
-2.38921
-2.57763
-0.25085
0.35969
-0.42723
-1.94311
-0.75474
0.19905
0.01454
-0.61029
-1.74545
-1.71752
-1.28337
-1.70850
-0.37656
-0.51431
-1.78632
-1.82232
-0.70010
-1.34616
-2.48307
-0.35332
-1.60354
5.67374
-3.15891
-3.36013
-3.53325
-3.47829
-1.72550
-3.82606
4.00918
-2.80366
-1.25159
-0.57518
-1.63463
-0.55905
0.26868
0.03557
-2.51585
-0.46169
-1.30615
-1.68985
-1.54585
-0.53855
-1.73738
-1.11225
-0.65104
0.41021
0.86638
-1.63217
-1.84567
-0.59653
-1.29476
0.46289
-1.26666
-2.63300
1.23495
-1.48895
-1.13731
-0.96894
-1.96903
-2.49947
-0.81145
-2.61313
-2.07351
-1.09764
0.03405
-2.81074
-0.85273
-1.19430
-3.19858
-3.78043
-0.68872
-0.87644
-2.46765
-1.20823
-1.62303
-1.96394
-0.60321
-2.90251
-2.19336
-2.94553
0.05237
0.26759
-1.71793
-2.15464
-1.01857
-1.62175
-1.74081
-1.20831
-1.74100
-1.94613
0.78834
-1.93704
-1.50891
-2.32799
-1.94459
0.01491
-0.00930
-2.70576
-0.71286
-1.61415
-2.80572
-0.15237
-2.29730
-1.51067
-0.33108
-1.59738
-0.85524
-1.65582
-0.67675
-2.41675
2.01901
-2.54799
-2.73675
-1.57316
0.27127
-0.77118
1.91520
-0.71024
-2.38706
-2.25655
-0.32715
0.57888
-2.04184
-0.64582
-2.48076
-1.35233
-0.01724
-3.34714
-0.61725
-1.62965
-2.67390
-1.55564
-1.86260
-0.27186
-2.25723
-0.64444
-1.16752
-1.74275
-1.66893
-1.00620
-2.58826
-2.85381
-0.94116
-0.39695
-0.67442
-1.92026
-1.41078
-1.19137
-1.33845
-1.63045
-0.91040
0.33061
-3.01193
-1.79850
-2.95974
-1.72055
-1.14821
-2.42379
-1.06894
-1.42693
-2.01119
0.80782
-2.57279
-1.35901
-1.56086
-1.93801
-2.25431
-1.29122
-1.70961
-1.82940
-2.00405
-0.88892
-1.68638
0.19473
-2.61363
-1.53500
-1.55343
-1.87518
0.73507
-0.96108
-2.34096
1.11930
-2.81105
-0.65186
-2.50873
-1.19086
0.36722
-1.77355
0.36324
-0.79754
-2.12843
-0.55251
-1.82816
-0.37264
-1.49219
2.59412
3.09448
-0.73240
-3.97977
-2.81725
-2.97463
-0.21716
-2.60671
-2.28308
-2.77745
-1.63611
-1.33541
-0.98344
-1.51008
-1.13812
2.27183
-1.88318
-2.73514
-1.61272
-1.12106
-1.75997
-0.65072
-1.38784
-0.99273
-2.29051
-1.40239
-0.12598
0.06210
1.60684
-0.90333
-0.95197
-1.75843
-3.02973
0.10637
-0.86189
-1.96799
-2.98852
-0.84031
-1.46528
0.75781
-2.96878
-1.59634
1.70759
-2.07099
-0.89837
-3.08186
-0.99668
0.30490
-1.77676
-0.79590
-1.29148
-1.77761
-2.25932
-0.55714
-1.22626
-1.85470
-1.83486
-1.19286
-2.27906
0.83315
-1.40182
-0.22095
1.09849
-3.66321
2.20529
-2.76223
-0.35305
1.56925
-3.03465
-2.68372
-2.74525
-0.81572
-1.63287
-3.01371
1.05490
-1.40590
-2.08000
0.71216
-3.66472
-0.50775
-1.33044
-1.07898
-1.15328
-1.24767
-2.03868
-1.67101
-1.28649
-1.09491
-1.00204
-1.11762
-0.63411
-2.52979
-0.60795
0.17470
-2.39439
-2.34063
0.44580
-2.52841
-2.05797
-1.95368
-1.54232
0.00033
-1.65204
-0.55773
-1.06096
-2.11094
-1.82935
-0.57528
-1.77677
-0.46448
-2.65094
-0.51980
-3.26711
2.08280
-1.82780
-2.55847
1.10889
-3.11961
-2.25472
-3.17644
-2.26885
-0.80795
-3.20459
-2.22341
-2.06605
-1.22887
1.02214
-3.54841
-0.18172
0.48552
-0.77984
-2.95111
0.65941
-0.17202
-3.14953
-2.41111
-2.17707
-1.64989
-1.75251
-1.79308
-1.52844
-0.81741
-1.17848
-1.61573
-1.54752
-0.99780
0.26986
-1.13903
-0.20396
-1.62803
-2.60032
-1.91635
-0.15659
-3.24445
-0.40441
-3.23239
0.32151
-2.43676
-2.78931
-2.28031
-0.95785
-2.33147
-1.03447
-2.09523
-1.90771
-1.68827
-2.41022
-1.39884
-1.56156
-1.95246
-0.47770
-1.22962
-0.56774
-1.07804
-2.51766
-1.07021
-1.46853
-1.26331
-2.08323
-2.58815
0.01148
1.63475
-1.02088
-0.62956
0.02404
-1.72365
-1.27067
-1.19282
-1.66446
-2.24878
0.45955
0.97778
-2.31734
-0.69945
-1.17618
-1.79272
-2.53981
-1.78392
-3.19997
-2.00467
-1.05162
-3.44356
-0.72095
-2.73202
-1.31342
-1.57386
-2.36342
-0.59568
-1.52197
-2.58898
-0.26523
-3.18790
1.07027
-0.80507
-0.68510
-1.92770
-3.08140
-1.05775
1.67423
-0.32314
-2.02754
-3.04272
-2.09865
-1.90861
-1.41311
-1.65094
