-0.69536
-0.80483
-1.29031
1.06716
-1.22931
-0.53106
-1.64760
-0.70757
-0.11834
-0.06509
-1.07301
-0.44698
0.20924
-1.95036
0.03986
-1.19763
-1.45143
1.84136
-0.61151
2.68840
-0.79034
-0.58002
-0.68351
-0.90840
-1.87770
-0.26671
-1.72898
-3.00355
-0.99824
-0.02225
0.34501
-1.88997
0.29921
0.20549
-0.91927
-1.14989
0.40184
-1.42345
-1.13482
-0.73203
0.82856
0.99688
-2.91690
-1.88698
0.03433
-0.50458
-1.41423
-1.33788
-0.54373
-0.08757
-1.19335
-0.84338
0.45191
-0.64901
-0.87568
-2.01357
-1.25773
-2.08361
-0.61862
-1.94338
-2.70354
-1.00753
-2.90628
-0.37850
-1.03266
-1.71925
-0.76166
-1.14716
0.20442
-0.24700
-2.21575
-1.10850
-0.36647
-0.26547
-2.43691
-1.02961
0.41230
-0.95274
-0.17180
-0.57659
0.41348
-1.09068
-2.15239
0.61201
-0.33738
-2.09576
-0.22676
-1.29028
-1.46137
-1.93979
-1.21997
-1.63302
0.49173
-1.07705
-1.37121
-0.50488
-3.23451
-3.34356
-2.15385
0.75568
0.01363
-0.90951
0.07257
0.19905
-1.28337
-1.34616
-1.60354
-3.36013
4.00918
-0.57518
-1.30615
-0.53855
-2.61313
-2.07351
-0.87644
-2.46765
0.26759
0.78834
-0.00930
-0.15237
2.01901
-0.32715
0.57888
-0.61725
-1.16752
-1.66893
-0.39695
0.33061
-2.95974
0.80782
-1.70961
0.73507
1.11930
0.36722
-1.82816
-0.37264
2.27183
-1.88318
-1.61272
1.60684
-0.86189
-2.98852
0.30490
-1.77761
-1.19286
1.56925
-0.81572
-1.33044
-1.28649
0.17470
0.44580
-1.95368
-0.55773
-1.77677
-0.46448
-0.80795
-0.77984
0.65941
-1.64989
-0.81741
-0.20396
-3.23239
-2.43676
-2.41022
-1.39884
-1.56156
-1.26331
-1.19282
0.45955
-3.19997
-0.72095
-1.52197
1.67423
