-0.08671
1.12179
0.29428
1.02055
0.54446
-1.34039
4.93772
1.60475
2.07064
2.94531
-0.37600
2.62465
1.50219
3.37995
2.12000
5.76429
0.94256
1.26448
2.57350
1.73882
-1.78453
1.89313
1.46594
0.76382
-0.63089
1.05893
0.55687
5.42071
4.04823
1.72425
1.72246
-2.21981
4.11945
-0.78474
1.31637
4.51281
2.15323
2.90520
-0.92925
2.52594
0.96197
0.71276
0.80526
0.33715
0.65007
2.21989
0.20888
2.66467
1.77898
2.32138
0.89574
0.67274
-0.85080
1.45625
2.92013
-0.92336
-1.59855
5.49503
1.53613
1.62350
3.96921
2.39329
0.02964
3.29542
2.53977
2.20378
4.48392
2.14189
-0.05248
0.68092
2.68280
3.64661
0.22724
-0.57973
0.28044
7.09366
0.57796
0.64647
0.70927
1.16854
1.56927
-1.82289
0.71346
-1.02384
-0.36401
0.00719
2.34561
2.14380
0.98071
1.20934
2.41296
4.94324
4.49208
0.31891
0.58712
3.05373
3.17001
-1.74672
1.28091
0.71200
3.64745
1.57898
1.37311
1.65300
2.78814
2.64369
2.90514
2.42792
-3.60287
-1.68285
1.87264
2.31529
-1.12109
-0.88331
2.61973
1.61445
0.68454
0.74019
0.40785
-0.15453
2.94238
1.07703
2.28896
1.87727
3.89593
0.25655
-0.37145
3.34311
0.33162
2.93895
-1.14584
-2.51618
1.28329
3.24748
3.07572
0.62008
4.32806
0.28964
2.53557
1.67086
1.47997
1.80070
1.26981
0.77209
-0.36073
-0.58995
0.52936
0.31711
0.31187
-0.37151
3.02193
3.86498
4.81079
3.40270
3.29518
1.13542
1.04863
0.09257
7.12888
3.12669
3.86429
1.77504
3.03668
2.60584
2.59470
-1.86225
3.09531
4.05083
1.15906
0.25367
1.52091
6.76478
0.58757
7.12888
3.82788
-0.80929
-2.21927
