2.68485
2.06481
2.73574
3.44517
3.60838
5.42292
5.16806
2.53911
7.17818
6.24085
3.25699
8.89811
6.93188
3.58140
6.23557
5.42266
1.74330
2.54875
1.98273
3.70549
1.93208
4.79884
2.82939
7.31341
3.81204
3.78328
6.08399
4.15353
1.33177
1.98163
1.91065
4.18558
-0.65136
2.25330
5.73714
3.94079
4.99687
3.93475
3.37884
8.89811
5.29483
4.91857
4.20258
4.29963
0.10835
6.52821
4.41228
6.84043
4.95711
3.26119
8.31042
5.38382
-0.00815
3.80714
3.39705
5.42384
3.98894
4.61225
2.62828
3.91842
4.51747
1.79941
4.48759
4.83860
0.83443
5.12252
-1.38191
-0.72825
2.28283
2.57394
3.61101
3.90905
4.48979
1.84511
-1.85353
2.99745
0.40757
-0.23342
3.82164
3.61494
0.69434
2.84996
1.13310
-0.01853
4.59141
2.14219
3.70563
3.85745
-1.83828
2.32672
3.10405
1.46240
1.84558
6.59780
3.02363
1.33140
-1.66101
4.71011
4.82538
3.05888
4.03309
4.48307
0.73330
6.37270
2.31342
2.73050
5.95061
5.44279
0.95970
5.53430
1.05343
0.68225
1.30976
3.51053
-1.42373
-1.15371
-0.38302
7.55046
2.74268
7.42812
8.21198
0.24017
6.39917
8.06160
7.26756
8.41184
3.59102
4.75879
6.00533
4.80464
3.91902
4.06674
1.82657
3.78933
5.20619
3.92074
1.17538
1.74462
0.42859
5.97021
4.81262
0.43169
1.54699
3.22150
3.06062
3.37821
-0.10915
1.07353
0.33287
4.42737
-2.38193
4.24478
1.55864
0.32690
4.22782
-1.19824
4.30905
1.68002
5.43547
3.10663
5.18991
8.89811
5.56531
2.85584
0.38279
6.94533
2.53749
4.02781
5.36319
-2.07431
-0.72269
0.26203
0.04997
2.76424
4.15073
-0.19632
2.45830
4.56198
-0.59558
5.52597
1.84191
3.84754
5.07922
2.81727
1.40060
