-0.90660
-1.73427
-3.59965
-0.55336
-2.52575
-1.91286
-3.19467
-1.82604
-3.39477
-1.97262
-4.13761
-4.94000
-3.92020
-2.90127
-4.66512
-2.18971
-3.54337
-1.92011
-2.71543
-4.26738
-2.56424
-2.38047
-2.72023
-3.95269
-3.16403
-3.39619
-3.40867
-2.83737
-3.43848
-2.36762
-2.43888
-2.77494
-2.45830
-3.16127
-2.69973
-1.73745
-3.72809
-4.29751
-2.91533
-3.78244
-2.41942
-4.40532
-2.31693
-3.20249
-3.49786
-1.76450
-2.63786
-3.38998
-4.32337
-4.17680
-3.30004
-4.31454
-3.59863
-2.94192
-3.43015
-3.39219
-2.67545
-1.62943
-3.79747
-1.58715
-3.18635
-3.22777
-1.07309
-4.27198
0.94261
-4.53310
-2.52724
-4.20789
-4.00542
-2.07650
-4.73498
-4.40188
-2.30226
-3.57819
-4.30083
-3.25823
-0.34099
-0.54119
-3.74429
-2.71470
-3.92971
-3.07378
-2.45139
-3.81933
-3.41948
-2.67480
-3.10708
-2.05649
-1.90847
-2.17523
-1.78779
-3.44789
-3.06805
-1.08980
-1.83738
-4.23369
-0.34171
-2.58322
-4.89603
-0.17499
-3.45310
-2.09211
-3.88643
-2.78260
-3.66431
-4.05365
-1.75611
-3.49755
-3.40857
-3.44640
-2.41366
-2.91200
-3.74739
-3.52318
-1.18502
-3.48156
-4.50533
-4.90368
-1.78141
-1.89147
-2.80714
-4.39810
-3.63927
-3.01334
-4.34553
-2.62650
-3.14876
-1.49588
-1.76447
-2.62418
-3.91818
-3.31928
-0.09515
0.00672
-3.34565
-3.42850
-1.21074
-4.07759
-3.18470
-4.69771
-2.89247
-4.03002
-3.07896
-3.48331
-1.28733
-2.72876
-1.77825
-3.35633
-1.89216
-3.16604
-2.00405
0.84778
-1.45726
-3.06771
-0.45707
-2.81504
-4.07007
-4.37874
-3.35339
-3.73693
-2.50605
-2.52731
-1.01316
-3.55614
-3.86235
-2.16811
-2.29482
-4.42035
-2.27549
-3.12168
-2.71285
-3.47587
-2.81619
-1.46553
-0.95720
-3.62274
-1.06300
-1.46821
-3.66490
-2.02497
-3.57439
-1.24310
-2.27451
-1.88123
