-3.40486
-0.90660
-2.91513
-2.08634
-2.66687
-4.53379
-1.02694
-1.50545
-3.22667
-1.06246
-2.12626
-1.67923
-2.47114
-1.84969
-2.82563
-1.73427
-3.24213
-3.59965
-4.31769
-3.10000
-0.55336
-2.70766
-3.84472
-3.38288
-2.41646
2.86427
-5.48642
-4.99130
-2.52575
-2.95913
-3.09561
-3.35218
-3.58192
-3.11255
-1.91286
-3.03301
-3.19467
-0.56868
-1.95043
-0.36484
-2.61777
-0.98126
-1.84061
-2.93043
-3.01552
-1.82604
-4.45958
-3.39477
-2.83454
-1.88802
-1.93184
0.58087
-1.84502
-1.97262
-3.27113
-3.16924
-4.13761
-2.39024
-1.48147
-0.67260
-1.13453
-4.26629
-3.21486
-0.96558
-1.22136
-1.32539
-4.94000
-2.42245
-4.15036
-3.61396
-3.92020
-2.73734
-1.17472
-4.10002
-3.45781
-2.90127
-3.44875
-2.65571
-1.12771
-2.10160
-4.66512
-4.24842
-3.14096
-2.18971
-4.68729
-2.22624
-3.61411
-3.54337
-2.14311
-3.55632
-0.68456
-1.60141
-2.46700
-0.47208
-1.62674
-2.70599
-1.92011
-1.83136
-2.43949
-3.27480
-2.80020
-2.26613
-2.98510
-1.37530
-2.31471
-3.61319
-3.53970
-2.71543
-4.79604
-4.26738
-2.56424
-3.15648
-2.38047
-0.95960
-1.50659
-3.58490
-2.11490
-2.25667
-1.91144
-3.58972
-2.56291
-1.78764
-2.39625
-3.61305
-0.75628
-2.72023
-2.45379
-3.95269
-3.39314
0.80142
-3.16403
-2.44627
-2.92575
-0.66224
-1.87442
-3.03425
-1.45861
-2.29869
-3.39619
-2.68662
-3.40867
-3.47638
-3.13665
0.43252
-2.16564
-2.18725
-1.86749
-1.99384
-2.89110
-2.83737
-1.76263
-2.04923
-1.20978
-0.48714
-2.91546
-3.23750
-2.77082
-1.92683
-3.43848
-2.35677
-2.36762
-2.90141
-2.87881
-1.97823
-2.43888
-3.00058
-2.31412
-1.29212
-2.55164
-2.54073
-2.77494
-2.45830
-3.60825
-2.19253
-4.22864
-1.37295
0.08325
-1.16778
-2.83255
-1.25493
-3.65679
-3.16127
-2.69973
-2.54566
-1.11293
-3.12247
-2.59177
-1.60611
-1.10355
-1.63387
-3.85733
-1.73745
-2.65837
-1.80726
-1.59672
-4.39068
-3.72809
-1.98372
-1.28324
-2.56893
-1.71136
2.25663
-2.30306
-3.21371
-4.29751
-3.63415
-3.95830
-2.91533
-2.41936
-2.45110
-0.91132
-2.37169
-3.78244
-3.11454
-1.92081
-2.41942
-2.26116
-1.94260
-2.83054
-3.05729
-4.40532
-2.30324
-0.01223
-4.16380
-1.95880
-3.15411
-2.31693
-0.64493
-2.87005
-1.88821
-1.70618
-3.20249
-3.00489
0.20509
-3.49786
-2.46732
0.34330
-3.20280
-1.65429
-0.78622
-2.77579
-3.39198
-1.76450
-1.14278
-2.67111
-3.67962
-2.63786
-2.89849
-3.72037
-2.90085
-2.59850
-2.20800
-3.35562
-4.27424
-3.60727
-3.38998
-0.69099
-2.77354
-1.67327
-1.97944
-4.32337
-2.92205
-0.97833
-0.58022
-0.40188
-3.41931
-4.17680
-2.01988
-2.46355
-2.71491
-3.30004
-3.64817
-4.31454
-3.33238
-2.70979
0.65615
-2.82338
-3.04030
-2.56632
-2.14757
-3.59863
-2.15035
-2.40263
-2.94192
-3.15905
-3.43015
-1.55350
-1.81853
-1.19410
-1.13877
-3.06890
-3.10857
-2.77232
-3.39219
-4.13523
1.03383
-2.67545
-1.26211
-0.84450
-2.95673
-3.38214
-1.39114
-2.18374
-1.62943
-3.84525
-2.90903
-3.79747
-1.42096
-2.21224
-1.80908
-2.24004
-3.76073
-2.33548
-3.84650
-1.58715
-3.18635
0.62412
-0.90027
-1.54282
-1.94223
-1.68886
0.55360
-1.84915
1.02435
-3.55007
-2.34784
-3.22777
-3.46466
-1.07309
-2.50566
-3.14190
-3.28784
-4.27198
-3.92813
-1.81543
-1.86443
-5.01084
-4.76897
-1.17418
0.94261
-1.88306
-1.01597
-2.10833
-1.93917
-2.24092
-0.99997
-4.53310
-1.91585
-2.52724
-1.03389
-2.54902
-1.91811
-4.20789
-2.95255
0.04152
-1.81307
-2.68957
-1.41701
-4.52049
-0.60054
-2.08761
-3.90701
-3.66763
-2.28795
-2.87883
-0.13325
-4.00542
-2.29481
-2.07650
-3.21954
-2.56583
-1.25042
-1.34456
-2.79774
-0.93792
-4.73498
-1.69108
-3.06409
-4.40188
-0.30687
-1.67289
-0.21178
-2.16294
-2.75610
-3.56909
-2.30226
-2.05074
-2.61159
-1.56573
-3.57819
-1.67649
-4.30083
-2.49391
-3.25823
-2.49310
-2.50604
-1.57802
-2.42556
-2.12236
-2.00378
-3.00772
-0.34099
-0.11132
-2.41326
-2.17977
-2.34169
-2.13346
-3.04865
-1.69628
-0.54119
-1.91106
2.35418
-1.57394
-1.15953
-3.21397
-0.35798
-3.74429
-0.65427
-2.42524
-2.71470
-3.19407
-3.92971
-1.28642
-2.62760
-2.19216
-1.88396
0.53645
-2.67910
-3.60379
-3.24018
-3.07378
-3.68326
-2.45139
-0.71981
-0.51090
-3.94661
-2.60457
-0.05715
-0.62032
-2.45105
-3.81933
-1.17250
-2.28710
-1.84691
-3.30004
-2.93996
-2.77391
-3.41948
-4.31354
-2.11128
-2.67480
-3.79041
-3.10708
-3.02809
-1.97978
-3.51612
-1.37626
-1.58189
-1.89870
1.07162
-1.80810
-2.01879
-2.16588
-3.46206
-2.05649
-2.64648
-0.32811
-2.68073
-1.90847
-2.40522
-1.58570
-3.42379
-3.36518
-2.17523
-2.86475
-1.41807
-4.31586
-1.78779
-2.98801
-3.42050
-2.97617
-3.44789
-2.68982
-1.23974
-2.39815
-1.55427
-1.58341
-1.39982
-2.40589
-3.32951
-3.06805
-2.93149
-3.01773
-1.08980
-3.17003
-3.31103
-0.56908
-2.89521
-3.07977
-1.83738
-4.23369
-0.58655
-0.34171
-2.05039
-2.24457
-1.19374
-1.73376
-0.96104
-3.82209
-2.76462
-2.58322
-3.30517
-2.55709
-2.76018
-2.51655
5.06474
0.45298
-3.40326
-2.76549
-3.93232
-4.89603
-2.97713
-0.17499
-3.45310
-4.09051
-2.81978
-2.85122
-2.98320
-3.69371
-1.96075
-1.92195
-3.35763
-0.10498
-1.38250
-2.76340
-2.09211
-0.70611
-2.44366
-3.88643
-3.19281
-1.35903
-2.42022
-2.48697
-1.43267
-1.04816
0.74130
-2.45746
-2.98456
-2.78260
-3.66431
-1.42742
-4.05365
-1.04406
-1.82843
-1.75611
-4.24556
-1.85234
-0.39470
-2.36556
-1.54594
-3.10198
-1.74848
-2.73347
-0.93691
-5.40833
-4.05318
-3.65057
-3.49755
-3.40857
-3.84800
-3.44640
-1.10098
-3.40632
-2.41366
0.48041
-2.31635
-0.26848
-4.70103
0.62281
-2.18571
-3.79879
-2.50684
0.16520
-2.68638
-2.02335
-2.38209
-2.91200
-0.39887
-2.38222
-1.19307
-1.31649
-3.19889
-1.85952
-2.03457
-3.74739
-0.31788
-3.52318
-1.74387
-1.27395
-3.25931
-3.20140
-0.74590
-2.01215
-2.57202
-1.85700
-1.18502
-3.95359
-3.48156
-2.04700
-0.24207
-0.33740
0.28100
-3.35369
-2.34644
-4.33641
-4.50533
-2.82413
-2.74352
-0.47594
-3.05918
-4.90368
-1.78141
-3.73861
-2.60557
-2.65714
-2.32803
-1.89147
-3.50624
-3.42711
-4.39473
-2.80714
-1.73555
-1.49272
-3.80478
-1.31942
1.53226
-2.90677
-4.39810
-3.54746
-2.77427
-3.63927
-3.75488
-2.68039
-3.01334
-3.46515
-4.31810
-2.95124
-1.70500
-0.03511
-2.20340
-2.68801
-3.17314
-4.34553
-2.62650
-2.48398
-1.87417
-1.12384
-2.95029
-2.55992
1.28657
-1.66115
-2.32442
-0.89336
-3.24290
-2.07383
-2.28245
-3.14876
-1.34751
-0.67283
-4.83182
-1.49588
-2.99341
-3.79776
-1.76447
-2.97800
-4.22480
-2.62418
-1.92124
-1.93308
-3.56943
-3.66866
-2.23440
-3.91818
1.42744
-3.80573
-2.75495
-4.27104
-3.31928
-1.75564
-2.88832
-2.34243
-0.09515
-2.05002
-3.60043
-2.89169
-0.93936
-2.25014
-0.64660
-3.05280
0.00672
-4.04345
-3.34565
-4.00905
-3.42850
-2.51866
-2.19023
0.47993
-3.06402
-2.23889
-3.51854
-1.21074
-2.41674
-1.57771
-4.18271
-1.19734
-2.04042
-2.02594
-3.70441
0.97347
-0.77913
-4.07759
-0.82998
0.39450
-3.13613
-3.61759
-2.05334
-1.77268
-2.39555
-2.12539
-1.16832
-1.43721
-3.81348
-2.55720
0.49762
-3.18470
-2.91347
-2.32047
-2.85247
-2.73289
-2.76255
-2.93435
-2.25787
-3.95142
-1.95855
-2.99026
-4.69771
-1.75161
-3.31526
-2.48895
-2.89247
-2.94936
-2.43036
-2.53622
-1.66694
-4.03002
-3.32700
-0.12858
-2.71669
-2.60209
-0.89626
-3.19568
1.30961
-3.07896
-3.09643
-1.64272
-4.14158
-0.54195
-3.48331
-2.85632
-0.60724
-2.43837
-0.66328
-2.56737
-1.78443
-1.28733
-1.04017
-2.48469
-2.72876
-1.51962
-0.04052
-0.24214
-2.95998
-1.89658
-2.81874
-1.77825
-3.35633
-2.08978
-1.87410
-2.30786
-3.41379
-1.94622
-1.84520
-1.53239
-2.31623
-2.99514
0.52224
-3.57997
-2.62280
-1.89216
-2.80722
-2.14135
-1.76714
-0.72560
5.52204
-3.34640
0.32808
-2.19025
-3.16604
-3.65069
2.58166
-3.82140
-1.70063
-2.46349
-1.08215
-1.21674
-4.19604
-2.23963
-2.00405
-3.65003
-3.96490
-2.44907
0.84778
-1.45726
-3.15811
-1.47396
0.16370
-2.73271
-0.21445
-3.17805
-1.84404
-3.03692
-0.68359
-3.06771
-2.74915
-2.56409
-2.35832
-1.99024
0.18800
-1.77757
-0.45707
-1.40816
-3.81071
-3.76812
-2.12304
-2.73074
-2.81504
-4.84335
-1.92121
-4.07007
-2.54164
-1.21220
-3.74052
-1.96304
-4.05417
-1.45489
-1.12696
-4.37874
-2.62690
-3.29037
-3.35339
-2.93163
-1.96884
-1.22060
-3.73693
-2.41791
-2.73623
-3.31323
-1.27232
-3.21177
-2.50605
-3.34675
-2.18152
-2.52731
-2.16208
-4.04463
-2.74058
-1.01316
-4.88425
-0.89879
-3.04216
-3.55614
-3.10608
-1.02662
-1.31093
-1.61806
-1.92787
-1.19876
-0.54159
-0.20703
-0.91166
-3.86235
-1.64067
-3.64476
-3.25211
-2.16811
-2.64065
-2.36804
-3.16376
-3.42542
-1.42889
-3.01358
-3.92773
-2.29482
-3.80920
-2.98093
-4.42035
-2.64804
-3.41450
-2.73864
-2.32725
-0.95422
-3.79126
0.02113
-2.55538
-0.71890
-1.31962
0.11188
-1.33165
-2.27549
-0.41478
-3.12168
-2.14103
-0.80557
-0.59556
-2.78652
-3.54055
-3.49521
-2.71285
-1.49721
-2.48345
-0.44265
-3.40659
-1.47465
-1.08299
-3.47587
-2.43178
-2.81619
-2.80849
-2.98849
-4.43836
-2.77409
-0.66194
-1.06423
-3.03729
-1.46553
-2.67386
-2.44475
-1.74222
-4.00673
-0.95720
-1.10706
-3.62274
-1.75434
-4.02330
-2.37008
-3.99680
-2.30601
-3.11326
-1.06300
-3.13969
-2.87693
-2.51487
-3.65811
-0.71170
-1.98688
-1.46821
-2.22127
0.32825
-3.38160
0.08866
-3.39954
-2.76817
-2.19354
-3.66490
-2.43249
-3.57047
-1.22130
-2.02497
-3.98236
-2.90183
-3.57439
-2.90340
-1.24310
-1.89781
-0.28279
-1.08565
-2.29549
-1.28828
-1.05864
-2.75125
-2.87166
-1.28845
-2.96359
-2.27451
-2.67967
-1.88123
-2.20960
-2.71858
-2.81795
-2.58647
