-0.75377
-2.09633
-1.08821
-1.02151
-2.00543
-1.20845
-2.20047
-2.86878
-1.49271
-2.19714
-2.71677
-2.43181
-1.30296
-0.70758
-1.19889
-1.85134
-1.45154
-2.23788
-0.10912
-1.39394
-3.40682
-1.22397
-2.28914
-1.12321
-2.47926
-1.72778
-1.61612
-1.65368
-0.21222
-2.51892
-1.59434
-2.46252
-2.59572
-1.10823
-2.12247
-2.41075
-0.88007
-2.67865
-1.95130
-1.07032
-0.52829
-2.02498
-1.02136
-1.74999
-2.52017
-1.98231
-0.21157
-2.21186
-2.52042
-2.22391
-1.73717
-2.20409
-2.28332
-1.57867
-2.40262
-2.19748
-1.40527
-2.19545
-2.28551
-2.07342
-2.59791
-1.79614
-2.64296
-2.25512
-1.08878
-1.52260
-0.27120
-1.90078
-2.15064
-2.37280
-1.88879
-2.56684
-1.81914
-1.71354
-2.74173
-2.08361
-1.88305
-1.90896
-1.50850
-0.51696
-1.63565
0.37007
-2.15014
-0.39703
-1.51017
-2.62301
-1.27353
-1.18393
-0.11004
-0.34081
-2.25178
-0.79455
-0.97739
-0.86739
-1.58594
-0.25686
-0.91537
-1.99017
-0.82997
-1.44338
-0.99552
-1.70144
-0.22302
-0.01850
-1.47986
-1.39621
-2.56356
-2.54774
-2.83638
-1.77556
-1.78995
-2.49323
-1.50964
-0.60297
-0.51655
-2.87136
-1.81747
-1.42435
-1.46023
-1.46403
-0.21402
-1.33471
-2.62811
-1.78152
-2.24235
-1.85052
-1.92584
-0.82783
0.68700
-1.99058
-1.22196
-1.09102
-0.53833
-1.93640
-0.36795
-1.55293
-0.85786
-2.25549
-1.77391
-1.48875
-0.35617
-1.94181
-1.44500
0.21247
-1.59035
-0.91814
-1.60218
-1.38459
-2.28929
-1.49432
-2.94827
-1.26457
-1.47712
-2.14480
-2.00979
-0.81768
-1.93017
-0.24464
-0.12165
-2.80076
-0.53026
-1.51884
-1.03255
-1.42060
-2.00227
-1.80263
-0.16400
-1.49053
-1.67149
-1.81988
-1.42463
-1.53501
-2.05001
-1.90809
-1.78470
-1.94523
-0.29427
0.97776
