1.60646
-0.22398
3.07929
1.48519
2.75741
0.61617
1.97880
3.48454
3.43246
1.14179
2.20075
0.79088
2.22550
1.15085
4.25208
0.30698
4.11587
3.29748
4.01072
0.23057
3.06915
2.08759
0.46032
1.23722
3.99272
0.90966
0.67239
2.37066
-0.28009
1.16478
4.12230
2.21739
-0.01735
0.60574
0.36823
1.31797
0.84963
0.97613
-0.25001
0.62767
-0.70710
1.70443
1.26467
0.73349
4.68227
2.44475
-0.13111
1.99040
1.68671
-1.27616
0.37920
3.61360
0.75680
1.06592
-0.00869
1.08635
2.35238
2.85488
4.02879
1.61910
5.70026
1.82025
2.51900
1.04290
1.53807
2.78525
4.85816
-0.00804
2.68501
0.14048
3.37848
3.30721
1.07195
2.66339
2.46608
-1.54575
3.18149
2.69906
2.68269
-1.04971
-0.08901
-1.05390
2.36331
1.25297
-0.46084
0.42277
1.17129
3.63796
2.45535
2.57483
3.21819
2.08904
0.08500
-0.07721
2.32842
1.64811
1.11634
1.98497
-0.25705
-0.23835
6.26515
1.98951
4.02143
1.42385
1.10544
2.43210
4.29401
-0.80818
2.42800
-2.75493
2.16848
-0.87080
2.97732
1.47805
1.58725
2.77588
-0.76585
0.16171
0.13142
-0.14198
1.33051
1.81813
4.36504
2.93957
1.75842
1.30429
1.64007
0.68917
1.13556
1.69089
-0.70608
2.69331
0.61079
3.67078
2.39405
1.80540
-0.94012
-0.02608
2.31810
4.61583
4.25444
1.42738
2.99963
-0.13407
1.23706
0.51075
0.99053
0.58061
1.57053
2.25136
1.83637
0.40404
1.31065
0.97159
1.68726
1.74524
1.16366
0.36182
0.40690
2.10672
3.26446
0.12670
1.56008
0.47672
2.06335
0.28818
1.16977
0.03183
5.67203
0.72539
-0.10481
3.20018
-0.34177
1.80841
0.38248
0.58606
0.68173
2.52598
-1.11936
3.34015
3.75213
0.15919
0.97819
2.55607
0.91343
0.23342
0.36139
1.45481
2.47158
3.58597
1.39498
3.57814
1.98480
1.01289
1.30084
1.98226
4.68707
1.79916
0.94010
0.58029
