-1.51088
-0.75377
-1.86171
-0.59917
-0.32337
-1.65172
-1.40869
-0.56436
-0.84364
-1.55947
-1.76210
-1.99003
0.23215
-1.17742
-0.53057
-2.09633
-2.78583
-0.32743
-0.10219
-1.79451
-1.08821
-0.92238
-1.42267
-0.53415
-0.16506
-0.61433
-1.33047
-1.46315
-1.02151
0.98845
-1.23005
-0.37877
-2.56757
-0.44893
-2.00543
-1.60761
-0.58273
-0.34201
-1.51624
-1.20845
-1.56425
-0.85522
-0.42515
-2.20047
-0.14846
-0.97462
-1.37508
-2.26358
-2.86878
-0.80122
-1.88931
-0.67976
-1.34261
-0.20158
-1.77363
-1.40869
-1.92323
-0.77933
-2.11429
-1.49271
-2.01802
-1.70742
-1.94678
-2.05506
-0.65402
-2.19714
-0.98750
0.36287
-2.71677
-1.01127
-1.86001
-2.43181
-0.03872
-1.21251
-1.99633
-2.24355
-1.30296
0.97151
-1.15866
-1.85153
0.06850
0.11324
-1.08027
-1.97989
-0.70758
-1.50962
-0.56622
-1.04578
-1.68351
-1.19889
-2.11390
-1.91147
-1.85134
-0.03691
-0.87676
-1.45154
-1.93286
-1.18054
-1.14253
-1.59544
-1.50014
-1.59140
-1.07651
-0.11411
-0.65901
0.44382
-1.19263
-2.16926
-2.23788
-0.10912
-1.22240
-2.31357
-2.27293
-1.39394
-1.85968
-1.74555
-0.10152
-1.15613
1.01746
0.11106
-0.55083
-2.05449
-2.10208
-3.40682
-1.22397
-1.22690
-1.46619
-1.48570
-0.98141
0.02003
-1.89335
-0.29100
-2.28914
-1.49920
-2.16510
-1.12321
-1.81865
-0.68037
-0.40127
-1.62153
-1.58023
-1.97494
-2.47926
-1.29019
-1.17674
-1.08052
-2.04914
-0.87999
-1.72778
-1.67158
-1.18559
-1.79409
-1.51949
-0.21517
-0.95091
-1.61612
-1.11575
-0.81414
0.84722
-1.77946
-1.65368
-1.32587
-1.25182
-0.96418
-1.67063
0.14975
-0.47300
-1.26041
-0.21222
-0.89267
-0.95574
-1.35396
-2.51892
-0.95949
-1.59434
-0.72712
-1.21580
-0.73746
-1.25550
-1.61955
-0.12131
-1.05965
-0.83895
-2.30160
-1.99270
-2.46252
-2.59572
-0.85061
-1.46676
-1.99915
-1.65150
-1.65969
-1.10823
-2.00146
-2.12247
-1.17987
-1.39762
0.11690
-0.70149
-1.49229
-1.63514
-2.41075
-3.11637
-0.88007
-0.50583
-0.23290
-0.08158
-1.07586
-0.73578
-2.26815
0.43950
-2.24378
-1.03232
-1.81927
-1.75253
-1.31275
-2.67865
-0.91434
-2.15333
-1.79849
-0.35031
-1.73825
-1.54767
-1.13760
-1.31462
-1.95130
-0.61981
-1.63716
-0.23469
-1.07032
-1.33333
-0.52829
-1.58490
-2.45974
-2.02498
-1.69009
-1.73207
-1.23521
0.20479
0.26408
-1.85492
0.24895
-0.46649
-1.49843
-0.48825
0.30891
-1.82328
-1.02136
-0.38174
-1.31099
-0.78540
-1.74999
-0.76033
-0.95366
-1.80142
0.82153
-2.05426
-1.50912
-0.97368
-1.34435
-2.52017
-0.57049
-1.66844
-1.08957
-1.98231
-0.23591
-1.23939
-1.34133
-1.18039
-1.56383
-0.21157
-1.35632
-2.21186
-1.56069
-0.71562
0.26692
-0.57079
-2.52042
-1.73082
-1.29289
-1.48017
0.39134
-0.16234
-1.87213
-2.29238
-2.22391
-1.86337
-1.73717
-1.53370
-1.68679
-0.21298
-0.39947
-0.20382
-2.20231
-0.40218
-2.30531
-1.00105
-0.85005
-1.78890
-2.20409
-0.53654
-2.03168
-0.64688
-1.58169
-1.94279
-2.28332
-1.41406
-2.30514
-1.57867
-1.40370
-2.40262
-1.22044
0.02111
0.35665
-1.98577
-0.33087
-0.30357
-2.40575
-2.19748
-0.56282
-1.53520
-1.40527
-0.45564
-2.29721
-0.26489
-2.15917
-1.34068
-1.11667
-2.19545
-1.62370
-2.28551
-1.88104
-2.07342
-0.70358
-1.44881
-1.07431
-0.24006
-1.44906
-1.80926
-0.63348
-0.75437
0.06187
-2.59791
-0.50687
-1.79614
-2.59213
-0.86599
-0.53414
-1.22069
-1.74837
-1.54365
-0.61783
-0.89120
-1.93514
-0.90126
-1.35728
-0.81360
-2.64296
-2.38516
-2.25512
-1.73309
0.01343
-1.67653
-1.08878
-1.84389
-0.62464
-1.52260
-1.42079
-1.83310
1.47185
-0.66035
-1.77373
-0.85564
-0.27120
-0.66791
-0.54966
-0.69390
-1.48085
-0.42786
-2.24437
-1.78492
0.41294
-0.35895
-1.11627
-1.61969
0.07285
-0.26983
-1.90078
-2.15064
-2.12810
-2.01136
-2.37280
-1.09924
-0.85884
-1.51586
-0.95335
0.00343
-1.63707
-0.09161
-1.27404
-0.13519
-1.68601
-1.20917
-0.17542
-1.88879
-1.70859
-0.27356
-1.24795
-1.53892
-1.19217
-0.79155
-0.41865
-2.56684
-1.42848
-1.94641
-1.81914
-1.15176
-1.57752
-0.21472
-0.90215
-0.68874
-1.22758
-0.26893
-2.37115
-1.25688
-1.71354
-0.36123
-1.99326
-1.10319
-0.47869
-0.93001
-1.24870
-0.02422
-2.06698
-2.74173
-2.08453
-2.19112
-2.08361
-1.66505
-0.50903
-1.20585
-1.61608
-1.88305
-2.58806
-1.98372
-1.71633
-1.90896
-1.94465
-0.89954
-2.41489
-1.50850
-0.72195
-0.80852
-0.51696
-3.02039
-0.14906
-0.96515
-0.57191
0.13243
-1.48033
-1.63565
-1.60833
0.37007
-1.34532
-1.41550
-1.64984
-0.43718
0.24752
-0.67331
1.16662
-2.17003
-1.14231
-1.39008
-0.58232
-1.80188
-1.30344
-1.16729
-2.15014
-2.89286
-0.39703
-1.77493
-1.51017
-2.17483
-2.34531
-2.03394
-2.62301
-1.03866
-1.54377
-1.41836
-0.11064
-2.12115
-1.34173
-0.86540
-1.40033
-1.15123
1.11527
-2.69725
-1.27353
-1.86250
2.35946
-1.18393
-1.89304
-0.70935
-0.92220
-2.10117
-0.11004
-1.77171
0.24368
-1.09630
0.59340
-0.18014
-1.01802
-2.42126
-0.84916
-0.34081
-2.03448
-0.29915
-1.35348
-2.13545
-2.25178
-0.79455
-1.81583
-1.15730
-1.37548
-2.28389
-0.97739
-1.31932
0.09515
-1.37365
-1.51780
-1.11995
-1.39702
-0.86739
-1.56206
-1.58594
-0.97584
-0.80395
-1.14211
-1.65080
-1.50441
-1.20123
-2.53206
-0.34811
-1.18389
-1.07091
-1.03304
-1.13839
-0.25686
-1.19835
1.69387
-1.65676
0.02256
-2.30793
-0.91537
-2.02031
0.95915
-2.05548
-1.72800
-0.20307
-1.38460
0.26788
-1.99017
-1.58016
0.22278
-2.22471
0.05650
-0.72118
-1.28465
-0.72217
-0.82997
-0.63891
0.07539
-1.41819
-1.44338
-0.72199
-1.40081
-0.25271
-0.76814
-0.53727
-0.44195
-0.99552
-1.11235
-1.08267
-2.16565
-1.00975
-1.70144
-0.22801
-0.66230
-1.38403
-0.22302
-0.01850
-1.86545
-1.35427
-1.08958
-1.24736
-0.52312
-2.19291
-1.98571
-1.47986
0.36262
-2.76443
-1.39621
-0.72897
-1.61106
-1.86741
-0.50807
-1.23211
-1.26083
0.85603
-0.00433
-0.79581
-2.10454
-0.37862
-2.77197
0.06132
-2.56754
-2.56356
-1.77654
-2.54774
-1.97254
-2.83638
-0.01164
-1.27107
-0.84843
-0.48674
-1.83363
-0.91902
-0.66049
-1.53741
-1.77556
-0.57403
-1.52522
-1.78995
-2.49323
-1.63723
-1.94506
-0.68832
-1.82070
-1.29023
-0.84578
-0.36604
-1.50964
-0.27260
-1.74262
-0.60297
-0.65967
-1.01705
-1.91802
-1.22005
-1.60990
-0.51655
-1.05464
-1.01846
-0.91694
-2.87136
-0.93417
-1.41696
-0.32482
0.21681
-1.22898
-0.67412
-1.33914
-1.84484
-0.31186
0.07619
-2.06117
-0.29470
-1.81747
-2.08898
-1.42435
-0.68282
-1.19294
-2.08693
-0.97957
-1.46023
0.38401
-0.87990
-0.75156
-1.46403
-0.04614
-2.54597
-1.86008
-0.74413
-0.21402
-0.45825
-0.60413
-0.04929
-0.58364
-2.32312
-1.19270
-0.89711
-0.94107
-0.48702
-1.33471
-1.13706
-1.57622
-1.25646
0.14213
-1.22267
0.15884
-2.62811
-0.52338
-1.20729
-0.33169
-1.56153
-1.20558
-1.78152
-1.30511
-1.10488
-0.16888
-1.50839
-1.25455
-0.12693
-1.44914
-0.07553
-2.24235
-1.85052
-0.50050
0.96290
-1.63066
-1.92584
-0.89139
-1.29410
-1.18525
-2.33560
-0.82783
-1.09452
0.93005
-1.00886
-0.13563
-2.46906
-0.67506
-1.66249
-0.71986
-1.43381
0.68700
-0.97358
-1.99278
-1.63251
-2.40029
-2.00614
0.66560
-0.06995
-1.33148
-1.99058
-0.14953
-0.56608
-1.10263
-1.63621
-1.22196
-1.66123
-1.04952
0.52178
-1.88945
-1.09102
-0.53833
-1.48981
-2.36682
-0.61756
-0.70380
-1.06073
-1.69108
-0.98343
-1.93640
-1.43780
-1.73820
0.63172
-1.79361
-0.36795
-1.50079
-2.00063
-0.98539
-1.55293
-0.86384
-2.28727
-1.50940
0.01570
0.14449
0.09977
-2.22540
-0.85786
-2.47039
-0.73921
0.37620
-1.11868
-0.88020
-2.25549
0.81772
-1.42050
-1.70230
-1.77391
-1.48875
-1.32936
-0.35617
0.61718
-1.62835
-1.00756
-1.76401
-0.88343
-0.68524
-2.03110
-1.68572
-1.94181
-1.43871
0.45104
-0.33970
-1.40612
-1.44500
-1.32849
-0.10703
-2.15563
-1.37271
0.21247
-1.01611
-1.51523
-1.57439
-0.92032
-0.97083
-1.06492
1.09925
-0.20581
0.32405
-1.82366
-1.59035
-0.88854
-0.58035
0.10590
-1.59116
-0.91814
-1.48549
-1.60218
-1.38459
-1.83209
-1.16229
-1.11608
-0.32546
-0.78918
-1.44766
-1.61469
-1.01530
-0.84140
-1.85722
-1.96852
-2.28929
-2.31280
-0.47594
-1.00114
-1.49432
0.55275
-0.52471
-0.76090
-1.31075
-0.94173
-0.80423
0.28547
-1.15641
-2.94827
-1.24118
-1.26457
-1.52902
-1.47712
-2.14480
-0.98845
0.73914
-0.06792
-1.83147
-0.21979
-1.68704
-1.82820
-1.33484
-1.44955
0.15140
1.44832
-1.87157
-2.08546
-2.00979
-1.07832
1.63059
-0.99194
-0.81768
-1.45857
-0.02974
-1.93017
-2.83629
-1.78446
-0.80144
0.37244
-1.91220
-0.53531
-1.39968
-1.20121
-0.62628
-0.90405
-0.24464
-1.57504
-0.54310
-0.75299
-0.97073
-0.12165
-2.85654
-2.80076
-1.67819
-1.61538
-1.91709
-1.02468
-2.51989
-0.53026
-1.49371
-0.47601
-0.64415
-2.08596
-1.51884
-1.32896
-1.72131
-1.47711
-1.03255
-0.68524
-1.67458
-0.37469
-0.10789
0.24761
-2.25663
-0.86048
-1.42060
-1.25301
-1.28294
-1.30062
-2.62229
-2.00227
-1.12065
-1.71208
-0.91672
-1.80263
-2.23712
-1.15467
0.03533
-1.48919
-1.11899
-1.80312
-0.59403
-1.03876
-2.65684
-0.16400
-1.11652
-1.91284
-0.83606
-0.51794
-1.64436
-1.49053
-1.87609
-1.61676
-1.45103
0.82309
-1.07829
-1.81138
-0.20325
-1.67149
-1.81988
0.31472
-2.38852
-0.60983
-0.94159
-1.40276
-1.42463
-0.92079
-1.13724
-1.05945
-1.53501
-1.66641
-0.74589
-0.72869
-2.05001
-0.08278
-1.06570
-0.15389
-1.80865
-1.29654
-1.90809
-1.38743
0.57953
-1.23557
-1.50558
-1.78470
-1.48797
-0.55948
-1.17454
-1.76410
-1.94523
-1.90450
-2.26611
-1.20582
-1.32945
-1.40498
-0.91953
-1.27181
-1.04677
-0.29427
-1.66411
-2.46418
0.97776
