3.40114
2.84382
1.71053
4.99928
4.84517
6.76660
7.31480
2.56130
5.93936
3.53316
3.19751
4.14271
6.29496
1.07021
6.38509
1.31701
1.32116
3.68622
4.78158
3.95893
5.64483
6.01014
4.96509
1.67261
3.23811
0.17721
4.91007
5.66239
4.49500
4.73678
5.18094
6.23092
4.15875
5.09240
4.73508
6.54966
0.90838
2.24498
6.86836
1.44394
5.27322
6.20387
6.63725
4.27900
5.04597
2.44242
2.83606
5.68455
2.09014
1.59521
0.10771
2.61918
7.49557
2.19053
6.03908
3.91275
3.43269
6.22970
3.52066
2.41018
5.49775
2.62367
-0.03771
4.02297
4.59133
7.78127
2.18748
3.51259
7.96662
4.73226
1.39311
-0.93089
6.92440
2.83339
3.24249
2.63860
2.73093
5.71601
2.88018
6.47087
2.17900
3.78350
1.33773
4.28539
4.63385
3.02392
1.53634
3.82908
4.54429
1.95178
4.77366
0.55314
4.51193
1.93170
1.09817
5.36780
-0.00697
5.06035
3.66236
1.10376
4.86770
3.04542
3.80497
7.05861
1.56028
1.66062
-1.89629
-0.40222
2.19835
-0.97940
2.94416
1.49546
4.02803
3.83750
1.43232
3.31990
4.16247
1.61419
5.04854
0.77174
7.96662
7.96662
4.98369
4.02661
7.96662
4.51058
7.63793
7.35183
4.80495
4.45182
7.41029
3.88104
2.46587
2.32470
5.60649
7.96662
3.75931
2.37244
3.06049
0.81556
3.06042
0.89594
2.51124
0.98626
4.08923
2.35844
2.52813
0.91960
2.80189
-0.46614
-0.01994
-0.70126
-0.16359
-0.97388
-1.93602
1.96265
-1.40692
2.56952
-2.28882
6.36394
6.21490
4.62235
4.86990
5.84171
7.27781
4.47877
6.49513
6.73875
7.75368
5.45982
3.62487
2.18311
6.13649
7.16327
1.99120
6.00190
3.86521
2.53629
1.22508
0.36673
6.75944
2.31248
6.49612
5.66467
-3.36357
4.79623
4.07040
0.35553
3.39457
4.13943
5.40821
4.19557
3.59516
7.13542
4.46254
3.51921
3.20684
7.08982
0.64809
2.39864
