-2.57484
-2.65982
-3.33840
0.85015
-2.11786
-2.45225
-1.80917
-0.66415
-3.21872
-3.10901
-1.02994
-2.27256
-0.62679
-2.72936
-3.00120
-0.69880
-2.28066
-0.90299
-2.60650
0.51953
-3.91046
-2.20921
-1.87437
-1.98438
-2.34597
-1.73392
-1.51587
-1.78595
-2.70007
-0.39095
-1.15654
-2.52573
-3.83076
-3.18923
-1.90331
-1.18916
-3.37013
-0.91777
-2.49375
-0.91393
-2.07679
-3.23980
-3.08222
-2.12484
-0.73142
-2.06337
-0.35230
-2.98830
-2.06463
-1.54692
-1.99819
-1.45962
-1.81863
-2.41601
-0.61352
-1.16566
-2.93817
-0.80044
-2.37747
-2.15242
-2.64802
-2.90028
-2.84022
0.16453
-3.63232
-3.20148
-3.11193
-1.54023
-2.10865
-3.32246
-1.19493
-3.03779
-3.44384
-2.79673
-2.94395
-2.91199
-2.15155
-1.19018
-1.85076
-0.98450
-2.09318
-2.42190
-3.81093
-1.28410
-1.51777
-1.28177
-2.11659
-2.31133
-1.56537
-2.26915
-2.91950
-3.72662
-1.47907
-2.11601
-1.15240
-2.81048
-0.60410
-1.54599
-1.86711
-2.08356
-2.87907
-2.72811
-2.25986
-1.97004
-0.42875
-1.03014
-2.59502
-2.72912
-2.33778
-1.70982
-2.63938
-2.35960
-2.88102
-1.73269
-1.69848
-2.60729
-2.77445
-0.94715
-2.31480
-3.09424
-2.88115
0.19516
-0.90147
-2.68942
-1.05195
-2.93545
-1.20330
-1.00737
-3.65737
-2.94579
-2.44766
-1.70550
-2.32539
-1.44118
-1.14253
-1.68607
-3.09305
-2.13520
-1.79884
-0.75049
-1.79912
-1.84715
-1.58780
-1.16504
-2.77710
-2.28668
-0.98133
-3.77140
-2.77599
-2.95445
-1.52928
-1.65566
-1.44152
0.05229
-2.77883
-2.96859
-2.62096
-2.31012
-0.07003
-0.33261
-2.24188
-2.04793
-1.74115
-0.63147
-1.87995
-1.22349
-2.62440
-0.96977
-0.81974
0.22916
-1.33825
0.02561
-0.65387
-1.68003
-2.73538
-1.79683
-2.90410
-0.85550
-0.32847
0.42778
-0.02372
-2.42664
-1.81762
-3.08252
-3.55724
-2.10211
-2.63421
-2.17530
-2.65388
-1.33921
-2.60305
-1.55429
-1.74512
-0.62228
-2.98060
-1.34499
-1.85662
-2.81967
-1.44894
-2.23617
-2.40315
0.36340
-3.35542
-2.46982
-1.78708
-2.58627
-2.46958
-2.51206
-2.10970
-2.52486
-1.77171
-2.88148
-1.79583
-1.69880
-0.88692
-3.27023
-1.83717
-2.50117
-1.79675
-2.89722
-2.12315
-1.77541
-0.96615
-1.37810
-2.66125
-2.53540
-1.78297
0.43858
-0.91832
-1.63564
-1.33246
-1.95541
-2.05861
-3.18230
-1.03679
-1.37301
-0.94872
-3.42205
-2.11364
-1.80513
-2.33532
-0.37006
-2.20175
0.58354
-0.79909
0.46886
-2.52385
-3.44627
-1.33358
-2.51688
-1.70640
-2.04408
-0.90240
-0.44614
-1.78875
-1.01673
-0.40349
-3.07056
-3.71714
-2.74913
-1.90203
-2.14284
-1.46940
-1.71296
-2.37225
-0.89093
-1.89811
-2.41282
-0.95410
-3.65971
-2.66793
-3.06178
-2.32932
-2.43808
-2.02171
-3.16275
-2.05179
-2.21573
-3.40397
-3.64423
-1.08752
-2.08661
-2.18531
-2.49254
-1.99524
-1.60164
-3.18200
-1.57918
-1.44503
-0.63771
-2.50877
-1.29874
-1.23377
-2.10847
-2.36084
-2.12322
-1.17876
-0.87532
-2.40401
-2.02966
-2.09367
-0.63467
-2.34892
-2.39765
-1.29613
-0.61295
-1.09356
-2.25217
-0.49777
-2.66216
-2.63970
-2.28075
-1.56177
-1.50213
-1.84408
-1.92977
-2.27959
-1.99013
-2.79869
-1.99854
-3.46463
-2.65711
-2.70084
-2.78015
-1.28333
-2.21835
-2.51992
-1.17331
-1.60341
-0.46568
-0.95192
-1.59408
-3.16655
0.19121
-1.31896
-1.39065
-2.49219
-0.91061
-2.89888
-2.00234
-3.06761
-1.95606
-1.76968
-2.06735
-1.46526
-1.81239
-0.14127
-2.50715
-1.06420
-2.18260
-2.36286
-2.43719
-3.26914
-2.35509
-0.75106
-0.23386
-2.90040
-0.89798
-1.18946
-2.53132
-3.22096
-2.52171
-1.61441
-0.54519
-0.99305
-1.41350
-0.83400
-1.01310
-1.57664
-2.18868
-2.41077
-1.30434
-1.63087
-2.52384
-1.85252
-2.38396
-1.27551
-1.74908
-2.74829
-1.51987
-2.62693
-1.67889
0.55363
-2.85655
-2.47601
-2.72542
-2.63584
-2.41422
-2.61832
-2.48123
-2.38014
-1.63792
-2.42372
-2.74406
-1.02269
-1.47904
-0.70232
-0.75536
-0.99575
-3.01821
-2.00386
0.21720
-1.71305
-2.35139
-0.93585
-3.14619
-2.50426
-1.31213
-1.60524
-1.72674
-2.13862
-1.24760
-1.41110
-0.70634
-3.03205
-2.18197
-1.59026
-1.72872
-2.25533
-3.00342
-1.33704
-3.36534
-2.37894
-1.38644
-3.08029
-3.03783
-2.18282
-1.37049
-0.86182
-1.30846
-2.28269
0.36973
-2.91894
-4.08598
-2.88755
-3.46381
-0.00654
-3.42831
-2.07912
-0.12651
-0.91952
-1.25044
-2.07154
-2.81189
-1.97886
-0.27203
-2.19093
-2.12568
0.45595
-2.56285
-2.65191
-2.00327
-2.32983
-1.68546
-1.32501
-3.91835
-1.97521
-2.98873
-1.84519
-2.40481
-1.06340
-2.73789
-2.42422
-1.90951
-1.95978
-1.14676
-1.19512
-1.94034
-2.64849
-2.19601
-1.97890
-2.40084
-1.11734
-2.83934
-1.22182
-3.86085
-2.32463
-1.12577
-2.18493
-2.68470
-3.54913
-1.56161
-0.57085
-0.91605
-3.10402
-3.17793
-0.11673
-3.39996
-1.31516
-1.66335
-1.48277
-1.69948
-0.62452
-3.55007
-2.28397
-1.59605
-2.85471
-2.35087
-2.95934
-1.48453
-3.18139
-0.59093
-1.92077
-3.78643
-3.29287
-0.77567
-0.07293
-1.69928
-2.38417
-2.49193
-2.48032
0.72756
0.65932
-2.51075
-1.77404
-2.74802
-2.64278
-1.32994
-2.16559
-2.50473
-1.53037
-1.30479
-2.14562
-0.83468
-2.67817
0.33281
-2.75671
-3.22898
-1.51071
-2.50816
-1.45759
-2.59575
-2.20661
-2.66262
-2.09942
-3.55810
-2.08915
-1.47533
0.01209
-2.22913
-3.07853
-2.20001
-3.53876
-1.93115
-1.13278
-1.73940
-0.38848
-0.18814
-0.87610
-2.16482
-4.16642
-3.76157
-0.17562
-0.12165
-2.65667
-1.54015
-2.78254
-2.43576
-1.49643
-1.67643
-0.67877
-0.78890
-3.11534
-2.41139
-3.06835
-1.17494
-1.36386
-0.90927
-3.19907
-1.52771
-2.53029
-2.19578
-2.01689
-2.67457
-0.93887
-2.45490
-2.33575
-0.60224
-1.74021
-1.80512
-1.98405
-2.10486
-3.25993
-1.45363
-2.07214
-2.51269
-1.43299
-2.05237
-1.51140
-1.35010
-2.43276
-3.18375
1.04270
-4.14984
-1.74319
-3.16655
-1.31140
-3.39298
-2.00895
-2.79559
-1.76885
-2.20383
0.39999
-0.35000
-3.28381
-0.78573
-2.72705
-2.05015
-2.40713
-1.13074
-1.46067
-2.10333
-1.02082
-1.19875
-1.51151
-2.28681
-1.38864
0.49220
-2.73460
-2.07284
-2.94095
-1.89618
0.78905
-2.73891
-2.12705
-2.86639
-3.36370
-3.34353
1.82861
-2.10515
-1.70739
-1.57561
-1.08942
-2.56732
-3.17913
-2.37738
-0.20871
-1.92580
-1.86692
-1.56408
-1.46968
-3.20025
-2.45957
-1.94095
0.68187
-2.80443
-1.67411
-1.00935
-3.63446
-2.78114
-1.76390
-1.32336
-1.98288
-3.27409
-1.73911
1.07860
-1.64492
-3.28990
-0.63210
-2.71781
-0.26278
-2.95809
-2.40252
-0.78217
-2.23983
-2.01296
-2.17238
-2.61974
-1.92261
-1.15513
-1.17061
-1.77338
-2.61847
-0.41515
-2.02206
-2.63649
-1.10287
-2.92573
-2.72292
-0.51864
-2.81089
-1.59095
-1.83231
-2.30706
-2.00079
-2.86967
-2.82683
-2.75982
-1.49661
-0.57210
-1.64700
-2.87887
-2.27696
-1.61441
0.77195
-3.63551
-2.36224
-0.18516
-2.59450
-1.56385
-2.07319
-3.28610
-0.30970
-3.08665
-2.21367
-0.38436
-2.93240
-0.49032
-2.11902
-2.81237
-2.99561
-1.30499
-2.08751
-0.56694
-1.53114
-1.45248
-0.87840
-1.04071
-1.62357
-0.19105
-1.24585
-2.67239
-2.26381
-1.74895
-2.77938
-2.69099
-1.68860
-2.05130
-1.79654
-2.16430
-2.26055
-1.67460
-2.14914
-1.86053
2.67040
-2.80649
-0.61608
-3.29574
-1.35101
-2.88673
-1.53338
-2.11551
-2.04779
-2.75605
-1.29247
-2.69099
-1.54197
-1.45977
-1.86874
-1.51359
-3.24869
-3.15878
-3.09013
-2.64718
-3.00193
-1.39465
-2.26573
-1.20633
-2.57321
-0.89202
-1.63357
-3.41028
-3.37130
-2.57481
-2.51183
-1.61139
-1.59825
-0.94308
-1.90618
-1.85034
-1.90244
-1.48025
-1.57870
-0.08429
-2.34303
-1.84802
-0.67305
-1.06478
-1.93366
-2.18079
-1.28707
-1.73599
-2.01402
-1.97516
-0.95322
-2.05486
-1.14820
-2.85718
-1.68378
-2.32726
-1.40337
-1.46115
-2.64493
-2.85021
-1.43406
-0.69891
-2.33652
-1.01096
-1.81117
-2.63233
-1.99507
-1.15440
0.18344
-2.55001
-1.25321
-1.15967
-2.59677
-2.18390
-2.06573
-2.28489
-2.87380
0.06316
-3.76881
-0.84394
-1.39501
-2.56171
-2.30331
-1.12562
-3.25519
-2.18050
