1.23853
-1.15205
-3.26014
-1.72801
-2.10680
-2.09114
-2.01716
-2.76166
-2.53526
-2.19687
-1.21932
-2.53678
-2.30386
-0.50107
-2.40266
-1.43724
-2.51556
-1.37991
-2.31953
-2.37845
-2.55009
-2.38612
-1.02503
-1.93947
-2.22364
-1.55109
-2.91313
-2.99561
-3.53648
-3.30771
-2.31189
-2.51239
-2.60497
-2.15102
-3.71212
-0.87704
-1.99973
-2.84456
-3.33642
-2.79682
-3.66750
-2.45255
-3.08106
-1.92503
-3.98806
-3.05742
-2.67191
-1.68142
-3.35744
-2.95680
0.01237
-3.62342
-3.84070
-2.81806
-3.57115
-4.00891
-0.82753
-0.64329
-0.72212
-2.82121
-2.44441
-3.17998
-3.31404
-1.52932
-2.60399
-2.62888
-1.74065
-3.52997
-2.18114
-2.48605
-2.20554
-1.23799
-3.00020
-2.31937
-1.49974
-1.22659
-1.82423
-3.05273
-2.28916
-2.61802
-0.57087
-3.31282
-1.73437
-0.92309
-2.04658
-2.62295
-2.22109
-1.96496
-1.42807
-3.83314
-1.97717
-0.81883
-2.17447
-0.06430
-1.99726
-1.93908
0.76333
-3.74488
-1.41390
-2.52072
-3.03870
-2.13380
-2.88780
-3.19573
-3.16175
-4.01740
-2.40366
-0.94891
-1.91919
-3.44512
-3.27829
-2.12916
-2.96147
-3.85095
-2.25938
-3.45232
-3.08041
-3.48332
-2.02110
-2.08865
-1.94261
-2.58980
-2.42211
-3.78088
-2.94903
-2.46633
-2.36720
-1.46064
-2.80092
-2.38681
-3.60647
-2.82540
-3.31328
-0.92791
-1.62884
-3.67739
-3.61310
-2.90561
-3.18924
-2.46690
-0.06805
-2.75072
-2.88855
1.11588
-3.28091
-2.74574
-2.10411
-2.28829
-2.55597
-3.93178
-1.98755
-1.68422
-3.34435
-3.41163
-2.70672
-2.56449
-2.34919
-2.60193
-3.88130
-1.75575
-3.40574
-4.04615
-1.05362
-2.89035
-2.99506
-2.55625
-3.42121
-2.32508
-3.34582
-2.58597
-2.39561
-1.82041
-1.80356
-3.63957
-2.70755
-3.37845
-2.93917
-1.98854
-3.31292
-2.89166
