-3.23741
-1.29473
-2.95319
-2.32359
0.70810
-1.00399
-2.77033
-2.57284
-2.41636
-2.95900
-3.66538
-1.89100
-2.90244
-1.59305
-1.74324
-2.14947
-0.57396
-2.52345
-1.01141
-1.83479
-0.05771
-1.52085
-3.18548
-3.08687
-1.24283
-2.41595
-1.09844
-1.82153
-1.73862
-1.91867
-3.82709
-2.97922
-2.67070
-3.66799
-1.72673
-0.58187
-2.95651
1.04641
-2.11509
-2.57933
-2.21024
-2.80864
-2.73640
-3.65688
-0.69861
-3.13608
-2.07093
-3.77420
-2.34207
-2.16041
-2.33110
-3.08886
-1.61453
-2.67327
-1.78182
-1.01348
-1.25774
0.75531
-1.75375
-2.63840
-1.74641
-3.76079
-1.91209
-2.34816
-3.03440
-0.35764
-2.14492
-2.17874
-2.16234
-1.93032
-2.16033
-0.61292
0.97405
-0.93983
-1.84049
-2.19041
-0.62233
-2.67937
-2.02462
-1.42219
-2.32655
-1.69994
-3.01686
-3.25619
-0.85443
-1.87409
-2.42550
-3.78522
-3.73012
-2.01887
-1.88099
-0.52378
-3.58484
-2.52496
-0.53531
-2.74544
-1.47716
-1.68160
-2.20101
-2.45363
-1.76029
-1.25179
-1.03717
-1.59518
-2.11305
-1.09599
-1.57662
-1.83916
0.48388
-2.47148
-1.99062
-0.48804
-1.14761
-2.46385
-0.69172
-1.78207
-1.74143
-1.99117
-1.62035
-3.03204
-2.13209
-3.45491
-2.86279
-2.91484
-0.85163
-2.17948
-2.46181
-0.04252
1.39534
-0.07734
-1.82204
-2.58239
-2.31133
-1.88402
-1.87332
-3.11425
-3.10640
-2.01126
-2.86542
-2.18332
-0.29819
-2.59630
-1.30013
-2.72382
-2.70400
-2.95689
-0.84332
-1.92083
-3.46214
-1.73534
0.63615
-3.44970
-0.72708
-3.51336
-0.87431
-2.66192
-1.88428
-2.25039
-2.55943
-2.55383
-1.91123
-1.59505
-2.44849
-1.57709
-1.75299
-3.48189
-0.32993
-2.19591
-1.85606
-2.24058
-3.01414
-2.51333
-2.25448
0.15951
-0.82689
-0.57981
-0.13210
-2.23736
-1.47203
-2.94949
-2.57180
-2.78955
-2.58688
-1.52517
1.18534
2.07712
