-3.60774
-1.72923
-1.46047
0.05246
-2.12833
-0.08115
-1.39208
-1.87549
-3.83937
-1.61318
-1.66959
-0.61652
-0.16894
-1.83913
-1.22304
-0.74737
-2.29282
-2.72683
-2.31597
0.33205
-0.29976
1.19046
-1.89720
-0.71226
-2.79939
-1.79987
-1.39036
-0.11982
-3.46199
-1.42914
-0.30444
-2.22890
-1.56081
-1.57199
-0.48112
-1.23097
-2.96445
-1.31235
-3.08799
-1.54698
-3.94224
-3.49935
-0.58093
-2.58294
-1.87157
-0.49254
-1.25894
-3.03819
-0.64005
-2.45309
-1.87460
-0.94790
-0.25845
-1.36462
-2.75389
-0.83719
-2.19024
-2.45049
-2.22572
-0.89797
-1.49679
-0.41278
0.56873
-2.97320
0.28434
-2.79707
-0.10016
-0.55223
-3.04082
0.05810
-1.86706
-3.17863
-1.51624
1.19000
-1.88698
-0.33893
-1.28334
-3.10984
-1.58037
-2.87349
-1.63767
-2.96795
-0.36826
-1.68930
0.19151
-1.24287
-2.28604
-0.70697
-1.65763
0.41368
-2.51862
-1.62330
-1.25530
-0.15283
-1.13247
-2.52528
-2.56695
-1.65361
-3.21062
-1.17928
-1.42182
-0.94244
-1.60793
-2.93087
-2.65574
-1.17185
-1.51801
-1.27315
-1.87387
-1.99568
-0.95442
-2.56858
-3.04830
0.07412
-2.67902
-1.44895
-1.39250
-0.64795
-2.61433
-2.85835
-0.42992
-1.55399
-2.47362
-3.29276
-2.88919
-0.79476
-0.95918
-2.13432
-1.04412
-3.58440
-1.67677
-1.05813
1.51204
-2.56104
-2.66012
-1.41645
-2.29385
0.74751
-1.75486
-1.26624
-3.37019
0.17216
1.57916
0.05802
-2.34450
-0.64497
-1.58683
-0.21746
0.31914
-2.52580
-2.86729
0.10250
-2.69636
-2.57652
-3.46486
-1.76253
-0.70509
-0.29634
-2.39898
0.89995
-3.30003
-2.01656
-1.49479
-1.77200
-0.46851
-0.72958
-0.86707
-1.90229
-0.09153
-1.72280
-3.29695
-0.96131
-0.68701
-2.42504
-2.90503
-2.87115
0.25216
-0.57085
-1.08653
-1.18068
-1.29551
-2.11758
-2.50723
-2.27782
-0.75674
-1.09243
-2.84383
-1.91261
-1.97430
-2.18003
-2.74942
-2.30047
-2.19522
-2.21607
-2.12916
0.03230
-3.02270
-0.53310
-1.01990
-3.05086
-3.09119
-2.08920
-0.41364
-2.53818
-1.88581
-2.23544
-0.61871
-1.20589
-1.86341
-0.81392
-2.24418
-3.16205
-1.13589
-3.03188
-1.02080
-2.14068
-2.55595
0.25774
-2.17368
-1.27441
-2.05581
-2.72676
-1.45310
-3.07186
-0.81648
-2.37992
-1.02541
-3.48885
-2.34544
-1.10588
-2.41979
-1.85025
-2.76005
-2.73461
-3.06127
-0.95435
-2.29554
-1.44066
-2.80385
-2.06984
-1.48661
-1.92059
-2.01405
-1.63230
-0.97190
-2.21621
-0.97054
0.60038
-2.25407
-0.58795
-1.57432
-2.33313
-2.25465
-0.99011
-1.49121
-1.30246
-2.09744
0.20470
-2.59955
0.95763
-0.24898
-2.30085
-1.32598
-1.68745
-2.60076
-0.84921
-0.32658
-3.52521
-2.38212
-0.71922
-1.40362
-3.02742
-1.91063
-1.04543
-0.53032
-2.39885
-0.13583
-1.24249
-1.81902
-0.98302
-2.73723
-2.38796
-0.37778
-2.44818
-2.24078
-2.34437
-0.55565
-1.84884
-3.40554
-2.36035
-1.76605
-1.36163
-2.00373
-1.00890
-0.57940
-3.00508
0.18513
-1.85998
-0.26804
-2.74281
-2.95436
-1.47227
-0.21618
-2.21573
-1.66107
-1.50566
-2.98248
-2.80137
-2.04581
-2.75010
-2.50426
-2.56484
-0.82392
-1.25335
-3.18299
-1.95448
-1.95964
0.15276
-0.69393
-1.89084
-2.39669
-0.33347
-1.21776
-0.62726
-2.33229
-1.22833
-0.85368
-0.66958
-1.85889
-2.32756
-2.38002
-0.86802
-2.85937
-1.45095
-1.27289
-1.82004
-1.65538
-2.17004
-2.51090
-0.96986
-3.11013
-4.06029
-0.05399
-2.33532
0.93929
-3.43777
-1.43116
-0.82546
-2.45848
-0.79395
1.57009
-2.95537
-1.47195
-1.51147
-2.39725
-3.26950
-2.41244
-0.51595
-2.48565
-2.23686
-1.58022
1.32303
-1.64809
-1.17753
-0.94396
-2.25997
-1.63149
-2.25040
-0.25548
-0.56373
-2.78873
-1.15789
-2.47109
-3.05000
-0.03303
-2.68264
-1.22293
-0.02511
-2.00587
-1.72857
-2.79451
-0.72942
-1.07348
-1.77115
-3.48940
-2.57668
-2.80644
-2.22544
-2.18856
-1.12019
-2.45404
-2.72048
0.36514
-2.58773
-2.54795
-1.31720
-0.94254
-1.65039
-1.32064
-2.96521
-1.50781
-2.39781
-1.21871
-1.78732
-0.58680
-1.27812
-2.07155
-1.62036
-0.29338
-0.80127
-2.07982
-1.75629
1.59472
-2.54666
-2.61028
-1.37669
-0.82556
-0.74038
-2.95479
0.45188
-1.68562
0.07097
-2.45438
-0.57817
-2.74428
-0.61728
-1.51753
-1.66131
-1.53716
-2.17794
-2.37327
-1.62204
-1.79514
-0.86671
-1.78824
-0.41611
-2.90398
-1.75822
-1.91912
-0.24087
-1.10635
1.39366
-1.72269
-3.57768
1.26002
-2.60100
-0.56509
-0.43445
-1.96116
0.70680
-3.34960
-0.92313
-2.20974
-3.51726
0.05646
0.60354
-2.15454
-2.84602
-2.20937
-0.46803
-1.44553
-0.30875
-3.17208
0.39347
-0.23720
-2.38018
-1.87838
-1.37384
-0.47511
0.32005
-2.67907
-0.96509
-1.98610
-2.30652
-2.20546
-1.52123
-3.28314
-1.90853
-1.03782
0.21562
-0.35436
-3.23464
-3.03442
0.75774
-1.18573
-1.96209
-2.02614
-2.84567
-1.21661
-0.69965
0.00433
-1.05798
-1.28727
-2.49253
-3.03420
-0.85239
-2.04234
-2.19388
-3.06563
-3.27306
-1.12482
-3.00192
-1.13665
-0.15415
-1.34111
-0.79165
-2.66539
-0.81688
-1.75405
-1.10770
0.18687
-1.21526
-0.86140
-1.80863
-3.00557
-0.87083
-0.09230
-2.69930
-1.13188
-2.49031
-1.18572
-0.10583
-3.18951
-2.02758
-0.99398
-2.17113
1.41598
-0.98828
-2.45294
-2.78667
-1.96845
-0.55131
-2.42410
-0.94568
-2.42764
-1.63453
-0.41747
-1.73571
-3.00997
-2.91239
-1.30973
-1.88099
-1.07838
-0.78104
-1.50188
-2.87832
-3.09217
-2.60811
-2.16096
-2.16008
-1.24197
-0.75004
-1.65764
-1.80672
-0.84471
-1.27630
-3.58286
-1.65996
-1.52802
-2.58576
-2.80125
-1.86025
-1.52451
-0.83976
-2.33958
-0.00186
-2.77447
-2.29324
2.74080
-2.82969
-1.26675
-1.26390
-2.23881
-1.96927
-2.11850
0.81940
-2.05313
-1.39708
-0.99113
-0.06793
-1.92561
-0.98839
-2.09539
-2.90464
-2.20013
-1.28955
-2.68756
-0.66544
-1.28166
-1.98220
-0.84905
-0.14078
-1.79145
-2.50125
0.24640
-3.20474
-3.20169
-1.91469
-2.12249
-2.19995
0.13524
-2.33691
-2.52091
-2.10340
-2.65919
-1.53582
-2.65195
-3.32324
-1.72130
-1.70451
0.26961
-1.86013
-1.02727
-0.36465
-2.24161
-2.13727
-1.60601
-2.43320
-2.39963
-1.64229
-1.09404
-1.19255
-1.50335
0.33938
-1.58647
-1.79264
-1.29844
-3.18470
-0.59676
-1.72635
-1.51140
-0.77530
-1.97558
-2.86015
-2.13307
0.06293
-1.00041
-3.86979
-2.48666
-1.89293
-3.32010
-1.70571
-2.46499
-2.95360
-1.30968
-1.53118
-2.98292
-1.19350
-0.66502
-0.34933
-1.63974
-1.99167
-0.39193
0.00407
-1.76709
-1.56563
-2.29300
1.71083
-2.03783
-3.20238
-3.36874
-1.90596
-0.15503
-2.65563
0.27513
-2.46237
-1.92195
1.03500
-2.01473
-2.38647
-1.29962
-1.67523
-1.75409
-2.49488
-1.45632
-1.52069
-1.98806
-2.42896
-1.65344
-2.61618
-3.04497
-0.88038
-1.40707
-3.04245
-0.60166
-2.40099
0.63196
-1.58429
-2.94159
-1.44443
-3.14311
-2.41828
-1.13004
-2.03555
-2.23234
-0.23819
-2.49158
-2.63433
-0.67879
-2.51139
-1.17808
-1.92607
-1.87455
-0.81324
-1.52539
-1.15622
-1.15061
-2.48174
-0.31457
-1.31084
-2.50177
0.06018
-2.81641
-1.72922
-3.22200
-1.59381
-1.88757
-1.31884
-1.37684
-1.97592
-1.70223
-1.54266
-1.64332
-1.84778
-2.64660
-2.71914
1.13033
-1.39180
-1.13207
-2.07665
-1.03000
-0.07832
-1.62285
-2.12621
-0.51701
-0.78247
-1.37138
-1.69243
-3.30398
-2.24921
-3.78964
-2.31807
-2.76382
-2.04303
-1.43239
-1.37465
-3.01054
-0.97862
-1.23553
-0.65409
-1.20774
0.03719
-2.65001
-2.35980
-1.01907
-0.41640
0.39345
-0.61824
-2.01614
-2.65368
-1.72574
-3.25993
-1.04011
-1.89478
-2.23958
-1.91577
-1.03110
0.05226
0.50248
-2.53772
-2.97246
-3.39762
-0.90113
-0.63580
-1.60267
-0.85737
-1.11182
-0.39701
-1.92510
-1.94687
-2.09575
-3.69048
-3.14517
-2.71963
-1.56899
-1.54761
-2.92393
-1.21544
-2.26596
-3.59703
-2.20939
-0.66243
-0.99550
-1.31838
-2.38123
-1.19014
-2.15234
-1.13493
2.38374
-3.54466
0.42960
-1.44702
-0.64023
-1.40845
-1.03099
-2.12006
0.27591
-1.09576
-3.13229
-2.54976
-2.23101
-1.26786
-1.08922
-1.74198
