-1.46822
2.70910
4.10231
0.60731
2.84647
2.27406
-1.62592
0.38663
-0.48887
0.94316
5.77818
4.46169
5.08357
2.62449
5.74097
1.80298
-0.42397
1.26956
3.85318
2.98144
6.32787
3.82478
6.53156
7.06256
5.09099
4.70401
6.87097
0.94938
-1.58261
1.33804
0.93954
6.29903
3.80935
3.92189
-0.42925
1.96777
2.56063
0.66059
6.60347
6.72935
5.12587
4.51499
3.79918
4.29189
7.06256
5.32441
1.72889
5.98978
0.67837
4.50929
6.10747
1.20746
5.42304
5.64451
6.07427
5.38332
3.46887
3.37479
2.01497
-0.09497
2.44851
1.72949
3.90346
3.76580
3.36949
1.65843
3.75249
1.74007
2.74697
4.09683
1.59366
5.77577
1.42031
5.23003
2.79463
0.57598
0.26717
0.05425
1.52134
1.78214
1.93309
4.94131
-1.87768
7.06256
2.02372
0.79501
3.30494
6.54695
6.16006
4.65791
-0.82626
2.89064
0.53650
6.36925
4.43431
5.87879
0.40690
1.05007
2.93156
1.60803
-4.00794
-0.12280
1.96708
2.38254
2.04194
-0.29160
3.36692
3.39591
3.53523
1.45157
3.15787
1.15689
3.05603
0.98755
3.72729
2.76102
2.10618
4.24839
3.19944
6.02379
0.05557
2.34083
0.05892
5.00834
2.50712
5.15590
1.19043
1.92917
5.17604
0.96473
2.68221
0.06716
0.74532
-0.59544
2.82860
2.76646
4.17385
3.34396
2.04946
3.02496
3.76386
3.69718
2.55425
4.44533
-1.16640
1.01431
3.96043
5.96507
7.06256
2.86206
6.09986
2.11215
4.21178
-1.24008
2.07826
6.24308
-0.05113
1.67741
3.80712
0.23421
0.79139
4.16971
1.55023
1.54358
1.51559
1.74353
6.03563
2.21658
2.51227
0.39564
0.09716
1.84752
0.99721
-1.14861
0.81885
-0.54244
0.99012
5.58628
-0.44628
1.80833
3.40715
3.37322
1.23326
3.75973
5.72879
1.97204
2.89680
2.15183
2.88917
5.30161
4.85607
3.45309
3.49531
3.09849
4.58138
6.19152
4.96064
0.78025
4.70327
4.72162
