5.89984
7.35085
1.93239
6.09236
-1.32927
4.14467
7.35085
4.86744
5.20014
5.95215
3.45950
1.61416
3.35108
5.79164
4.27124
4.97569
3.39912
0.73462
3.53040
4.76778
6.00284
1.70741
4.57912
1.97648
3.86605
4.51017
3.26268
5.10315
3.80771
3.22174
3.52913
6.59151
2.77690
4.01281
7.00613
1.41086
-1.44276
0.97080
6.91699
5.53325
5.04422
6.45086
4.23138
7.35085
2.30760
6.36390
5.61021
3.75359
2.61528
3.53094
4.20044
5.28005
5.98664
7.03153
4.46803
7.35085
7.35085
1.49383
0.10246
0.60005
1.71805
1.83288
3.40028
1.25656
-2.22043
3.84426
-1.03734
4.79438
1.94612
2.94650
1.90729
2.89053
3.05739
2.47485
0.09156
-2.30310
1.88835
5.55454
6.38554
3.00694
7.35085
2.22443
2.11626
1.61778
0.96197
1.40941
1.71181
4.32410
-1.51177
2.91437
7.35085
6.39809
3.37128
2.27274
2.46447
3.70041
1.83078
1.79739
5.87202
2.67397
5.37359
3.65631
7.35085
1.63337
-1.62789
-0.75735
2.37967
0.51977
2.43771
-2.15786
5.06846
3.79768
6.02391
3.78797
1.34951
4.52293
6.95238
1.45150
1.84002
2.00028
-3.46301
0.72363
1.54333
0.19039
3.30525
7.35085
7.21916
6.57186
7.35085
4.68148
1.31709
1.07508
1.73378
6.09737
6.32302
6.02212
6.27011
5.05591
2.74039
2.33054
5.54294
4.97934
6.55744
4.74736
4.79439
1.02214
2.96653
2.21941
5.93072
-1.04911
4.40612
6.31946
3.34656
3.08052
7.35085
7.35085
4.61547
6.80406
3.62861
6.06272
1.19884
2.85325
0.43550
-0.15809
1.37501
0.81872
6.71831
1.09383
7.31958
0.82258
2.95991
1.17297
1.79300
5.47478
-0.46490
4.60457
3.07765
4.87032
4.17495
-0.85704
2.12515
3.51834
3.60394
1.63627
2.58936
1.06818
3.87068
6.91832
4.10826
2.85164
1.39737
6.04908
4.85412
4.14434
-1.29399
3.71494
4.57633
3.55115
5.70026
-0.17236
