-0.04684
-2.34294
-1.29049
-1.14811
-3.45942
-0.65769
-1.69471
-3.06894
-1.49531
-2.36696
-4.32450
-2.09658
-2.77607
-2.67204
0.65795
-2.89559
-3.13112
-2.11666
-2.12201
-2.21145
-0.83223
-1.52557
-2.74511
-1.40643
-0.30653
-2.03190
-2.79371
-2.98739
-2.35770
-2.30819
-0.71099
0.21841
-1.62055
-2.55532
1.11579
-0.74565
-2.63921
-1.09189
-1.25210
-2.41092
-1.88809
-0.28132
-1.53243
-1.20107
-3.16537
-1.55301
-2.35441
-3.60013
-1.18893
-2.97485
-2.10437
-1.79517
-1.88438
-2.04771
-3.31772
-1.73775
-1.90796
-0.58678
-0.41692
0.93358
-3.46596
-2.06729
-1.36350
-2.43053
-3.36898
-3.77616
-0.89153
-2.12123
-1.09042
-0.75945
-1.32756
-3.18946
-1.38342
-1.26831
-0.58999
-0.74766
0.09330
-0.18780
-1.00251
-2.60799
-3.15247
-1.65519
-2.39513
-1.41126
-1.10904
-2.51721
-2.58236
-3.04202
-1.02365
-1.26770
-2.80882
-0.85255
-0.53477
-4.26491
-1.73605
0.30218
-2.40540
-2.28067
-1.18471
0.43884
-3.60807
-0.53791
-1.70872
-2.36817
0.66842
-3.50402
-1.75379
-0.11340
-0.43561
-2.31255
-2.34642
-3.15375
-1.84436
-0.32507
-2.57983
-1.09389
-2.95749
-1.85791
-0.59547
-1.95786
-2.31364
-0.93117
-1.92897
-0.09463
-0.09926
-1.98790
1.20781
-2.67305
-2.11314
-1.89021
-1.23383
-1.57342
-0.98260
-2.38556
-0.02951
-4.10878
-2.01331
-2.19886
-1.82609
-2.14777
-2.00613
-1.13699
-1.77952
-1.28965
-1.20152
-3.11114
-2.25111
-2.96421
-1.34447
-2.13483
-0.74223
-0.56290
-1.75575
-0.77291
-0.22656
-1.28714
-1.08223
-1.71254
-3.13354
-2.78620
-2.17490
-1.64420
-2.18522
-3.33810
-1.97953
-0.47647
-1.84518
-0.89111
-2.20917
-0.62860
-1.47306
-2.26758
0.03999
-3.15911
-2.31898
-0.58128
-2.50020
-3.11869
-2.35922
-4.54061
-1.99314
-2.69078
-3.42385
-2.97504
-2.20773
-1.81065
-2.34367
0.06798
-2.34868
-2.00442
-2.95818
-2.34063
-1.62037
-3.37702
-2.82485
-0.92329
-2.45821
-2.34162
-1.08235
-1.35319
-2.30351
-0.32797
-2.24807
-2.05157
1.34286
-1.84681
-2.20959
-1.19205
-0.56781
-0.37341
-3.41615
-3.45868
-2.49787
-2.93099
-3.51236
-4.14846
-1.50158
-2.66871
-2.12792
-0.46067
-0.67571
-2.98031
-2.89067
-2.29172
-3.01658
1.65612
-2.09108
-2.77315
-1.55046
-2.93935
-3.47066
-1.35184
-1.44588
-1.48753
-2.54027
-1.89383
-2.55784
-1.65443
-0.25544
-2.44366
-1.26739
-1.74377
-1.14892
-0.37630
-1.41423
-0.37527
-1.42919
-2.42221
-2.94609
-1.85168
-0.72707
-2.76425
-2.31713
-1.48337
-3.55494
-2.05849
-2.09609
-1.45158
-2.61917
-1.50148
-2.03634
-0.35663
-1.56156
-0.50323
-2.07171
-3.10531
0.02482
-1.57052
-2.86642
-2.57924
-1.48213
-2.18071
-0.37710
-2.67039
-1.61608
-1.57334
-0.36082
-3.43809
-0.54693
-0.51419
-3.20020
-1.13898
-1.80118
-2.98233
-0.33559
-2.83345
-1.40002
-0.05688
-1.06949
-0.68052
-2.02835
-0.31698
-0.15106
-1.73508
-3.04311
0.24431
-0.86060
-0.96598
-1.63681
-2.97582
-2.26878
-3.13206
-1.37378
-2.10062
0.52191
-3.14068
-2.09364
-2.63567
-2.38799
-1.38301
-1.89642
-2.16937
-3.06206
-3.15407
-1.89671
1.74733
0.31613
0.31785
-1.98884
-1.92526
-1.78821
-2.49398
-1.60340
-3.67322
-3.23026
-0.59315
-0.83813
-0.78183
-0.33593
-2.98919
-1.58389
-1.33671
0.11148
-1.63525
-1.96207
1.02878
-0.21300
-1.38815
-4.40718
-2.06919
-0.16387
-1.34313
-1.07689
-1.77966
-2.30855
-2.62944
-3.00733
0.50574
-1.29554
-0.57520
-1.17910
-2.27310
-1.95552
-1.34415
0.00279
-3.53053
-2.69104
-2.21659
-2.41921
0.21426
-0.42860
-2.02485
-2.13450
-3.19467
1.15810
-2.18003
-3.57952
-2.80756
-2.54262
-1.10544
-1.54585
-2.82693
-1.60629
-2.38144
0.39490
-3.02137
-1.71454
-2.00004
-1.54881
-2.39425
-1.00460
-2.84665
0.08279
-2.60033
-0.96973
-0.23621
-2.56242
-0.65847
-3.39300
-2.80038
-2.21007
-2.61800
-1.56142
-2.99926
-1.35246
-2.95294
-2.87801
-0.38729
-1.40573
-0.48981
-1.23991
-2.32651
-3.20643
-3.22136
-2.30898
-0.51892
0.07721
-3.52835
-2.36623
-3.64680
-1.69064
-2.27520
-3.56155
-2.51234
-2.44528
-1.99659
-2.73417
-2.83505
-2.43499
-0.33006
-1.53281
-0.96418
-0.94708
-0.06132
-1.08883
0.03461
-1.51756
-2.06345
-2.12581
-0.88717
-1.57501
-3.01349
-1.60525
-1.30451
-1.38641
-1.66233
-1.99194
-0.63510
-1.17138
-1.24337
-2.97138
-1.78177
-0.94889
-1.87318
-0.03588
-2.26544
-2.30457
-2.99342
-1.37150
-2.48746
-1.40377
-1.80482
-0.92230
0.04808
-3.38887
0.18801
0.04850
-4.04610
-2.33666
-2.82398
-0.06382
-0.78325
-3.69143
-1.96407
-0.94940
-2.62667
-1.83382
-0.15288
-2.01901
-2.88540
-4.11589
-2.37708
-1.82128
0.84467
0.91172
-1.61295
1.24947
1.57205
-0.45642
-2.47644
-1.56801
-2.81958
-3.69655
-1.44308
-0.70244
-1.13056
-0.83204
-2.93541
-3.09032
1.69476
-1.55316
-0.59665
-2.37249
-2.02056
1.14064
-1.24148
-1.04498
-0.70693
-1.72896
-0.88906
-0.28218
0.09235
-2.21972
-3.90212
-1.86048
-2.63609
-1.26716
1.68194
0.04726
-2.36127
-1.91881
-3.59619
-4.43876
-2.83246
-0.38486
-2.03976
-2.57840
-3.15293
0.20461
-0.00989
-0.62151
-0.93729
-2.99514
-3.65425
-2.05583
-1.16695
-1.18784
-2.70590
-2.77345
-2.65962
-3.57235
-1.96459
-2.98171
-3.37502
-3.34732
-2.53012
-2.19326
-1.55111
-1.79548
-1.45247
-1.00156
-0.62104
-1.59264
-2.53930
-3.90896
-3.44622
-1.57035
-1.27405
-2.26388
-0.58246
-1.76958
1.23007
-1.87045
-2.53125
-1.44768
-1.76840
-3.26923
-0.35966
-0.08362
-0.94876
0.43131
-1.18640
-1.76241
-1.31405
-1.60718
-0.66241
-1.19427
-1.55395
-1.44467
-2.53700
-0.13941
-4.02280
-0.69370
-3.30431
-3.23740
-1.09226
-2.15091
-3.19544
-2.67098
-3.54517
-0.81678
-1.41785
-2.45795
-3.13464
-0.45967
-3.35472
-1.96857
-0.79687
0.66869
-1.09472
-1.53228
-1.10816
0.75294
-1.78795
-2.98758
-1.10313
-2.13262
-2.20648
0.21909
-2.47228
-1.51599
-1.08016
-3.21426
-3.34746
-2.79991
1.52807
-0.41512
-2.41993
-2.57765
-2.95112
0.16999
-0.24503
-2.23380
-3.25203
-2.43576
-1.60151
0.39701
-2.54478
-0.47988
-1.81053
-2.64287
-3.76778
-3.24404
-2.02147
-2.56951
-2.13027
-2.92990
-2.66641
-4.48997
-0.50623
-1.18829
-0.07684
-2.49859
-0.06059
-3.36740
-1.28117
-2.15921
-0.68625
-0.55508
-1.73082
-2.38601
-2.67024
-2.15726
-2.08316
-1.45659
-2.16171
-1.98600
0.56276
-1.97057
-0.66535
-1.66793
-1.04338
-2.09451
-1.86977
-2.81522
-2.00470
-2.11739
-0.86093
-2.39828
-1.76358
-0.02237
-1.63638
-0.15322
-2.78955
-2.13694
-0.03624
-1.88528
-0.94422
-1.71700
-2.16988
-3.04833
-1.54932
-2.26626
-1.92443
-2.06964
-3.05521
-0.91169
-3.45481
-1.97556
-3.98241
-0.41880
-1.78997
-0.38605
-2.19711
-3.38434
-1.88383
-1.82758
0.86349
-1.57692
-2.71722
-1.21793
0.02321
-2.62741
-2.74752
-1.45934
0.17283
-1.51070
-1.73741
-2.95692
-1.29336
-0.24921
-2.95320
-3.12529
-2.75936
-2.17147
-2.47244
-3.66863
-1.89280
-2.54222
-1.23243
-2.49495
-1.35556
-1.96313
-0.41929
-1.02139
-0.62616
-0.57408
0.40714
-1.89681
-0.35449
-2.61618
-3.31910
-0.98902
-2.11215
-0.71442
-2.53123
-2.11793
-2.31091
-2.69175
-1.68618
-1.82563
-0.94648
-0.78424
-2.43768
-2.91400
-0.85188
-0.25038
-2.64090
-2.83851
-0.94489
-2.42222
-2.84415
-0.00078
1.13601
-2.72496
2.19908
-2.17084
-2.39711
-2.59034
-0.70710
-1.79767
-2.89462
-0.63073
-1.79286
-3.08306
-1.91562
-3.58586
-1.38809
-1.34929
-3.44459
-0.39069
-2.42423
-2.53063
-3.25226
-3.25946
-3.05147
-2.94063
-1.93328
-1.16713
-2.23542
-2.34356
-1.32682
-0.88798
-0.65327
-2.31804
-1.24723
-1.49318
-1.90391
-3.45060
-3.46559
-2.95673
-2.69229
-2.18009
-3.64134
-0.84983
2.74280
-3.28102
1.34893
-2.29998
-2.59443
-3.29963
-0.49474
-2.77125
-0.45353
-2.77687
0.60541
-2.10636
-1.33842
-0.55521
-2.74744
-2.92518
-1.34218
-1.48835
-1.19022
-0.73944
1.14953
-2.77337
1.49332
-3.50668
-1.64726
-1.68509
-1.35579
-0.76134
-2.56263
