-1.70572
-2.05715
-1.45038
-1.82120
-1.23289
-2.74975
-2.16688
-4.15452
-2.52584
-2.10255
-2.38462
-2.53909
-3.08503
-3.55846
-3.30732
-0.21053
-2.49241
-2.71421
-1.56023
-1.69408
-2.02675
-1.18520
-4.25300
-3.74334
-1.05144
-2.99225
-2.10327
-1.28570
-1.75483
-1.27258
-3.05994
-2.07413
-1.99903
-3.30173
-4.15341
-1.40371
-0.85011
-1.92332
-1.86799
-2.41818
-2.17176
-1.17170
-2.19361
-3.05634
-1.95807
-3.65609
-1.81103
-3.68423
-3.15672
-2.43054
0.86588
-1.59111
-1.39392
-1.98263
-3.95484
-2.83383
-2.19613
-2.47200
-2.41798
-1.06515
-1.53789
-4.00049
-1.69006
-2.03024
-0.96433
-2.65037
-1.26748
-2.69367
0.49255
-2.03343
-2.75164
-0.81751
-1.65993
-2.60574
-1.60316
-1.61867
-3.14871
-1.12916
-0.77417
-2.94027
-1.69612
-1.90728
-2.28985
-1.97980
-1.06592
-3.09012
-2.79715
-1.03092
-1.11625
-0.20541
-2.62400
-1.36563
-2.18257
-2.96674
-2.27664
-2.06582
-2.15897
-1.14285
-0.96138
-2.00604
-1.61030
-0.14856
-2.70168
-2.29255
-2.48272
-3.12519
-2.11714
-2.28670
-1.65434
-2.52165
-3.26143
-3.32895
1.34900
-0.03953
-2.22621
-3.56345
-1.15375
-2.34168
-3.74391
-3.85412
-3.24807
-2.98796
-1.51580
-2.12116
-3.81962
-2.36456
-2.10245
-2.90670
-2.53179
-1.92489
-1.96847
-1.27458
-2.84370
-1.29570
-2.73824
-2.09313
-4.23162
-2.33455
-2.59379
-1.06548
-4.03168
-3.69480
-3.43433
-2.14343
-3.27159
-1.59040
-4.19834
-3.45297
-3.78935
-1.26592
-1.25903
-2.05943
-1.69821
-1.48684
-2.24772
-2.44903
-1.89540
-2.85664
-1.81675
-1.37608
-1.33136
-0.39431
-3.43410
-2.19016
-1.01277
-2.05072
-3.18285
-3.00794
-3.19250
-2.29331
-0.50242
-2.51560
-1.60846
-2.40882
-2.00007
-1.26552
-3.71607
-3.46805
-3.34527
-2.49983
1.13521
-2.40238
-2.81126
-1.50264
-3.15569
0.01683
