1.62719
-0.30766
1.26760
-0.27741
0.54646
0.51909
1.51568
2.49038
1.46922
1.11209
2.43146
1.60615
0.20516
1.51971
1.33428
0.56724
-0.45379
1.14799
2.02706
1.74690
-1.19100
1.17266
0.16666
2.26141
-0.76349
0.54918
0.89143
2.08996
0.14213
1.06436
0.20343
2.87620
4.10995
-0.35664
1.17718
-0.53341
2.78463
1.40783
2.14140
1.75836
1.33153
1.08932
0.15416
0.28877
0.38801
0.51425
1.56175
1.34575
0.29614
0.60263
-0.01827
0.62955
-0.97414
0.28789
2.50116
2.07542
3.74499
2.80557
1.50763
-1.15667
0.67995
-1.36946
2.05426
0.91385
-0.04269
-0.01905
2.96506
1.28586
2.34823
2.77460
0.62048
1.23505
0.08899
0.40786
1.01424
0.30587
2.53546
1.24487
2.89181
0.87363
2.60740
-0.79237
1.34245
-0.24622
-1.78409
0.36344
-1.02079
1.32535
1.26835
2.36842
2.34323
-1.93265
-0.34050
1.40570
0.24040
-0.17249
2.35241
-0.18731
1.91691
3.76790
-0.84584
-0.75869
0.25724
1.55586
-1.95734
0.78888
-1.32295
-1.01876
-1.17622
-0.02500
-1.65121
0.41717
0.56663
-0.40917
-0.21596
0.82026
-1.03910
-0.97356
1.34520
1.00745
3.07177
0.12536
-0.20893
1.96383
1.52921
0.26485
1.15308
2.20845
1.08322
1.43875
1.03406
0.73821
-0.59826
0.45563
0.32819
-0.20212
1.95609
0.60776
2.37304
-1.37477
0.24199
-0.59596
2.09196
0.49967
-1.06932
3.42683
0.74778
-0.19227
-1.48596
0.94851
0.37023
2.27691
2.20224
1.11958
3.22039
0.76523
1.18594
1.65348
1.42468
-0.34590
1.42779
0.09616
2.24391
0.99304
0.38578
1.56065
0.54592
1.66146
2.87292
0.53511
2.04226
4.52171
1.35325
0.87101
-0.00380
0.84950
-0.35304
0.37958
0.45291
2.17665
2.49370
-0.75031
-0.01545
2.04445
1.01404
3.05210
1.14253
-1.32739
-0.26491
-1.40131
3.63659
1.30610
2.34840
2.39446
0.14749
0.80972
0.11566
-0.66793
2.71595
1.86195
