0.29577
-0.90348
0.07446
-1.98381
-1.07000
-1.76312
-0.52578
-1.07541
-1.44545
-1.62452
-1.39705
0.26323
-0.84442
-2.38425
-0.25009
-0.64716
-1.81478
0.17402
-1.09891
-1.92568
-0.43063
-0.13247
-0.60179
-0.20682
-1.30468
-0.16698
-0.51921
-1.20773
-0.07555
-0.56393
-2.05486
-1.25223
-1.12607
-0.09541
-0.92769
-2.48037
-0.46247
-0.23788
-0.81713
-1.33478
-0.35649
-1.34796
-1.80229
-1.21235
-0.95438
-1.15194
-0.25024
-0.98217
-1.46545
2.23009
-1.51235
-1.23273
-0.13347
-0.40454
-0.05271
-0.30280
-0.35550
0.57462
-1.18480
0.71641
-2.01814
0.42900
-0.73120
-0.21332
-0.69113
-0.93920
-0.18654
-1.45892
-1.50946
0.20079
-1.49217
-0.39905
-0.78903
-0.46492
-0.31498
-1.44884
-1.10371
-0.31426
-0.87200
-1.23046
-1.42205
1.16465
-1.53085
-1.80172
-1.61043
-1.29944
-1.18287
-0.10207
-0.53619
-1.50416
-1.46776
-1.15477
-0.22048
-1.91753
0.20002
-1.48787
-0.09415
-1.54991
-0.38822
-1.05197
-0.25918
-0.20946
-1.34789
-0.92526
-0.58268
-1.12043
-1.23088
-1.60566
-1.08864
-1.37332
-1.58406
-0.07838
-0.91652
-1.40089
-1.49942
-1.30164
-1.22392
-1.66895
-0.94622
0.91939
-1.34876
-0.59879
-0.48710
-1.35650
-1.98261
-1.66639
0.09543
-2.23019
-0.71742
0.49274
-0.02605
-1.93569
0.43685
-0.31414
-0.51766
-1.72245
-1.03673
-1.39910
-0.30868
-0.50742
-1.62450
-1.77383
-1.48114
-1.96198
-1.44665
-1.15136
-1.59255
-0.81659
-0.27066
-0.71608
-0.56106
0.00200
-0.30979
-1.50211
-0.78399
-0.86204
-1.26254
-1.66373
0.11202
-1.25589
-2.18979
-0.49515
-2.07832
-0.94344
-1.52740
-0.12106
-2.45017
-1.21771
-1.24935
-1.10131
0.10459
-0.43146
0.45787
-1.81715
-0.23587
0.04365
-1.66854
-1.09459
0.72953
-0.91005
-1.76976
1.01090
-1.33533
-1.26401
1.00110
-2.05745
-0.54620
0.38760
-0.40885
1.86951
-1.87585
0.64710
-1.30905
-1.77597
-0.70878
-0.44824
0.69288
0.28363
0.59196
-1.10913
-1.48908
-1.47912
-1.04284
-0.26099
-2.17217
-1.27101
-0.81339
-0.47396
-2.03117
-0.69045
-1.73382
-0.97692
-0.19391
-0.73961
-0.08461
-1.79276
-1.93425
-1.52550
-1.31873
-1.69685
0.11768
-1.95046
-1.23152
-1.45483
0.71322
-2.55733
0.84669
-1.46345
-0.04460
-0.70093
-1.22272
-1.04953
-0.70383
-1.24122
-0.64189
-1.12273
-0.00168
0.59005
-0.68244
-1.71336
-0.96666
-1.86508
-0.21450
-0.14346
0.54944
-0.86519
-0.71773
-1.21880
-2.02183
-0.80741
-1.40309
-2.22010
0.29898
-2.50437
-2.02752
-1.03265
-0.29034
0.68455
-0.82835
-0.73631
-1.68146
-1.85603
-0.83448
-2.01972
-0.45115
-1.88753
-1.75302
0.16566
-1.55012
0.95195
-0.20837
-1.57626
-0.98834
-1.03545
-2.67584
-0.37065
-1.22299
-0.28203
-0.04709
-1.84326
-1.02826
-2.67305
-0.45047
-1.81502
-1.13262
-1.85071
-0.72736
0.08784
0.27522
-0.75381
0.36867
-1.22127
-1.40196
-1.86696
-0.60206
-1.06867
-0.49202
-1.46092
-1.97911
-1.19508
-1.18342
-0.92602
-2.60370
-0.29755
-0.76462
-0.94565
-0.94229
-0.40813
-1.39115
-1.71853
-1.20908
-2.08977
-2.50995
-0.20424
1.17113
-1.74978
-1.35136
-1.31552
-1.65188
-0.78986
-0.68427
0.02988
-0.39685
0.05814
1.02741
-2.98936
-0.52151
-0.16515
-0.70442
-1.61315
-1.30700
-2.08711
-1.71609
-1.29379
-1.44972
-1.37816
-1.10744
0.28368
-1.61176
-1.62113
-0.77276
-1.02964
-1.75531
-2.16539
-2.01849
1.10686
-1.50316
-1.34150
-1.44122
1.40535
-0.51350
-0.57893
-0.94798
-0.54192
-0.91507
0.03532
-1.63356
-2.19412
-1.67686
0.83338
-1.74156
-1.96512
-0.84888
0.03233
-0.37815
-0.73394
-0.88567
-1.14491
-1.01634
-1.06823
-0.18100
0.09526
-0.81891
-1.49953
-2.44281
0.26819
0.21275
-0.51356
-0.18905
-2.01529
-0.44603
-1.02218
1.22852
-1.11099
-0.76777
-0.67506
-1.51583
-0.66264
-1.64663
-0.62964
-0.25066
-0.23671
-1.72644
-0.31716
-0.65471
-0.28077
-0.54717
-1.00091
-1.77921
-0.93020
-1.42812
-0.88271
-0.86633
-0.82831
-0.96236
-0.44736
-0.42067
0.21688
-0.52587
-1.35288
-1.92839
0.26695
-1.40331
-1.65103
-1.24591
-0.92494
-1.50415
0.28189
0.53530
1.35424
-0.33659
-1.11749
-1.05250
-0.86691
-0.95885
-2.15201
0.59440
-0.70536
-0.73233
-1.72510
1.22600
-0.40075
-0.73937
-0.12806
0.48372
-1.02108
-0.54433
-0.90653
-0.50038
-1.70382
-1.48149
0.27990
-1.89912
-0.68654
-1.37025
-1.44228
-0.14815
-1.11426
-2.31144
-1.23797
-0.33326
-0.74383
-1.30095
-0.53908
-1.28285
0.28325
-2.94335
-0.38643
-1.76188
0.05353
-1.46537
-0.31739
-0.17725
-1.75506
-0.14370
-0.81432
-0.96027
-0.09362
-0.51447
-1.18437
-1.66974
-0.46725
-0.96998
-1.26644
-1.33939
-0.99112
-0.32784
-0.06122
-0.97266
-0.66407
-0.59381
-1.27798
-2.04532
0.91854
0.98304
-0.34790
-1.03755
-0.28483
-0.42783
-1.32005
-1.41074
-0.31704
-1.40786
-2.69107
0.49625
-0.66380
-1.90246
-1.07017
-0.51133
-1.48255
-0.84716
-0.76448
-0.35897
-1.54882
-0.90899
-0.38818
-2.04393
-1.07341
-1.01479
-0.40135
1.21080
-2.02074
-0.64931
-1.32763
-1.67789
-1.69428
-0.58728
0.17055
-0.16354
1.65962
-0.28896
0.31356
0.36105
-2.19399
-1.70351
-0.29998
-0.28066
-0.53359
0.33384
-0.44005
-1.29671
-1.41690
-0.63900
-1.83126
0.58259
-0.24678
-0.93233
-2.50693
-2.65165
-1.23873
-0.20545
-1.20146
-0.70880
-1.06886
-0.23233
0.63080
-2.15674
1.28981
-0.92356
-1.64047
-1.25537
-2.18989
-1.62571
-1.09893
-0.58792
-0.31322
0.16814
-1.92279
-1.65795
-1.86712
-2.36478
0.29561
-0.73970
-0.00868
-0.98136
-1.70690
-0.97004
-1.17137
-0.40661
-1.25149
-0.24145
2.00258
-1.42240
-0.38141
0.67088
-0.95541
-2.24297
-0.28990
-1.19987
-1.34204
-0.60337
-0.91127
-1.54553
-1.05771
-0.39403
0.42827
-0.78215
-0.54062
-1.50039
-1.10048
-0.55825
-1.27419
0.24441
-0.13031
-1.33774
-2.11562
-1.71365
-1.21878
-0.24516
-0.52080
-1.38078
-1.01369
0.26226
-2.08789
-1.93732
-1.40496
-0.94532
-0.64440
0.53511
-2.12611
-1.94629
-1.57396
0.63262
-0.86125
-1.31367
-1.06022
0.33270
-0.27872
0.59811
0.49695
-2.19024
0.09630
-2.03816
-1.62853
-1.78940
-0.89146
-1.14799
-1.13544
-0.84460
-1.81501
-0.20153
0.76271
-1.11577
-2.04005
-1.84494
0.14006
-0.62472
-0.72693
-1.47144
-0.39130
-0.11095
0.77202
-1.38618
-0.40134
-0.60865
-0.83230
-0.67648
-1.84508
-0.81830
0.03288
-0.07594
0.35463
-1.35388
-1.26501
-0.90025
0.61904
-1.69804
-0.88252
-1.08822
-0.18139
-2.25415
2.12010
-1.76776
-0.95280
1.86935
0.44996
-0.87592
-0.23666
-2.16007
-1.27366
-2.48699
-1.37669
-2.54755
-1.24520
-1.09533
-1.04844
-1.67302
0.62190
-0.98717
-1.32542
-1.85742
-0.89018
-0.16465
-0.15942
-2.38092
-1.03063
0.75361
0.07956
1.07178
-0.04889
-1.79636
0.37175
0.45984
-0.69146
0.01016
-2.07905
-1.84665
0.56946
-0.24228
-2.03131
1.83497
-1.08958
-0.14748
0.85882
-1.05343
0.90011
-1.30127
-0.00322
-1.23324
-1.63854
-1.91320
-1.38004
-1.89660
-0.29598
-0.89772
-1.82473
-2.15661
0.69661
-0.77701
-1.94220
-0.93518
-2.52373
-2.48475
-1.79212
-2.64885
-0.72428
-0.65731
-1.27975
-0.65441
-0.54540
-1.26561
-1.05840
-1.68541
-0.92764
-1.58606
-0.59188
-1.75543
0.02136
-1.42383
-1.45265
-1.39190
0.62713
-1.00966
-0.18149
-2.37877
-1.67089
-1.35854
-1.06818
-1.49278
-1.58256
-0.67496
-2.50536
-0.27308
-1.42923
-1.71044
-1.36505
-1.71906
0.77666
-0.79539
-0.62142
-1.46007
-0.52559
-0.06534
-0.20514
0.08587
-0.89667
0.32168
-1.62471
-1.80468
-0.03592
0.43376
-0.08531
-1.24925
-0.49808
-0.61654
-0.62070
-2.34890
0.17447
0.09275
-0.97675
-2.29713
-0.15911
-1.22230
-0.20780
-1.16806
-0.18264
-0.33670
-0.04590
0.57798
-1.89323
-2.09345
-1.36521
-1.63160
-1.61185
1.39205
-0.73148
-1.24144
0.10682
-1.66430
-0.98060
-0.31586
-1.61425
-2.00530
-0.51714
-0.54565
-0.64071
-0.73350
-2.63600
-0.92842
0.65456
-2.13130
-1.10722
-0.92222
0.32776
-2.25587
-0.59930
-0.82827
-0.68218
0.53527
-2.26240
0.41998
-2.27469
-2.20150
