-1.98849
-1.11647
-1.60640
-2.26871
-2.46504
-1.04109
-1.76609
-1.64713
-1.43512
-2.30479
-1.30132
-2.33175
-1.98678
-0.82747
-1.60546
-1.34723
-1.75206
-2.14284
-1.38856
-0.74341
0.57832
-1.15807
-1.06119
-2.02259
-1.25264
-1.64994
-0.15477
-0.63555
-1.40783
-0.68398
-0.33845
-2.21692
-1.84009
-1.94849
-2.51773
-0.56359
-0.25023
-0.07875
-2.06788
-1.25708
-1.74591
-1.25041
-1.88025
-1.76054
-1.43493
-2.48920
-2.41491
-1.90394
-1.61339
-2.47476
-2.01197
-1.80999
0.17112
-0.36912
0.61733
0.07424
-1.14646
-1.00861
-2.61942
-1.17712
-0.41153
-1.70838
-2.26830
-0.30683
1.43929
-0.16356
-0.74447
-1.62241
-2.18932
-0.96399
0.26543
-1.04230
-0.96712
-1.19676
-0.60722
-1.57052
-1.65569
-0.16796
-1.18745
-1.54393
-0.48437
-1.49769
-1.50030
0.71959
-0.05247
-1.14528
-2.05824
-1.65032
-2.19649
0.77294
-1.20961
-0.74806
-2.10561
-0.74349
-0.72453
-1.38038
-1.82551
-1.40474
0.51733
-0.76039
-0.14432
-1.02337
-0.47844
-0.52694
-1.33514
-2.18304
-1.94654
-1.65380
-1.96701
-1.58595
-1.64577
-1.39366
-1.12782
-1.87431
-0.55849
-1.46134
-0.82411
-1.40674
-1.78561
-2.44581
-2.91813
-1.70271
-0.13431
-1.82903
-1.30807
-1.35230
-0.58400
-0.71677
-0.77563
-1.82175
-1.70687
-2.23520
-0.92774
-1.69150
-2.00140
-2.32903
-2.05449
-1.77755
-1.36408
-2.19122
-0.16835
-0.66671
-0.55915
-2.46933
-1.93115
-1.88852
-2.56951
-0.57008
-1.64955
-1.03906
-2.62370
-1.90968
-1.78749
-1.82020
-1.56447
-0.97977
-1.95098
-1.07109
-1.88484
-1.54439
-2.08425
-0.63378
-2.65117
-1.70558
-2.41996
-1.06956
-1.76797
-0.47417
-1.16344
-1.80817
-1.74156
-2.00602
-0.96205
-1.63059
-1.73091
-0.58712
-1.16198
