-5.58067
-6.28558
-4.31260
-5.02108
-2.24711
-1.55760
-4.67633
-3.61712
-2.04506
-2.40595
-3.79074
-2.48784
-2.08229
-4.45020
-4.21084
-3.39082
-3.15086
-2.57015
-4.57312
-3.55354
-5.82319
-1.69347
-3.15767
-4.24252
-4.23389
-4.28666
-3.27247
-2.50312
-5.07439
-3.60911
-4.37074
0.49397
-4.48062
-5.00048
-4.67935
-2.46599
-2.19063
-2.25028
-0.46725
-1.87058
-2.82116
-4.73458
-4.79768
-5.08252
-5.30755
-4.52793
-5.46722
-4.66923
-6.10504
-4.05072
-3.47076
-3.65035
-4.36939
-3.31951
-4.73721
-2.73553
-1.06380
-2.05320
-2.31393
-3.41344
-5.36468
-2.81501
-4.11670
-5.12990
-4.55419
-4.22107
-4.86071
-5.48027
-5.08685
-5.22251
-0.44398
-4.53897
-4.58783
-1.95481
-4.71315
-3.03927
-4.31391
-4.85700
-3.47495
-2.63460
-3.54386
-1.79002
-2.16111
-2.98743
-3.03973
-1.95873
-4.44564
-5.38395
-3.81323
-4.99638
-4.86167
-3.76207
-3.30667
-4.19253
-4.78286
-5.09397
-4.47836
-2.80938
-2.91972
-3.92527
-5.01169
-3.60950
-3.95930
-5.58534
-6.45656
-4.08834
-3.89004
-3.69456
-2.99843
-2.63835
-1.52766
-4.94712
0.75954
-3.61808
-4.14296
-1.92211
-6.00948
-3.04959
-3.70733
-0.44173
-5.52875
-1.06649
-3.48449
-1.76033
-4.35938
-1.38274
-4.35897
-3.40893
-4.12033
-4.27146
-3.91583
-2.83040
-4.61062
-3.92939
-1.68777
-5.09952
-4.44666
-0.97574
-4.85612
-3.46486
-4.00354
-1.56322
-3.60038
-2.80705
-3.44518
-5.33526
-2.66428
1.25199
-6.01114
-3.18319
-4.96937
-5.18064
-3.51315
-3.57052
-1.43549
-5.74619
-4.92038
-2.09993
-3.14212
-3.33710
-2.01795
-3.25027
-3.65184
-2.89424
-4.86788
-2.61154
-3.67274
-4.50619
-1.92942
-3.64769
-3.96779
-3.76758
-4.06958
-2.26805
-3.20238
-3.03694
-5.50886
-0.57726
-3.47701
-5.69781
-2.11375
-2.63485
-0.65440
-4.45956
-4.19170
-5.28079
-5.07371
-3.36212
-2.20429
-5.56580
-3.58769
-2.55486
-4.13286
-2.65455
-2.95977
-1.66838
-3.58249
-0.68958
-4.41824
-3.82146
-0.51777
-2.18628
-4.05343
-4.44938
-1.33886
-4.13915
-1.31864
-3.49592
-3.47594
-2.88866
-3.79342
-5.76170
-5.43495
-4.03693
-4.21028
-4.41158
1.74753
-3.71343
-3.50156
-0.45734
-2.85130
-3.55964
-2.89414
-3.66275
-2.81020
-5.22495
-3.91736
-1.58839
-5.42736
-3.28386
-4.08704
-2.33640
-2.67664
-4.30267
-6.21248
-5.44523
-3.86843
-1.59151
-3.59041
-5.23316
-4.27299
-3.49763
-3.77360
-5.89940
-7.10895
-0.85919
-2.54593
-3.30323
-4.00996
-3.81844
-2.51553
-4.60977
-6.51428
-4.73503
-4.22633
-2.71121
-4.76685
-4.77834
-4.93681
-1.25959
-4.84451
-4.61197
-2.61776
-3.24090
-4.31054
-4.70108
-3.33244
-1.51198
-3.57656
-5.68837
-3.88867
-1.61498
-5.59087
-3.62834
-2.75412
-4.10914
-2.16351
-1.13218
-2.40217
-1.84079
-2.82977
-4.17242
-5.51567
-2.67813
-2.32019
-2.07453
-3.20927
-4.25583
-3.08953
-2.87504
-0.46477
-2.18972
-3.92637
-1.79138
-4.39704
-3.60933
-2.82358
-3.63530
-2.64116
-4.51494
-3.48780
-2.70360
-4.01543
-4.92276
-2.54898
-1.43011
-5.36513
-1.39104
-3.90909
-4.36826
-2.93350
-1.48440
-3.97322
-4.05085
-2.20566
-5.89570
-4.80841
-4.58857
-5.14407
-5.62231
-5.55026
-4.07261
-1.15181
-0.19800
-3.86498
-4.87554
-1.88861
1.42958
-4.64220
-5.01878
-4.86992
-4.24450
-4.39972
-2.92439
-4.15636
-4.68706
-5.32176
0.18073
-0.97894
-4.15740
-2.14450
-4.75898
-4.78737
-3.43068
-3.21456
-1.85979
-3.03636
-3.53533
-6.31427
-5.67024
-2.75294
-4.67176
-3.69514
-1.62118
-3.21448
-4.42150
-5.17189
-2.65779
-2.22118
-6.53531
-4.64573
-1.98155
-1.77270
-2.70108
-5.57005
-3.99151
-2.51718
-2.46282
-3.22065
-2.48891
-4.25001
-3.54954
-1.12209
-3.64660
-2.83830
-1.83773
-5.11922
-4.11427
-3.73793
-3.01039
-2.02078
-4.40948
-4.36510
-2.02786
-2.58626
-6.30854
-2.24073
-3.56279
-4.02381
-5.82056
-3.66972
-0.25977
-1.94388
-3.66507
-4.60699
-1.31597
-5.65823
-3.37567
-3.21201
-2.71131
-2.97489
-3.32025
-1.06229
-2.47894
-1.29076
-4.57371
-5.02131
-5.35363
-6.05366
-1.26107
-2.96547
-4.28092
-4.84903
-4.45919
-1.61423
-3.59585
-2.84183
-3.50846
-2.39469
-4.82642
-6.14392
-2.78247
-2.03808
-4.17001
-2.97081
-1.06358
-5.24334
-3.35759
-2.00478
-2.26326
-4.37852
-0.47929
-2.50547
-2.55121
-2.64422
-2.54261
-2.14301
-3.10686
-5.11059
-2.26908
-1.57875
-1.71842
-0.84910
-1.81960
-2.46520
-3.26102
-5.08020
-5.76853
-3.03853
-2.64071
-3.43632
-4.10935
-4.70053
-1.59432
-2.94667
-3.00886
-0.71524
-0.01006
-2.64148
-3.04732
0.50532
-3.04499
-4.40890
-3.59783
-5.16418
-4.72797
-4.83615
-4.90177
-4.87201
-4.44064
-4.89666
-4.60582
-0.61574
-3.80993
-1.91013
-1.56622
-1.10487
-1.19412
-4.83493
-2.91699
-3.63776
-1.34066
-4.16684
-3.58462
-5.87364
0.20461
-2.24515
-4.40090
-4.03594
-3.41538
-1.62862
-4.05251
-2.86302
-3.91932
-4.41438
-5.51292
-1.96710
-2.55771
-3.76097
-3.73152
-4.60875
-4.08769
-4.56399
-4.26147
-5.93538
-2.70853
-3.56580
-3.70854
-3.00107
-0.32542
-2.94447
-2.65241
-2.79980
-2.86261
-3.29639
-1.38205
-3.17474
-3.04082
-3.82872
-3.15947
-5.90955
-3.49830
-2.19403
-2.62160
-4.47421
-2.98009
-3.19963
-3.45433
-4.05665
-5.21422
-0.88713
-2.92125
-4.50089
-3.75815
-4.08303
-4.07255
-3.58867
-2.37816
-1.64495
-2.73647
-2.24957
-2.88115
-5.56359
-2.90961
-1.83366
-4.07000
-4.24516
-2.90878
-2.36038
-3.00142
-6.16008
-2.65003
-1.73806
-3.46467
-2.96078
-2.05891
-2.39067
-2.70567
-2.15068
-6.21431
-2.79787
-3.47187
-2.53816
-2.22249
-3.22055
-6.54287
-3.85989
-3.91033
-3.30070
-1.99158
-0.88308
-3.93825
-3.83022
-4.55761
-2.70549
-5.37599
-5.77152
-5.56103
-4.58278
-2.84150
-3.88180
-1.98518
-3.91393
-3.09978
-0.72513
-3.68208
-2.97780
-5.78529
-1.28414
-4.96304
-2.83759
-2.18770
-1.61684
-3.20218
-3.19894
-5.94887
-2.91091
-3.65676
-2.98973
-0.71836
-4.56443
-3.09064
-2.49467
-0.61495
-3.85170
-4.28171
1.03305
-1.10652
-3.29277
-3.25066
-5.04265
-0.60371
-4.62564
-3.47318
-0.40965
-4.92597
-4.23458
-2.73556
-3.28144
-2.61714
-4.05902
-3.66718
-3.57362
-5.49242
-3.80113
-2.70016
-4.38376
-2.61912
-2.80242
-3.71070
-5.28034
-4.51973
-4.99947
-5.91791
-3.33930
-1.91134
-4.04410
-2.45437
-1.22277
-4.76778
-4.78067
-4.90002
-2.28577
-4.11310
-0.24701
0.10078
-1.04782
-2.64617
-2.43891
-1.45378
-4.48698
-4.61480
-2.90469
-3.18210
0.24901
-5.54645
-3.98702
-4.19168
-3.83183
-5.60852
-3.24357
-6.16485
-5.97333
-4.26566
-1.36228
-3.64230
-2.03407
-4.00721
-5.60188
-3.83746
-2.98248
-2.21602
-2.05414
-1.26130
-1.92818
-3.61510
-4.04355
-4.71165
-4.03511
-3.56257
-1.83436
-0.65837
-0.67994
-3.39058
-6.98988
1.24760
-1.84312
-6.46011
-3.98015
-2.83814
-2.42271
-3.40804
-4.98417
-4.23488
-5.57992
-3.64711
-4.12765
-2.85515
-5.59871
-1.87863
-4.33904
-3.02308
-0.02169
-2.45395
-2.67209
-5.64240
-2.92067
-3.31601
-1.06287
-1.42611
-2.99969
-2.55704
-2.17458
-3.61110
-5.22822
-4.87362
-2.28519
-3.56911
-3.15032
-3.08908
-2.90148
-3.07669
-4.30145
-4.85589
-5.74806
-3.90245
-0.62426
-2.62804
-6.24186
-0.02455
-5.31474
-3.76492
-5.06659
-5.20920
-3.85509
-3.16308
-1.81504
-1.81754
-2.38029
-2.27584
-4.11174
-6.41818
-3.82518
-2.82217
-3.10663
-1.00390
-4.57121
-3.61831
-3.03723
-0.80766
-3.45002
-3.14768
-5.30205
-4.61169
-4.21021
-3.05559
-1.39058
-0.35359
-4.06045
-5.87042
-4.36054
-2.47348
-4.95850
-2.37485
-4.61489
-4.02730
-5.06257
-5.75732
-3.41314
-4.85797
-4.21205
-2.28247
-3.02593
-2.40823
-3.17211
-2.92957
-2.03045
-3.74157
-2.34139
-2.43846
-1.81661
0.20600
-3.44323
-3.41925
-4.02157
-3.75310
-4.56321
-3.94489
-3.96201
-3.26005
-2.86119
-1.46989
-0.89533
-1.44620
-4.72284
-3.28265
-4.01322
-3.69890
-3.71394
-5.43038
-5.56825
-3.76684
-6.53473
-4.23227
-1.93880
-4.95980
-3.45683
-2.67896
-2.88430
-4.11563
-3.68158
-6.63054
-8.64401
10.89248
5.09593
