-5.67015
-4.17279
-4.07115
-4.23280
-2.47023
-4.57633
-2.78716
-3.53595
-4.31504
-2.47390
-2.85189
-3.37095
-4.18618
-4.80394
-5.35359
-3.98218
-3.44370
-4.66058
-5.48970
-4.04854
-4.27933
-5.90605
-5.35998
-2.77936
-2.93868
-3.65527
-4.08824
-5.69569
0.02014
-0.25942
-4.07183
-2.19075
-4.47753
-4.50359
-2.43194
-6.25401
-4.11302
-4.25960
-3.53547
-4.79845
-5.81144
-5.74700
-4.14179
-4.51896
-5.36389
-6.19465
-3.51611
-4.09902
-4.09929
-1.32735
-2.50204
-4.37310
-4.54370
-5.41713
-3.46311
-3.55150
-5.15440
-2.79919
-3.53030
-5.62596
-3.19886
-4.72207
-4.68787
-2.61140
-4.48468
-4.45614
-1.83188
-4.70752
-3.39515
-2.24819
-5.33518
-5.12246
-4.01781
-2.88675
-3.84272
-5.12563
-4.43757
-5.02587
-5.58139
-4.39366
-4.80216
-4.49611
-6.49610
-6.55422
-2.35963
-3.00051
-3.93677
-3.94100
-3.05877
-4.11420
-3.31732
-5.81576
-6.23663
-4.66330
-5.15631
-3.89600
-1.27450
-5.95171
-4.60355
-5.67416
-1.31813
-6.51887
-6.50416
-6.60422
-4.99059
-4.60692
-3.10954
-5.04717
-4.84234
-3.06876
-5.11112
-3.61936
-4.37552
-2.46110
-5.02009
-3.69671
-4.35172
-4.76564
-4.48790
-3.08739
-5.05066
-4.20231
-4.71334
-4.19344
-4.00954
-4.41765
-5.08404
-3.94415
-3.35905
-5.25354
-3.17256
-4.59505
-3.26220
-5.84555
-4.83653
-4.64608
-2.49778
-6.20650
-6.60959
-3.87044
-2.78712
-4.87667
-3.85670
-3.78640
-4.67840
-4.86225
-4.92355
-3.06624
-3.46330
-6.49427
-5.42638
-3.45803
-2.60078
-3.93635
-4.76468
-3.15009
-4.84959
-3.29010
-4.13886
-5.65754
-5.60215
-5.84301
-4.35665
-6.67292
-4.17087
-5.44620
-1.09036
-4.25931
-5.08506
-4.95390
-4.84385
-4.70717
-4.89442
-4.88507
-5.28748
-2.72278
-4.12183
-4.27873
-4.34318
-4.09060
-5.01667
-3.56219
-5.21605
-4.22582
-4.86394
