4.97939
10.89248
9.85722
4.87980
6.41225
0.70737
7.30125
8.93949
10.89248
3.03849
6.79858
9.32551
9.84059
8.27741
3.65467
8.00631
3.44216
5.05528
7.65559
5.55942
6.71747
-0.63604
8.19804
2.57987
6.97435
3.76632
7.72053
6.91133
6.95732
9.36692
10.89248
2.21436
2.75779
5.70585
9.74876
7.30485
7.04823
9.35040
2.79475
10.47515
3.14443
2.59874
-0.88973
4.18669
5.03912
5.69707
7.79295
5.46455
5.04725
0.64616
3.62314
1.93241
3.53854
8.54926
1.53938
7.11823
8.34521
10.89248
1.42404
4.13838
5.79780
5.32043
5.29350
4.39933
2.28986
0.60016
8.05017
1.66711
2.79541
7.46404
0.94756
4.54883
8.21577
10.48117
7.46249
4.23375
10.89248
3.56985
5.98817
5.64660
5.94351
10.36835
8.67804
6.01939
4.89486
10.89248
2.66593
2.62106
7.13242
3.72021
7.51583
5.40841
4.24176
9.86120
10.89248
9.69731
4.39200
1.13096
2.69720
3.96063
6.62871
8.26030
4.01934
5.77688
1.26484
4.05246
10.89248
1.84018
3.13363
7.73678
5.81241
6.66466
5.58237
2.31609
1.18969
7.96147
6.78555
3.57526
2.08768
3.60436
6.36811
3.84073
5.06364
7.47413
6.27867
5.82361
2.71842
4.97195
9.52937
3.54230
2.23885
6.97259
8.85981
9.43435
4.95289
1.25554
10.89248
3.64880
6.47706
-0.19039
6.13257
7.10575
5.71106
5.79455
6.28913
6.54740
3.37830
8.36568
2.79220
10.71866
3.43791
5.51792
3.29784
4.89241
8.97490
0.91176
3.49240
10.89248
10.77489
8.67924
4.17388
5.11042
2.76956
5.42577
5.54145
3.81187
5.72401
9.20685
4.08463
10.20195
10.89248
5.26585
5.94321
2.51572
4.18175
-1.57949
4.82681
6.74383
7.78270
7.07136
7.06163
7.07511
8.31446
2.48779
2.67353
4.23094
2.56087
