9.95070
4.05582
0.57273
4.07519
6.69271
7.64423
5.99784
9.51255
5.36315
9.95070
9.95070
6.90641
8.47170
3.98832
9.95070
9.95070
9.95070
5.45059
-1.35242
1.89504
5.76626
1.58359
-0.16741
3.03948
6.55209
2.24299
-0.55055
9.92360
5.79556
8.84450
6.10002
6.35039
4.00233
0.40051
9.95070
6.34488
6.14751
5.03017
1.30976
-0.27636
5.99421
4.68819
5.08123
4.11422
8.98783
1.36940
3.73110
-0.63677
6.50741
4.68211
4.46869
7.77721
9.95070
8.76601
7.00053
2.91190
-0.01208
8.35142
7.35673
4.78973
6.94497
5.56242
5.57519
7.07282
1.43963
0.56937
1.94496
3.33773
0.71096
6.49972
2.13543
3.31578
5.39418
6.28107
5.24399
3.08501
5.72925
5.56705
5.32496
7.23977
9.64333
3.54891
2.78535
7.29680
9.37492
5.22713
6.28642
5.94110
9.35214
1.26814
4.55474
5.88927
6.70477
5.87010
7.08534
1.85265
3.28784
5.70930
1.16760
5.98639
3.97658
0.71326
7.42990
5.56622
6.06093
1.94986
2.53456
-1.98059
6.99920
9.95070
5.59130
5.33480
2.46700
5.22099
5.67353
2.74494
7.23654
6.83163
5.54037
-1.67872
4.99500
5.84863
4.18784
-0.52762
6.26735
7.63535
5.68955
4.82811
9.95070
6.49614
1.97638
3.11188
3.26733
4.18401
6.86284
6.84465
7.64317
9.19166
5.60117
6.13719
5.90200
7.55335
6.54224
8.67526
8.55657
7.08892
9.88904
5.61946
8.99841
6.65701
5.88071
4.05343
5.62812
3.80866
7.74552
2.84130
6.75020
9.95070
5.05687
3.79157
3.74899
3.07037
5.81090
9.43789
3.30628
1.97636
4.13511
1.47700
4.83841
0.36079
4.02837
-0.63535
7.94018
7.12583
2.51947
0.98276
2.25229
3.30520
1.04424
2.14759
-4.01810
