-1.42743
-1.17636
-2.80037
-1.41775
-1.21273
-1.77486
0.13309
-2.64195
-3.95063
0.35946
-1.18940
2.31923
-2.86397
-2.78739
-2.18665
-1.59739
-1.46511
-3.57425
-2.45857
-2.19204
-2.17525
-0.40764
-2.97248
-3.69064
-1.92580
-1.71225
-2.20835
-3.87543
-3.21605
-3.41689
-3.95318
-4.03146
-4.52806
-3.38748
-0.64173
-1.66354
-2.65635
-3.79692
-3.96978
-3.55119
-3.67913
-2.57252
-2.47199
-3.63509
-3.47453
-3.64248
-2.88859
-4.48304
-2.29321
-3.64585
-2.63030
-2.66766
-3.13932
-0.75271
-2.03682
-3.51991
-1.05468
-3.26284
-2.09718
-1.52497
-2.12583
-2.43620
-2.63362
2.96475
0.78117
-0.65755
-3.07771
-3.16627
-1.20420
-2.02097
-1.95727
-1.14029
-1.57242
-2.85470
-1.79409
7.23403
-0.13547
-4.08935
-3.96152
-2.17928
-1.76839
-4.07255
-3.77379
-4.62722
-2.59911
-2.52203
-3.28808
-3.75467
-2.65922
-1.81217
-3.65762
-2.09786
-2.96422
-4.20237
-3.13860
-3.28842
-0.94372
-2.13155
-2.35812
-3.40478
-3.63627
-1.73329
-2.32096
-1.37670
-1.97947
-4.16512
-4.12074
-3.01267
-0.84223
-0.62301
-1.85281
-1.53136
0.00239
-0.74557
-1.97374
-0.59415
-2.09065
-2.39560
-2.64219
-1.98291
-1.92043
-3.38934
-2.90430
-1.89043
-1.45790
-2.47767
-2.31674
-0.46986
-4.00769
-3.27678
-1.98082
-3.83361
-3.96012
-3.69708
-0.24912
-3.13960
-2.21563
-1.74632
-1.64387
-0.52301
-3.36588
-2.74441
-3.78396
-2.75054
-2.67082
0.41476
-2.70955
-2.43006
-2.07670
-1.66953
-4.27739
-3.39632
-1.02182
-1.63238
-3.55369
-2.13048
-1.56334
-1.80752
-2.57834
-2.50228
-1.49244
-2.03584
-2.06345
-2.46390
-3.18918
-1.02437
-3.05819
-0.36499
-4.04138
-3.22046
-1.31176
-2.49812
-2.72969
-3.09569
-3.77904
-0.89585
-2.25574
-3.72131
-1.61134
-2.59259
-3.50635
-3.35626
-3.50460
-2.02266
-2.36568
-4.32475
-2.66680
-0.52199
-2.12419
-2.53121
1.78321
-2.95283
-1.90586
-3.45599
-3.04077
-2.49860
-1.03581
-1.86835
-3.26758
-3.06578
-3.23798
-0.48852
-1.73718
-1.54215
-3.05175
-4.07140
-2.12998
-2.92955
-2.91410
-2.01961
-0.58633
-3.05025
-2.37183
-0.85100
-2.22616
-3.44182
-0.39166
-2.50876
-2.60282
-2.54174
-3.00697
-4.03619
-3.50703
-2.72178
-3.53381
-2.99029
-2.69640
-3.02803
-0.95895
-2.70308
-1.77995
-3.31557
-1.15280
-2.59420
-1.38059
-2.02987
-1.53913
-2.58178
-2.89532
-3.59777
-1.07257
-4.05924
-3.78904
-1.34594
-3.41635
-1.69095
-1.93518
-2.98033
-1.63530
-1.10298
-0.99991
-3.13269
-1.51965
-1.86561
-3.40255
-2.11085
-3.09729
-3.15109
-3.69195
-2.36324
-4.33421
-3.56238
-1.25104
-2.59176
-2.70207
-2.91411
-3.43375
-3.08176
-2.88818
-2.28285
-1.74903
0.17285
-2.75895
-1.77171
-1.75241
-0.99282
-3.47054
-2.11075
-2.28177
-4.10434
-3.40437
-3.18284
-3.37334
-0.24342
-3.50707
-2.16461
-3.44371
-3.38885
-4.24428
-3.22368
-4.00512
-4.17396
-2.48660
-0.36921
-2.01029
-3.11657
0.64336
-2.75537
-2.22154
-1.98030
-2.77675
-3.11124
-3.62161
-2.83590
-4.14833
-1.95027
-1.77900
-2.14539
-1.39313
-1.61764
-2.22814
-2.38866
0.87478
-1.65036
-2.46659
-3.49038
-1.56688
-4.18469
-0.33333
0.21630
-1.75522
0.15031
-3.58848
-3.43722
-0.97480
-2.50349
-1.87059
-2.74694
-1.05847
-1.30676
-3.90168
-1.99729
-1.71338
-3.80492
-3.79971
-1.76116
-2.38869
-2.92797
-2.57279
-2.69533
-3.71230
-1.88141
-2.09401
-2.76821
-1.67649
-3.20730
-2.17232
-2.30152
-4.08714
-2.75228
-4.14426
-3.40840
-2.15211
-4.36493
-2.33488
-3.86210
-3.05123
-2.46274
-3.67323
-2.09001
-0.62776
-1.84856
-2.50601
-1.76028
-1.72398
-1.50206
-3.75451
-3.70994
2.43472
-3.80981
-3.66121
-1.83652
-0.59451
-2.88769
-1.74466
-0.99987
-1.12960
-3.68788
-1.48227
-2.94831
-2.41992
-0.56019
-3.78451
-3.15760
-3.16404
0.50494
-0.48446
-3.54186
-2.90891
-2.93219
-0.91191
8.62715
-1.23024
-3.78264
-3.94832
-2.40243
-0.67586
-3.23989
-2.23089
-2.68393
2.44082
-1.58983
-0.63167
-0.76096
-3.83735
-3.17365
-2.36703
-1.00842
-3.08470
-3.61974
-2.08287
-1.50639
-2.02067
-0.95795
-1.98588
-2.87063
-1.85429
-1.24365
-3.92964
-3.34102
-2.24945
-1.52227
-2.81710
-1.97367
-2.55285
-3.45018
-3.94999
-0.66057
-2.98146
-2.11722
-2.68981
-3.01029
-0.51296
-1.96982
-2.80316
-3.33952
-3.45804
-3.07471
-2.87203
-0.23285
-2.96252
-3.22421
-2.95724
-2.20952
-3.29737
-2.76999
-2.60752
-0.80439
-3.42507
-3.65738
-1.83464
-3.08723
-3.49256
0.77692
-1.61441
-2.00588
-1.79975
-0.69137
-3.16771
-1.93577
-2.74419
-3.32444
-3.42016
-3.95186
-2.77695
-1.55417
-1.80438
-0.51352
-3.64562
-1.77912
-2.52491
-1.69625
-4.02516
-2.44494
-2.50258
-2.61098
-1.89684
-2.83680
-1.73893
-3.82522
-1.22431
-3.87982
-2.37850
-2.85063
-1.93510
-3.06144
-3.23007
-1.39045
-3.84476
-3.75257
-2.31320
-3.66374
-2.52807
-2.61886
-4.05226
-1.03383
-0.26609
-3.28534
-2.63070
-0.76713
-2.65875
-1.82457
-2.83259
-2.59002
-2.68970
-1.65045
-3.98370
-1.32886
-3.76622
-3.98108
-1.61781
-3.18252
-2.27828
-1.67848
-2.83660
-2.05541
-1.85568
-2.88090
-2.38293
0.48878
-0.99815
-2.88540
-3.05452
-2.45995
-2.49419
-1.69555
-0.54138
-1.09614
-0.83262
-3.16118
-4.05580
-1.58921
-3.29423
-2.61133
-1.83279
-2.64046
-0.90987
-0.00132
-2.28945
-2.15564
-3.90525
-3.49911
-1.99214
-0.76326
-2.11119
-3.58680
-3.63743
-2.03880
-3.95231
-2.18579
-2.38953
-0.90893
-2.93705
-0.09220
-0.82776
-1.69012
-1.92580
-4.06893
-3.47768
-3.63708
-4.06452
-3.61005
-2.82330
-1.26394
-2.03181
-2.37762
-1.75049
-3.18703
-0.75989
-1.10039
-3.54263
-3.32373
-3.38928
0.59061
0.46159
-3.05892
0.11868
-1.80480
-2.39366
-3.60819
-3.01336
-3.46351
-1.75938
-0.73037
-1.84392
-1.82661
-2.74357
-4.14237
-3.14506
-3.65962
-1.10036
-3.74586
-2.72218
-3.41845
-2.15884
-2.39243
-1.63992
-3.67242
-1.75849
-4.13166
-2.39505
-4.14362
-3.32587
-4.04780
-1.49649
-3.31347
-1.74143
-0.89584
-3.01792
-2.47750
-3.81893
-1.63285
-3.62389
-3.02808
-2.17903
-1.86872
-2.91387
-0.89066
-1.98398
-2.54551
-2.18862
-3.84480
-0.93567
-1.64690
-3.38559
-2.32616
-1.88639
0.19795
-1.65923
-3.12068
-0.29845
-1.84669
0.18296
-2.67763
-3.19938
-2.03159
-3.72888
-3.78324
-4.49357
-1.32570
0.05861
-2.43054
-2.92993
-3.79343
-2.67019
-0.78678
-3.52556
-3.06547
-1.15195
-3.44837
-2.73391
-3.35047
-3.31467
-1.26477
-2.69697
-3.21566
-2.38493
-0.65429
-2.14747
-2.30454
-2.15582
-1.46073
-3.01825
-1.25213
-0.91066
-1.92742
-2.36715
-1.78902
-2.18020
-0.88296
-2.40828
-2.91433
-1.25268
1.43280
-2.46616
-1.37730
-3.31269
-1.49685
-2.41202
-3.16064
-3.99148
-2.60310
-2.21817
-3.90337
-2.59063
-3.05405
-4.49528
-3.45918
-2.30189
-1.64732
-3.69039
-2.76385
-3.09463
-1.20180
-2.60958
-1.15799
-2.43701
-3.92195
-2.92679
0.28229
-2.59545
-3.44955
-4.40967
-3.52239
-1.55741
-1.78052
-2.80648
-1.25617
-4.67205
-0.55007
-3.20497
-1.78875
-2.48745
-3.80278
0.00103
-1.66291
-2.07472
-1.75025
-2.69652
-0.67843
-0.31305
-1.90021
-0.12390
-3.34990
1.92249
-1.71948
-4.36140
0.24778
-0.01600
-1.89258
-2.70546
-2.31172
-1.24328
-3.68841
-1.52819
-3.23127
-2.93190
-3.91559
-3.98058
-1.50119
-3.51748
-1.47070
-3.12369
-3.12187
-3.44133
-3.07373
-1.63145
-1.51686
-2.22622
-2.60667
-2.77637
-1.36508
-0.17581
-1.30183
-4.06518
-2.52187
-1.35540
-3.73802
-2.18758
-4.00859
4.39687
-1.91986
-2.63656
-3.26430
-1.55107
-2.79363
-3.13282
-3.89355
-2.71156
-2.72697
-1.96112
-3.31262
-4.18577
4.23259
0.07817
-2.99395
-4.16119
-2.41980
-3.70955
-2.88969
-2.11302
-3.18659
-1.96392
-3.47749
-4.20571
-0.86827
-2.32847
-4.42532
-3.18800
-3.91981
-2.09967
-4.56282
-1.99974
-2.47391
-2.27231
-2.45233
-2.88557
-1.91366
-3.74950
-3.28921
-2.34386
-2.71522
-1.54235
-3.00498
-2.91948
-3.72315
-2.75973
-1.64265
-1.95685
-0.13691
-2.57140
-4.66741
-3.10259
-0.44630
-1.93089
-2.68264
-1.51215
-0.01522
-1.57982
-1.98592
-3.31724
-2.51022
-0.21711
-3.32308
-2.23967
-2.84815
-2.54384
-2.85950
-1.85343
-2.81598
-1.57927
-2.13783
-3.57483
-1.47097
-2.89121
-2.48079
-2.34356
-2.94676
-3.57785
-2.64014
-2.22457
-2.53078
-3.41207
-3.23123
-3.05175
-1.88723
-2.86773
-1.59842
-3.30491
-0.76323
-3.39569
-3.97175
-2.54895
-2.23101
-2.26587
1.02864
-2.76004
-2.57089
-3.21734
-3.95282
-2.76815
-2.51601
-2.60515
-2.03504
0.19256
-3.08211
-3.07894
-3.65056
-3.81238
-0.21735
-2.36084
-2.88818
-2.49099
-1.43979
-3.98363
-3.26212
-1.89218
0.02076
-0.67383
-2.72655
-0.92322
-3.04221
-1.73367
-2.37675
-3.58645
-3.00331
-2.50294
-2.92109
-3.14304
-2.66362
-3.98470
-4.27650
-1.56877
-2.15207
-1.75175
-4.43608
-3.58642
-3.56929
-4.03681
-1.30560
-1.89168
-0.20834
-1.47987
-1.29132
-2.52628
-3.57196
-2.42707
-1.39619
-2.38892
-3.78186
-2.71250
1.24005
-2.55650
-2.82355
-3.13592
-3.19331
-2.59541
-2.40612
-2.48526
-3.35077
-2.58043
-1.13978
-4.47817
-2.47526
-1.86255
-3.20967
-2.53764
-2.19658
-1.43646
-3.70866
-2.60052
-1.36010
-3.41619
-2.90245
-2.49567
-1.11580
-2.79516
-3.05139
-3.91761
-2.92216
-0.41938
-2.88968
-3.66371
-2.12072
-0.76684
-1.75391
-0.99416
-4.16978
-3.51932
0.61248
-2.37868
-2.16184
-2.29740
-1.89569
-4.05575
-3.07637
-2.89641
-2.56451
-2.68704
-3.25856
-2.90505
-1.48590
-1.34270
-1.66765
-2.96945
-3.89025
0.52749
-1.24774
-2.01431
-1.71418
-1.50810
-2.60623
-2.90851
-2.28768
-0.81141
-2.49499
-2.72526
-4.33646
-3.68893
-3.04781
-3.60432
-3.19574
-3.95901
-1.93263
-1.09615
-3.97221
-4.08240
-2.63888
-3.35098
-2.14342
-1.17611
-2.06688
-2.04134
-1.62982
-2.31390
-3.65081
-2.84605
-3.11443
-0.21893
-4.39386
