0.13309
-1.18940
-2.78739
-1.92580
-3.95318
-4.52806
-3.96978
-3.64248
-2.29321
-2.66766
-1.05468
2.96475
-0.65755
7.23403
-2.17928
-3.77379
-2.52203
-3.65762
-2.96422
-3.01267
-2.64219
-1.98082
-3.96012
-3.78396
-4.27739
-1.02182
-1.49244
-1.02437
-2.72969
-2.25574
-3.35626
-2.02266
-1.86835
-1.54215
-2.92955
-0.85100
-3.00697
-2.72178
-2.59420
-4.05924
-1.34594
-3.69195
-4.33421
-2.88818
-2.28285
-3.40437
-3.18284
-3.38885
-4.00512
-2.48660
-2.77675
-1.77900
-2.46659
-0.33333
-1.75522
-3.58848
-1.71338
-2.38869
-1.88141
-4.08714
-4.14426
-4.36493
-3.75451
2.43472
-3.66121
-3.78451
-3.15760
-2.40243
-2.23089
-3.83735
-2.08287
-3.34102
-2.24945
-2.81710
-3.45804
-2.20952
-3.42507
-3.08723
-1.61441
-2.74419
-1.55417
-2.50258
-3.87982
-3.23007
-3.66374
-0.26609
-1.32886
-1.61781
-2.27828
-2.88540
-3.16118
-1.58921
-3.90525
-2.03880
-2.18579
-0.82776
-3.63708
-4.06452
-1.75049
-3.32373
0.59061
-3.01336
-3.14506
-3.74586
-4.13166
-4.04780
-3.31347
-3.81893
-1.98398
-2.18862
-0.29845
-3.78324
-0.78678
-3.44837
-3.35047
-0.65429
-1.78902
-0.88296
-1.37730
-2.21817
-4.49528
-3.69039
-1.55741
-1.25617
-3.20497
-2.07472
1.92249
0.24778
-3.68841
-1.50119
-3.51748
-3.12369
-1.35540
4.39687
-1.55107
-1.96112
4.23259
-2.88969
-3.18800
-2.09967
-2.47391
-3.28921
-1.54235
-2.57140
-0.44630
-3.31724
-2.51022
-2.85950
-1.47097
-2.34356
-2.22457
-2.53078
-3.39569
-2.76815
0.19256
-3.65056
-2.36084
-2.37675
-3.98470
-3.58642
-3.56929
-1.39619
-2.82355
-3.13592
-1.13978
-4.47817
-1.36010
-2.79516
-2.88968
-4.16978
-2.29740
-2.68704
-2.96945
-3.89025
-0.81141
-3.60432
-1.09615
-2.63888
-1.17611
