0.33169
-0.24298
-1.19008
0.33295
-0.27797
-0.13995
0.30078
0.17933
-0.31455
0.03186
0.13309
0.31156
-1.31330
-0.46852
-0.07667
0.77596
0.55997
-0.62185
-0.54960
-0.90008
0.02712
-0.79325
-0.45676
-0.91668
-0.44170
0.03448
-0.43109
0.07747
-0.55339
-0.36625
-0.02874
-0.76621
-0.56740
0.22663
-0.48619
-0.53033
0.15737
0.07793
-0.97880
0.31541
-0.24598
-0.31988
-0.04715
0.12745
-0.69999
0.31639
0.26950
0.03739
0.05471
-0.15321
-0.60459
-0.38726
-0.47989
0.84478
-1.24219
-0.20522
0.19299
0.28776
0.00589
-0.60222
0.29439
-0.14725
0.28188
-0.58423
-0.50661
0.60143
-0.51433
-0.99261
0.07754
-0.54395
-0.96278
-0.76296
-0.05073
-1.29326
-0.75196
0.11866
-0.38534
-0.35327
-0.32031
0.11929
-0.40755
-0.67000
-0.61044
-1.17338
-0.33636
-1.04986
-0.76433
-0.90827
-1.07651
-0.31702
0.19911
-0.25633
-0.22724
-0.57633
0.14959
0.22347
-0.12163
-0.15941
0.17386
0.13752
0.11826
-0.10661
-0.39701
-0.20311
-0.65103
-0.81695
-0.02330
0.40143
-0.00218
0.07283
1.39697
0.73372
-0.07222
2.25404
-1.36631
0.17600
0.41838
0.32619
-0.42521
0.25363
0.01191
-0.17604
-0.37202
-0.02370
0.10740
-0.41764
-0.43522
0.56519
-0.99387
-0.22663
-0.55656
0.18665
-0.08859
-1.00160
-0.26839
-0.26043
-0.99901
-1.21430
-0.74143
-0.18471
-1.71333
-0.28849
-0.34405
-0.77614
-0.08223
-0.61201
0.35205
0.02273
-0.11003
-0.45805
-0.23276
-0.13566
-0.38772
-0.09042
-0.69602
0.27725
-0.58464
-0.56645
-0.28758
-0.31579
-0.44303
0.18748
0.14927
-0.66610
-0.71035
-0.93454
-0.93650
-0.59298
-0.52895
-0.21468
-0.75109
-0.52382
-0.10319
-0.12838
-1.28463
-1.50743
0.37908
-1.98635
