-0.64983
-0.78245
-0.97085
-0.71822
-0.93734
-0.46696
-0.40563
-0.95564
-1.20022
-0.94521
-0.90917
-1.05874
-1.32431
-1.11072
-1.11743
-1.36590
-1.05497
-1.14715
-1.10265
-1.15958
-1.35455
-1.14686
-1.06222
-1.23828
-1.78521
-0.82624
-0.65855
-0.56236
-1.40079
-1.34048
-1.26878
-1.25263
-1.11726
-1.65719
-0.72406
-1.17697
-0.94335
-0.60517
-1.05955
-0.67090
-0.73884
-1.04839
-0.44452
-0.40169
-0.85671
-1.40079
-1.31655
-0.44583
-0.82484
-1.00755
-1.39715
-0.88318
-1.62407
-0.68033
-1.33418
-0.80030
-0.59649
-1.04270
-1.18675
-0.42200
-1.04134
-1.30253
-1.02095
-1.39464
-0.82405
-1.04433
-1.22057
-1.18790
-0.68567
-0.86282
-0.78695
-1.12030
-0.94717
-0.71754
-0.83958
-0.55497
-0.91358
-0.82063
-1.16091
-0.84785
-0.98977
-0.86823
-0.95417
-0.75243
-1.42116
-0.54207
-1.44618
-1.29788
-0.72502
-1.46062
-0.90420
-1.45267
-1.39439
-1.21479
-0.98080
-1.24904
-0.90877
-1.54782
-1.06780
-1.20288
-0.88296
-0.90212
-0.96554
-0.66346
-1.07850
-0.89127
-0.68019
-1.35579
-0.67009
-1.64185
-1.06838
-1.56694
-1.09537
-0.42161
-1.88089
-0.08639
-0.51227
-1.02362
-1.26484
-0.79122
-1.29598
-0.93079
-1.14165
-0.71513
-0.63680
-0.63797
-1.28493
-0.34122
-1.30988
-1.08587
-1.00421
-1.36453
-1.09146
-0.62467
-1.21610
-1.32727
-1.09908
-0.63587
-1.55281
-1.08859
-1.50204
0.60432
-0.74382
-1.10917
-0.89734
-1.21662
-1.31482
-1.32230
-0.77867
-1.12776
-1.56965
-0.90998
-0.79230
-0.93779
-1.14930
-0.58949
-1.13926
-1.21289
-0.55771
-1.09191
-1.03004
-1.24182
-1.07197
-1.02189
-1.06328
-0.74500
-1.33909
-1.17738
-0.72064
-1.14065
-1.08684
-0.97816
-0.97437
-0.73612
-0.33576
-1.21192
-0.86415
