-1.09857
-1.33845
-0.97979
-1.14412
-1.19074
-1.04523
-0.93860
-1.00002
-0.70027
-0.66849
-1.11636
-0.44816
-0.79668
-1.21578
-0.90067
-1.00318
-1.30803
-0.86788
-0.94258
-1.33828
-1.17155
-0.87783
-1.43376
-0.87188
-0.87408
-1.09246
-1.31989
-1.08181
-0.78593
-1.31440
-0.68773
-0.76034
-1.28689
-0.94165
-1.23790
-0.96136
-0.75744
-0.88575
-1.34885
-1.20730
-1.45273
-1.05744
-0.71439
-0.93165
-1.31061
-0.62528
-1.11897
-1.13069
-0.60724
-0.50941
-0.74992
-1.07232
-0.91172
-0.72881
-0.44559
-1.31729
-0.71915
-1.10264
-0.71714
-0.92346
-1.02619
-0.51637
-0.98261
-1.54902
-0.50016
-1.17171
-0.76076
-1.07599
-0.96579
-1.20791
-1.34626
-1.41594
-1.07024
-0.46369
-1.28781
-0.96466
-0.99184
-0.30148
-1.03229
-0.76726
-0.65685
-0.56675
-1.10888
-0.90826
-0.82480
-1.38219
-1.13133
-1.32326
-0.65214
-0.85688
-1.27990
-0.66452
-1.21912
-0.79828
-0.75236
-0.65095
-0.83083
-1.36440
-0.82493
-1.10229
-0.52066
-0.82200
-1.07241
-0.87548
-1.04191
-0.75907
-1.34190
-0.92141
-0.77111
-0.61513
-0.94295
-0.47264
-1.20351
-0.74775
-0.95385
-0.91963
-1.07025
-0.94712
-0.32689
-0.38349
-0.82931
-1.11675
-1.61082
-1.06525
-0.98542
-1.02315
-1.33112
-1.15690
-0.90862
-0.95316
-1.28656
-0.97039
-0.72767
-1.02686
-0.91825
-0.52099
-1.46526
-0.68463
-1.00770
-1.09579
-1.15388
-0.97006
-0.97152
-0.86530
-0.64717
-1.24155
-0.80309
-1.49439
-1.01334
-0.54007
-0.88037
-0.74601
-0.98628
-1.03728
-0.93197
-0.78638
-1.28034
-0.47036
-1.18503
-1.16066
-0.68376
-0.76048
-1.05872
-0.75634
-1.64228
-0.75235
-0.39746
-0.91737
-0.77750
-0.43048
-1.09171
-0.98726
-0.73546
-0.69686
-0.62541
-1.27887
-0.86116
-0.66996
-0.90845
-1.31195
-1.60160
-1.20349
-0.59882
-0.99466
-1.24251
-0.86788
-0.93862
-0.76123
-1.14364
-0.76785
-1.25760
-1.22025
-1.29317
-1.02759
-1.14078
-1.33146
-0.99641
-0.68149
-0.99300
-1.16478
-0.60062
-1.06250
-1.00638
-1.11419
-0.29451
-1.16896
-1.37718
-1.02328
-0.52198
-1.46297
-1.14270
-1.18040
-0.98572
-0.60624
-0.54666
-0.99507
-0.79585
-0.69214
-0.87134
-1.50122
-0.85372
-1.28149
-1.54209
-1.28376
-0.85314
-0.36376
-1.22788
-1.36011
-0.59037
-1.05393
-0.72563
-1.10967
-0.95595
-1.04880
-0.66183
-0.74303
-1.22252
-0.22994
-1.54878
-0.62940
-0.92745
-1.26894
-0.82845
-0.42022
-0.89170
-1.40841
-0.87611
-0.18363
-1.23131
-0.62591
-1.01213
-1.83976
-1.04749
-1.00140
-0.88204
-0.82239
-1.09794
-1.38966
-1.24246
-1.02106
-0.62586
-0.57240
-1.10176
-0.92139
-0.73892
-1.61890
-1.29049
-1.20468
-1.09583
-0.80834
-1.06243
-1.04160
-1.23090
-0.48362
-1.10603
-1.08407
-0.81760
-1.13790
-1.29949
-0.92674
-0.85408
-1.18457
-0.38768
-0.97380
-0.91714
-0.72693
-1.13562
-1.13243
-0.90462
-0.69642
-0.96472
-1.06751
-0.71264
-0.78821
-1.30172
-1.34806
-0.68910
-1.45694
-0.18080
-1.48969
-0.65179
-0.88509
-0.83500
-0.59660
-1.18965
-0.83754
-0.63454
-0.93968
-1.16986
-1.14355
-1.35599
-1.29378
-0.49078
-1.21179
-1.60348
-0.81714
-1.30212
-0.68183
-0.93797
-0.80862
-1.16989
-0.35155
-1.39327
-0.57784
-1.12050
-1.03479
-0.95699
-1.06841
-0.73071
-0.71592
-1.13734
-1.02380
-1.19575
-0.29781
-1.24422
-1.15867
-1.57224
-1.14554
-0.43123
-0.84482
-1.01140
-0.93454
-1.06620
-1.12196
-1.04160
-0.77769
-0.89577
-0.86701
-1.33139
-0.38756
-0.98815
-1.04984
-0.66367
-1.06076
-1.03327
-0.82240
-1.18898
-1.17503
-0.77791
-1.03841
-1.10365
-0.90345
-0.75155
-0.85791
-1.12068
-1.32068
-0.59000
-1.37524
-0.88918
-0.76475
-1.23350
-1.06920
-1.21704
-1.18675
-0.69213
-1.04545
-1.09594
-0.79062
-0.97500
-1.09283
-1.00910
-1.11919
-1.09469
-0.89736
-0.70509
-0.81256
-1.29776
-0.62119
-0.53469
-1.28399
-1.14206
-0.44430
-0.92209
-0.71564
-1.13546
-1.22431
-0.66887
-0.66451
-0.92115
-1.16481
-1.14351
-1.06664
-0.89655
-1.14577
-1.18756
-0.63378
-1.08436
-0.46491
-0.90802
-0.70036
-1.47666
-0.84394
-0.61435
-1.37397
-1.25858
-0.62832
-0.43485
-0.48412
-1.65942
-0.98827
-1.13571
-0.98195
-0.50502
-0.96690
-1.49869
-0.79753
-0.68653
-0.95499
-1.08688
-0.56178
-0.89936
-0.78607
-1.11776
-0.51054
-0.86031
-1.12913
-0.51457
-1.52194
-1.43182
-1.20744
-1.44226
-1.00202
-1.07719
-1.37793
-0.85064
-0.42632
-1.39807
-0.88136
-0.97185
-1.36963
-1.41148
-1.29862
-0.60081
-1.08429
-1.00082
-1.13157
-1.24915
-1.17614
-0.78898
-0.83481
-1.05528
-0.76044
-0.99379
-1.24641
-0.70935
-0.70313
-1.04269
-1.15547
-0.82157
-1.27252
-0.89085
-1.17812
-1.38311
-0.58368
-1.10877
-1.49574
-0.98306
-1.02129
-1.22117
-1.07223
-1.27035
-0.92714
-0.65482
-1.43127
-0.62233
-1.16420
-0.85516
-0.97680
-0.74645
-1.23829
-0.82581
-1.17565
-0.64919
-1.05642
-1.24740
-1.00422
-0.95784
-0.73879
-0.58012
-1.18690
-1.33284
-0.87195
-1.01047
-1.25050
-0.95337
-1.33506
-1.28344
-1.08849
-1.32285
-1.55612
-0.64937
-0.90506
-0.39139
-0.94212
-0.88317
-1.41516
-1.17428
-1.35534
-1.35552
-1.58534
-1.28577
-2.02042
-2.04302
5.72614
5.80973
-1.51669
-2.35443
-2.14559
-2.06954
-2.27707
-1.63943
-1.61971
-0.77663
-0.84395
-0.59743
-1.05190
-0.13421
-0.65849
-0.33643
-0.47873
-0.57778
-1.00062
-0.64023
0.05509
-0.74187
-0.56592
-1.11259
-1.29218
-1.57435
-0.97393
-1.35878
-1.39499
-1.37522
-1.14256
-1.21606
-1.22178
-1.23261
-0.99503
-0.85543
-1.35035
-0.96450
-0.97061
-1.43566
-1.81816
-1.06477
-1.14356
-0.73661
-1.06791
-0.85990
-0.98788
-1.15094
-1.12855
-0.93133
-1.40277
-0.60297
-1.06387
-0.92166
-0.70754
-1.40705
-1.09501
-0.62380
-1.00128
-0.95496
-1.26163
-0.92003
-1.01085
-1.42092
-1.17279
-0.72132
-0.91345
-0.46901
-1.01239
-0.85798
-1.22103
-0.69220
-1.01180
-0.98199
-0.75823
-1.15549
-1.24904
-0.92744
-0.83770
-0.98389
-1.12844
-0.85208
-1.27101
-0.95091
-1.03946
-0.30153
-1.04259
-0.99870
-1.45398
-0.77824
-1.08489
-0.41474
-0.75443
-0.72837
-0.71422
-1.20613
-0.97788
-0.92674
-1.36270
-0.77314
-0.97356
-0.91349
-0.64666
-0.88100
-1.60753
-1.07328
-0.67664
-0.79931
-1.03608
-1.18323
-0.29994
-1.33194
-1.17073
-0.75541
-0.77993
-0.59850
-1.17793
-1.01083
-0.76190
-1.37968
-0.54644
-0.18930
-0.93931
-1.84763
-0.39671
-0.49169
-0.83802
-1.28170
-0.87902
-0.72577
-0.96031
-1.38502
-1.12740
-0.99659
-0.37985
-1.38453
-1.61815
-0.95989
-1.19369
-1.30180
-0.26193
-0.15980
-1.15843
-1.43274
-1.38408
-0.79059
-1.13185
-0.85398
-1.11453
-1.52099
-0.53967
-1.08228
-0.58399
-1.12323
-1.40425
-0.84288
-0.81136
-1.02930
-1.19902
-1.06405
-1.15297
-1.30504
-0.83451
-1.41363
-0.90648
-0.82065
-0.84006
-0.75692
-0.65277
-0.91828
-0.85805
-0.85689
-1.25311
-1.42908
-0.58612
-0.78887
-1.11267
-0.61836
-0.99380
-0.69338
-0.84304
-0.98162
-1.18977
-1.45622
-1.14693
-0.36564
-1.47914
-1.10556
-1.27649
-0.97052
-1.20016
-0.98985
-0.70195
-1.02471
-1.25977
-0.86463
-0.91124
-0.78315
-1.22763
-1.24668
-0.95166
-1.31719
-0.97981
-0.83106
-0.08766
-0.39633
-0.96715
-0.78485
-0.06541
-1.22721
-1.25360
-0.75229
-0.98687
-0.98265
-1.08869
-1.14746
-1.03348
-1.05318
-1.21506
-1.08919
-1.11957
-0.58619
-1.25680
-1.09153
-1.42320
-1.14007
-0.64812
-0.57527
-0.99320
-0.89103
-1.24312
-0.73988
-0.70018
-0.33608
-1.23780
-0.02795
-1.35175
-1.19115
-0.95416
-1.01778
-1.30518
-1.02719
-1.25053
-0.69034
-1.05748
-0.93613
-0.90319
-0.72969
-1.18288
-0.78279
-0.88831
-1.07615
-0.89020
-0.83028
-0.34860
-0.96481
-0.69625
-0.86762
-1.34948
-0.85730
-1.19941
-0.67675
-1.23701
-1.34896
-1.35279
-1.07135
-0.93087
-1.15871
-1.32942
-1.28064
-0.87716
-1.37976
-0.61911
-0.66319
-1.35146
-0.88721
-0.98035
-0.91490
-0.36664
-1.53764
-1.03701
-0.88746
-1.42367
-0.68289
-1.27074
-1.02011
-1.09850
-0.79098
-1.05529
-0.49765
-1.28826
-0.97833
-1.55809
-1.15460
-0.82049
-1.07887
-1.61863
-1.86325
-0.95577
-0.58850
