3.97905
4.09886
2.80100
-0.18916
-1.36552
1.04075
-0.42874
7.30245
-0.46286
-2.15086
5.32695
7.30245
2.39188
1.93307
2.31298
3.42538
4.46680
-0.06836
0.08784
6.01771
1.38839
6.24682
6.67553
7.30245
6.30858
1.05804
0.81537
-1.27472
2.01878
4.98125
6.97033
3.67605
3.88044
2.67476
7.30245
2.49487
0.37553
1.12833
3.34241
-0.89022
7.30245
4.45057
7.30245
3.58527
7.30245
7.30245
5.19063
7.30245
7.30245
4.14997
6.54260
0.14791
5.65539
-0.16005
4.60547
3.26895
7.30245
7.30245
2.73790
-1.48744
1.50765
5.97945
-0.26702
7.30245
4.09845
7.30245
7.30245
7.30245
-0.51160
7.30245
7.10013
5.40648
5.15707
7.30245
7.30245
2.88816
-1.93242
2.34054
4.05130
3.46773
-0.76119
-1.07633
0.35353
0.92478
3.11951
6.00499
7.30245
3.74582
4.39613
7.30245
1.49989
2.02489
5.83608
2.56958
0.05379
-1.15658
3.91493
3.59228
3.99609
-0.09143
-3.22320
-3.18781
-0.17401
1.32147
4.70615
7.30245
7.30245
7.30245
7.30245
6.80315
7.30245
7.30245
7.30245
7.30245
1.72580
0.21271
5.71378
7.30245
5.87864
7.30245
4.10034
0.73038
6.08606
3.89022
7.30245
-0.30157
5.46075
2.69143
3.18576
2.28177
1.90696
3.88418
1.80868
0.73087
2.42800
-1.18888
2.02321
-1.86262
-0.14508
-0.06099
4.50900
0.69980
7.12717
4.41253
4.62849
2.15979
1.79349
5.20410
7.27307
-0.32408
3.31183
3.83186
0.24602
2.33729
4.28279
7.30245
1.65645
7.30245
6.29280
2.04733
-1.64004
7.30245
7.30245
6.41415
3.50523
3.38189
3.65969
4.47757
0.66267
0.00043
6.66353
-1.71608
2.84808
3.73060
4.94623
7.30245
1.77295
3.46785
7.30245
0.63447
7.30245
2.18867
7.30245
7.30245
5.12525
7.30245
3.61218
1.47378
1.97242
7.30245
0.18942
6.41119
6.95273
6.57529
1.91913
6.75077
7.30245
7.30245
6.40521
1.58032
