-0.07321
-2.21100
-1.42635
-2.12737
-1.20749
-1.16775
-1.04719
-2.71399
-2.83465
-1.09337
-2.52096
-2.20030
-1.85558
0.44455
-1.37498
-1.09189
-1.98929
-3.01629
-1.94994
-1.78562
0.48875
0.73491
-2.23048
-0.99016
-1.16509
-2.92195
-1.29559
-1.22907
-1.38453
-2.77972
-3.02880
-0.09848
-1.99049
-2.80878
-1.14015
-0.53568
-0.51554
0.22196
-0.93162
-1.99226
-2.48316
0.56336
-2.60535
2.00932
-0.84572
-2.35071
-1.12073
-2.76304
-2.41254
-0.72331
-2.19620
-1.19315
-2.30987
1.32496
-1.78919
-0.61996
-0.71715
-0.70292
-1.59941
-1.66294
-0.15168
-2.43374
-0.43763
0.08046
-2.68978
-2.77432
-1.77791
3.63463
-1.51573
0.45513
-2.04272
-2.32478
-1.86901
-2.96613
-2.57765
-2.35580
-2.89434
-1.97450
0.54927
-1.32967
-1.84018
-2.00178
-0.31407
-1.00773
-1.77997
-2.09958
-0.67460
-0.88603
-0.96546
-0.80393
-1.68246
-0.97686
-2.21025
-2.13107
-0.62248
-0.19938
-1.57389
-2.39121
-1.34869
-0.75677
1.21014
-2.29244
0.24829
-1.14056
-1.57861
1.23937
-0.40379
-1.45347
-0.94408
-2.74399
-2.70984
-1.32579
-3.21153
-2.56610
-2.14546
-1.97060
-2.24808
-1.70390
-2.01536
-2.69951
-3.20345
-1.69978
-2.36741
0.37404
-1.29888
0.46466
1.51739
-0.17580
-1.49318
1.12857
-0.70642
-2.97718
3.96444
-1.17608
-0.57816
-1.12274
1.83476
-0.40952
-0.96965
-2.87214
-1.97973
-1.18519
-2.97847
-2.99778
-2.54995
-1.69693
-2.82170
-1.95499
-1.35994
-2.75542
-1.55322
-1.20396
-1.49654
-1.13069
-1.11883
-3.08949
-0.27894
-1.53010
-1.00810
-2.72756
-2.76840
-2.49869
-1.83951
-1.65700
-1.31528
1.02789
-2.43590
-2.14135
0.75710
-0.93473
-0.70309
-1.66831
-2.50528
-2.36573
-2.04898
-1.67948
-1.62208
-1.20295
3.93568
0.94866
2.32438
-2.97029
-1.17710
-1.30720
-2.77651
-1.76464
-1.40620
0.90718
-2.27173
-2.29721
-1.31908
-0.66622
-2.99850
-0.35891
-1.57124
-2.44039
-3.17097
-1.99791
-3.21806
-2.54585
0.61370
-2.00394
-2.60258
-1.52827
-2.56760
-0.25661
-2.11328
0.84885
-0.83116
-2.53183
0.12127
-0.72265
4.18403
-0.18110
-1.71529
-2.45631
-1.26034
0.72495
-0.10775
-2.37620
-1.54965
-2.40618
5.94673
0.48817
-2.57118
-3.23772
-3.15369
-3.06410
-1.89768
-1.49496
-2.41979
-1.63022
-2.55606
-3.15051
-1.55183
-0.94715
-2.04963
1.80704
2.42919
0.31283
1.63108
-2.77949
-3.23805
-2.39097
-1.17628
0.56728
-2.44750
-2.40985
-1.78053
-0.48067
1.56109
-1.99860
-2.07976
0.25883
0.21450
-1.39509
-2.45779
-2.55386
-0.74818
0.86726
-0.80069
-1.67941
-1.14088
-1.47673
-2.24615
-0.16788
-2.06592
-2.96004
-1.79338
-0.17149
-1.23852
-3.22222
1.50152
1.34629
-1.85325
-1.23615
-0.72411
-0.68509
-1.56620
-0.45030
-1.87730
-1.67080
-2.67089
-1.42241
-2.81319
-0.46906
-2.04756
-2.77838
0.13519
-2.41206
-2.26681
-2.07925
-1.54923
2.74199
-0.22835
-2.66380
-3.24138
-1.66903
2.55658
-0.68116
-1.39328
-1.27912
-1.58817
-0.14178
-2.72335
-1.11906
-1.79217
-1.57228
0.19529
-0.91020
-2.30796
-1.50736
-0.74263
-0.82199
-1.81555
-1.40064
-2.51684
-2.28942
-0.86105
-1.55436
-0.98455
-1.91785
-1.01817
-1.77674
-2.41598
-2.02123
-1.05256
-2.41942
2.49492
1.01360
3.75243
-0.50085
-0.77347
-1.44993
-1.63320
-3.04382
-1.30622
-2.95099
-2.31309
-2.43996
-0.61594
-2.46003
-1.96029
-2.44771
-1.80019
-1.38964
-2.57180
-1.43857
-1.22851
-2.65218
5.56367
0.52454
-2.58179
-1.15799
-2.38816
-2.01476
-2.51126
-1.15979
-0.09390
-2.81079
-1.01259
-1.71084
-1.42712
0.44331
-2.06760
-2.21434
0.07005
-0.33866
1.34896
-0.88190
-1.58387
-2.38688
-1.89729
-2.78672
-0.74549
-2.47192
-3.07733
-0.55546
-0.45580
-2.16939
0.60782
-0.97616
-1.24137
-1.35560
-1.99428
-3.17699
-3.16118
-2.27160
-1.83929
-2.17526
-1.93761
-2.37514
-1.82955
-2.84259
-2.41811
-2.89478
2.79767
-0.47061
0.09316
-2.50246
-2.29276
-1.62816
-1.36862
-1.98842
-2.87675
-2.60414
-3.15000
-3.05721
-3.05721
-3.14144
-2.78967
-0.69366
-2.97238
-2.58712
-1.05023
-1.84008
-2.52154
-3.23893
-3.05721
-3.09563
-3.05721
-3.22143
-3.23167
-3.24241
-3.14550
-3.17667
-1.92292
-1.76944
-2.30517
-3.22906
-1.13367
-0.03084
-2.64191
-0.16990
-1.06188
1.24714
-0.29376
1.97258
2.38315
-0.54482
4.21885
-0.94010
1.44668
1.22330
-0.95233
-1.92725
-0.91541
-1.01638
1.09228
-0.74001
-1.60307
-1.80326
-0.65911
-1.79323
-2.20656
0.35727
-0.91022
0.89175
-0.75968
0.33507
-1.98096
-3.00995
-0.48256
-2.36883
-2.57885
-1.44490
0.68509
-2.91477
-2.20420
-1.44166
-2.58171
-2.44416
-0.88568
-2.62359
-2.21235
0.00769
-2.78276
-2.58144
0.31628
-2.00022
-2.84234
-0.93765
-1.49375
-1.59947
-1.37913
-2.19938
0.02398
-3.10151
-2.81965
-0.18790
3.40003
2.40793
-1.26671
-1.62952
-3.05885
-2.03171
-1.13442
-1.75038
-2.05391
-2.06925
0.40045
-1.73764
-0.71340
-0.45225
-1.27140
-1.71778
-0.41086
-2.64718
-1.17018
-2.36175
0.45995
0.32335
-1.38289
-0.82165
0.96830
-0.62937
-1.48105
1.69769
-2.03508
-0.83793
-3.24289
-2.78902
-0.60256
-2.10642
-2.91771
-2.73813
-0.26492
-2.48574
-2.48210
-2.99201
-2.87364
-3.04011
-2.33273
-2.49644
-0.91138
-0.55891
-2.32593
-0.25855
0.58911
1.61625
2.70286
-2.22011
-2.00322
-0.13761
-2.24958
-0.79568
-1.55161
-1.68183
-1.79233
-0.71717
-2.16657
-2.55739
-2.11820
-2.63110
-2.02796
-1.91202
-1.81690
-1.44817
-1.95953
-1.80390
-0.45420
-1.46133
-2.72186
-0.83751
-0.15642
-1.65019
-1.38837
-1.90865
-2.37879
-1.85290
-1.69766
0.51624
-2.51391
2.77494
-1.03910
-2.29728
-1.52171
-3.13545
0.42610
-0.70743
-2.24780
-3.08647
-0.71189
-2.46372
-0.73561
0.44265
-1.88794
-2.28646
-1.08419
-1.44086
-1.04320
-1.62732
-3.12556
-2.67349
-1.08421
-1.22603
-3.23187
-2.09181
-1.97108
-1.12677
0.24646
-1.89095
-1.58287
-0.04291
-2.04867
-0.53638
-2.89322
1.04535
-1.68737
-1.37580
-3.12397
-1.61020
-3.24363
0.30640
-1.99517
-1.83230
-2.86049
-2.12861
-1.53446
-2.08022
-1.22522
-0.88513
-1.15587
5.15397
-0.75779
-2.41159
-2.49025
-0.91461
-1.72362
1.00371
-1.47610
-0.93133
-2.69832
-1.07049
-1.11424
-3.11333
-2.45561
0.39012
0.66320
0.17277
-2.66349
-2.48232
-1.30561
-2.22286
-2.14990
-0.70147
-0.84151
-2.46112
-3.05774
-0.66014
0.82702
-2.27906
0.82504
-1.67150
-2.28027
-1.86550
-1.02104
-1.98319
-0.40746
-0.49469
-1.68523
-1.92674
-0.62826
-0.47105
-3.12673
-0.19596
0.86553
-0.23810
-2.21621
-1.06874
-2.03696
-2.99671
-1.93037
-0.85902
-2.13549
-1.94816
-1.56538
-1.04645
-3.17291
-2.47147
-2.72219
-2.80216
-1.72868
-1.92824
-1.39396
-2.11817
-2.09771
-1.27274
-1.00595
-3.01536
3.92573
-1.51720
-1.67100
-1.86470
-0.95281
-3.20847
-2.39666
-1.40214
-2.52358
-2.14006
-1.50602
-3.22218
-1.49344
-0.50207
-2.06928
-0.83645
-2.48074
-2.20674
-1.28783
-1.98108
0.52028
-3.22167
-1.42538
-1.12437
-2.10192
-1.83726
-1.55333
-1.29667
-1.00583
-0.38645
-0.31228
-0.80249
-2.81199
-2.51589
-1.07110
-1.28140
-2.68081
-1.88602
2.40806
2.71450
-0.41360
-1.50713
-3.09996
-0.47957
1.80344
-2.56311
-0.34842
-1.87700
-1.17179
0.21518
-2.03566
-1.89220
-0.36356
-2.25585
-1.91902
-1.07464
-1.57510
-1.54257
-1.85474
-3.01176
2.26672
-0.26962
-1.35355
-2.61489
-1.76340
-1.65928
-1.27477
-1.32231
-2.08915
-1.31640
-0.06310
-2.29636
0.18334
-0.99186
-1.81615
-1.57523
-0.21718
-1.71458
0.00291
0.39563
-2.59780
-0.04463
-1.73491
-1.22840
0.58716
1.84787
-1.01145
-3.05606
4.22442
0.16425
-1.54873
-1.19923
-1.38659
-1.75928
-2.10249
-1.72623
-1.63706
-1.22213
-2.24177
-2.04232
2.70053
-1.43958
-2.53024
-0.99495
-0.10537
-0.12961
-3.04408
-1.01373
-1.06507
-2.48847
-0.86652
-2.02478
-1.08536
-3.08242
-1.64070
-1.55827
-1.47083
-3.00566
-2.98098
-1.58844
-2.62548
-1.26606
-2.93927
-1.88039
0.00130
1.24201
-2.58688
-1.99760
