-2.58525
-0.76348
-1.70337
-0.24830
0.00368
-1.85391
-2.08262
4.10536
-2.72892
-1.83576
-1.35828
-1.49497
-0.90255
-1.95967
-1.42553
-2.48831
-2.92993
-1.21712
-0.23376
-2.09367
-1.38485
-1.31508
-1.47542
-3.22904
-1.12923
0.06774
-0.32220
-1.36477
-1.73158
-1.35487
-2.45267
-1.98057
-2.40633
-2.42677
-1.87427
0.64029
-2.37143
-2.72471
-2.32175
-2.24387
-2.61612
-3.08376
0.26707
-2.70004
-1.16125
-2.87901
2.45699
-2.08362
2.99015
-0.43411
-2.08622
0.57233
1.16226
-3.12536
-0.36045
-2.58323
-2.03507
-2.24550
-1.09907
-3.05721
-0.41177
-0.39234
-1.84984
-1.24119
-1.20047
-1.41689
-1.81334
2.63797
-1.56029
-2.47894
-1.81659
-1.97451
-3.09912
-1.87486
-3.23003
-1.57059
-2.73859
-1.68159
1.67111
-2.67039
-1.54440
0.39976
-1.97833
2.40669
-2.79075
-0.43866
-2.29239
-1.84580
-2.24456
-3.05721
-1.28738
-2.33908
-2.66177
0.71025
-1.51820
-0.07433
-2.23976
-1.06973
-2.39276
-2.36979
-2.02232
-2.74719
3.19894
-2.72127
-3.20232
-2.39083
0.60767
-1.86388
-0.99790
-0.96879
-2.10554
-2.83829
-1.90773
0.50509
-0.26887
-0.54840
-2.61833
-2.55403
-0.33297
-0.93657
-1.89778
-1.61049
-1.30713
-2.23861
-2.32598
0.76558
-1.33632
-1.09853
-1.42843
-2.58671
-0.87237
-0.49910
-3.01220
-2.00516
-1.71871
-0.25058
-0.86156
-1.55316
-1.13644
-2.22635
0.07369
-2.15795
-1.55483
-2.58395
1.03737
0.11719
0.68136
-0.24063
0.94546
0.20210
-2.47658
-1.54682
-1.74675
0.44225
-2.06455
-1.89028
-0.17636
-1.65749
-0.95284
-2.14418
0.25111
-1.84292
-1.43288
-1.76424
-2.41612
-3.02119
-1.73344
-1.99477
-2.11473
-1.73278
-2.07661
1.95487
-2.70252
-3.13610
-1.34107
-3.06621
-0.81835
1.98156
-2.04681
-0.63299
-0.75967
-2.07953
