6.70479
10.92654
1.85735
10.92654
9.45549
5.15406
5.60016
3.75010
9.96304
3.92037
10.89003
7.55663
5.01404
8.48039
2.79755
9.41206
-0.44119
5.89103
6.16031
-0.15891
0.65178
5.01691
5.08922
3.60619
7.54576
8.30038
7.90108
8.42758
5.88685
7.42558
3.31053
4.46534
6.09175
10.48964
3.50890
4.38783
10.92654
10.34257
8.10346
6.06193
10.13117
4.26494
7.67313
6.56061
9.01357
3.45564
10.92654
7.47234
1.14058
9.07503
8.84161
6.07150
10.92654
7.26688
10.92654
10.92654
4.09221
5.03964
8.23722
1.91747
10.16411
6.06706
7.64141
10.92654
9.14086
4.49409
7.48128
7.82464
9.94976
10.92654
6.76204
4.38763
4.94069
7.94043
0.11726
7.88818
4.16009
2.78433
0.44525
3.01717
1.60410
6.54549
3.05725
4.20678
10.15985
3.83170
7.15402
10.92654
0.25636
8.02066
10.72257
6.62499
5.95843
1.00914
4.61058
8.92708
9.75727
9.59771
7.56061
2.56326
9.38513
10.92654
6.84291
6.31923
5.16043
4.97461
9.30826
4.18731
7.20481
7.07695
10.92654
10.71766
10.01492
7.41975
5.59562
10.92654
7.89020
10.31158
9.55155
7.03989
10.20025
8.64346
6.90636
8.88869
10.15988
9.11755
8.16407
9.01728
3.34732
7.94453
10.92654
3.32448
3.73254
7.75051
4.00979
6.16598
6.04253
10.17584
4.84199
7.54702
6.08423
7.86104
5.86640
5.90746
4.34430
6.10772
8.95865
10.92654
7.64040
8.76468
10.38128
6.85069
5.89296
2.36726
6.58753
7.58684
3.29173
5.38347
7.86987
10.92654
6.99487
6.14969
4.14046
10.92654
6.44539
7.83528
9.05218
4.40985
4.87158
0.65991
7.50079
8.06723
6.19269
6.75024
1.61851
4.07984
4.53984
7.45983
6.44495
6.98039
4.78374
10.92654
8.42524
4.65204
10.92654
