-3.03769
-1.20208
-4.63357
-2.92037
-3.80996
-4.16368
-4.03815
-4.39116
-3.57000
-1.59434
-0.38778
-4.57533
-4.45527
-5.11521
-4.46257
-1.20130
-4.35782
-3.28311
-2.56375
-4.40846
-3.54929
-4.00669
-3.74392
-5.00812
-3.02616
-5.90577
-4.30509
-5.42593
-3.14805
-0.50798
-4.07525
-5.98861
-4.45858
-0.56753
-5.14568
-3.91363
-0.79466
-0.36638
-6.18505
-4.34906
-4.26926
1.10070
-4.50158
-4.88731
-3.25553
-4.70915
-3.17737
-2.79054
-4.17017
-3.97010
-2.06094
-2.60834
-4.34067
-3.65455
-6.20676
-4.25267
-3.68700
-4.66222
-2.18606
-2.06408
-5.24164
-1.65129
-2.69874
-5.10646
-3.12014
-3.73387
1.14934
-1.90358
-1.82268
-2.05506
-2.76558
-4.62283
-3.72514
-3.56520
-3.30837
-1.36651
-2.87761
-3.67691
-3.67316
-5.22239
-4.85273
-5.57881
-2.77080
-2.88259
-6.71558
-4.19758
-4.13970
-3.23468
-2.66206
-2.24788
-2.20249
-3.05142
-3.58079
-5.59790
-2.33008
-1.72138
-3.51787
-4.22864
-5.06347
-3.24844
-3.79210
-1.93918
-1.48230
-2.80982
-2.79711
-3.75897
-4.70267
-3.03397
-4.88376
-2.42350
-2.36871
-4.25759
-4.16004
-3.93602
-2.27606
-4.78285
-1.64102
-2.77471
-2.88506
-2.51430
-1.75708
-3.15663
-4.95634
-5.14450
-4.04478
-1.68855
-3.98797
-2.03972
-5.39691
-5.09478
-4.95279
-4.81664
-2.99311
-6.70646
-3.08749
-4.30930
-3.36910
-3.40800
-3.17200
-5.16362
-4.98277
-6.33583
-2.90455
-3.85124
-2.32297
-4.17544
-2.41347
-3.24994
-4.30385
-5.12432
-2.57340
-3.66490
-4.30377
-3.82445
-4.25187
-3.94948
-0.79880
-2.73647
-2.95078
-0.13606
-3.01976
-3.96285
-3.38186
-3.47930
-1.85790
-4.10301
-1.10274
-4.12176
-4.76521
-4.25885
-0.33455
1.54257
-2.01753
-1.04093
-3.55082
-2.39535
-5.81156
-4.02844
-3.12207
-4.82334
-4.03945
-5.14328
-0.26635
-2.07598
-2.82879
-2.97542
-3.88345
-1.03860
-4.35240
-3.81479
-2.42646
-3.82219
-2.55048
-4.18178
-3.80195
-2.85740
-1.68184
-1.84930
-6.69553
-2.56153
-6.05390
-1.88666
-4.10928
-5.72552
-4.67972
-2.66680
-3.63124
-3.29428
-5.28856
-2.69806
-1.17999
-5.40867
-4.97971
-2.62546
-2.88771
-4.30187
-0.25891
-5.07076
-4.05490
-3.16543
-4.55174
-4.88177
-4.52953
-4.65211
-6.76818
-3.81174
-4.90345
-5.63707
-2.37765
-4.00416
-5.61359
-4.53304
-1.26750
-3.92479
-4.11984
-3.68150
-5.33539
-5.71415
-5.73273
-3.24076
-4.48311
-3.54896
-4.85657
-3.49601
-5.47776
-3.42315
-4.19164
-2.35405
-5.31749
-4.30409
-3.26060
-1.26246
-1.93002
-5.35470
-3.44408
-4.21944
-0.08527
-4.09164
-6.20973
-2.38403
1.78777
-4.21677
-2.96003
-2.69290
-2.97361
-3.92299
-6.02080
-2.42101
-4.35856
-5.02040
-4.32473
-3.88830
-3.44122
-2.91445
-3.55944
-3.62710
-3.91279
-4.48695
-6.41406
-5.79247
-3.82056
-3.74847
-5.52807
-4.53441
-4.47007
-5.21445
-5.65092
-3.11261
-5.48120
-5.56582
-2.01563
-3.20407
-4.19316
-2.04460
-1.86014
-4.13405
-5.27969
-5.30550
-3.21663
-4.11532
-4.30022
-2.88227
-1.33303
-3.43780
-3.09463
-3.19903
-3.23466
-4.27825
-3.59159
-4.06146
-4.60344
-1.46747
-4.04659
-4.54303
1.96573
-1.19266
-3.84404
-4.35863
-5.24649
-5.06455
0.24724
-1.75077
-4.40777
-5.34598
-2.02759
-4.32684
-3.98598
-3.57603
-4.86335
-5.22870
-4.83118
-3.80930
-2.30136
-0.51975
-4.27011
-5.77252
-2.83818
-3.39345
-4.13659
-3.57852
-1.84618
-2.83632
-3.01831
-2.99407
-5.26948
-2.55416
-3.63069
-5.64105
-5.15027
-5.92191
-5.70325
-2.86283
-2.20631
-1.79260
-4.70475
-4.51203
-4.15023
-3.05882
-3.72779
-4.34692
-4.41214
-2.14181
-4.49998
-3.56548
-1.41033
-2.80560
-3.00273
-2.82435
-2.39421
-2.59553
-4.41892
-3.90194
-3.80046
-2.95282
-4.33861
-2.92291
-1.33984
-1.95278
-5.23604
-5.88743
-4.49128
-6.11188
-2.64289
-3.02169
-2.80089
-4.26675
-3.50688
-4.91198
-5.41134
-3.15962
-1.04925
-3.04514
-6.31153
0.12190
-3.73866
-4.56271
-6.24669
-2.73161
-5.31571
-4.10663
-2.99296
-1.61420
-2.21055
-3.82745
-3.80222
-5.16817
-2.73592
-4.77437
-4.48986
-1.68736
-4.67625
-3.27431
-5.01163
-2.81262
-2.73840
-3.54392
-3.13517
-1.69808
-3.51724
-5.65314
1.02256
-3.84870
-2.54938
-3.80402
-3.40694
-4.62975
-3.53266
-1.88720
-1.31744
-6.66643
-3.60104
-0.64276
-1.28009
-3.36799
-3.61293
-2.47303
-4.64425
-4.02993
-2.84922
-4.33924
-1.77787
-3.06763
-4.46919
-0.83316
0.08325
-4.06914
-2.43314
-1.55916
-3.72638
-3.33614
-3.84249
-1.94643
-3.96219
-3.19888
-2.25650
-2.78774
-3.13565
-4.12592
-2.35721
-6.03415
-1.52569
-1.71983
-5.62688
-3.42082
-5.38394
-3.20869
-2.59296
-3.26568
-2.74461
-5.28139
-4.34611
-4.79924
-3.33499
-1.59403
-3.39255
-3.48632
-2.55546
-3.87193
-4.29106
-4.65077
-3.64738
-5.39613
-4.35838
-2.84083
-2.72335
-2.62878
-2.92778
-3.44872
-4.05894
-5.56505
-4.29861
-4.46837
-4.57347
-6.01648
-2.20287
-5.60412
-3.86176
-4.61032
0.64870
-1.61398
-1.79250
-3.45439
-4.14363
-4.84662
-5.59494
-2.61997
-5.19019
-2.48910
-2.10430
-5.54338
-2.11003
-3.45815
-5.42552
-4.18825
-3.78792
-1.02377
-3.76427
-2.86529
-3.83517
-3.26291
-2.38407
-4.77081
-4.42500
-2.64910
-3.64511
-3.54595
0.44152
-3.84184
-4.36439
-4.49858
-3.87427
-4.46635
-2.78906
-2.74769
-3.92654
-2.39879
-1.57348
-1.56475
-4.55525
-1.65023
-3.89531
-3.43966
-3.97045
-3.58077
-3.19324
-5.31082
-2.36695
-4.11865
-5.94904
-3.44028
-2.87153
-4.35748
-3.25406
-4.28465
-2.62619
-2.35827
-2.94183
-1.57205
-3.93506
-3.58835
-3.93997
-5.86970
-1.27373
-3.14177
-1.99702
-2.79831
-4.80185
-2.23931
-4.69352
-3.63504
-3.57867
-2.41472
-2.79414
-1.10096
-5.48656
-3.02966
-0.60859
-3.00187
-4.79022
-3.36665
-3.40369
-3.92760
-2.08101
-4.32618
-2.36172
-2.06246
-2.28946
-6.27748
2.78256
-2.87933
-2.81935
-5.20135
-4.30030
-2.41388
-2.93555
-3.50188
-1.02675
-3.76132
-4.88835
-3.56602
-3.02726
-2.81185
-5.18437
-1.70070
-1.64392
-1.34448
-2.87789
-4.91394
-3.41178
-6.16775
-4.30795
-3.35144
-2.99529
-3.77077
-3.11206
-4.29083
-4.28923
-4.00316
-2.92449
-3.74712
-2.86785
-2.10789
-2.65068
-3.86369
-3.71089
-5.57202
-3.77746
-3.90502
-4.30109
-2.77798
-3.41979
-4.72692
-4.53056
-3.33412
-5.14702
-5.07413
-3.09535
-4.88127
-2.51149
-4.10828
-2.52100
-3.38940
-3.24527
-1.38923
-3.17458
-3.81499
-3.95142
-4.22554
-4.81160
-4.11741
-5.63594
-5.38130
-5.03360
-5.63327
-1.53604
-3.28350
-3.87877
-3.69647
-3.96044
-4.68945
-3.69421
-4.71130
-4.79836
-4.59327
-4.19766
-2.28104
-1.20735
-2.13209
-4.58023
-4.10883
-3.56125
-4.34557
-3.18222
-3.22373
-3.25557
-1.23089
-4.40350
-3.65867
-5.43320
-4.44012
-4.17775
-4.67668
-4.07150
-4.10966
-4.69954
-3.32523
-4.65111
-3.70019
-2.03833
-4.06738
-1.75208
-4.31701
-3.76434
-5.29686
-1.94502
-4.51598
-2.87676
-3.60626
-2.93962
-2.40017
-3.39762
-3.21390
-5.52120
-3.36106
-2.55048
-3.92434
-3.20250
-1.95509
-2.62613
-4.38245
-3.97240
-4.35514
-1.87622
-3.41311
-4.36199
-5.20493
-3.38410
-4.78605
-3.12207
-5.57244
-3.53052
-3.44379
-3.68957
-3.15966
-3.42983
3.16750
-3.97752
-4.61471
-2.66009
-3.38105
-2.00231
-2.12461
-2.88067
-4.76613
-4.42208
-3.96207
-3.40500
-6.42672
-3.40928
-3.19282
-4.15830
-4.41792
-3.83916
-0.62067
-4.78910
-3.88664
-1.68893
-3.49435
-2.21053
-1.59848
-3.17806
-4.03528
-4.96738
-5.80620
-4.91399
-3.37125
-4.70252
-2.94695
-4.20598
-1.84576
-4.48338
-4.19890
-1.86658
-1.41331
-3.88662
0.65125
-4.27215
-2.87483
-3.63026
-3.20659
-4.69362
-3.22662
-3.56331
-5.48159
-1.25591
-4.79178
-3.64356
-3.50782
-5.04073
-2.31478
-3.98636
-2.34321
-4.11973
-3.62679
-2.72261
-4.27545
-2.95237
-3.20758
-4.90737
-3.55452
-4.04385
-2.15979
-3.71574
-6.89691
-2.92998
-0.97129
-3.77849
-5.24418
-4.04607
-3.78373
-5.63567
-0.82081
-6.22095
-2.82901
-2.92275
-1.33109
-4.55808
-4.76644
-4.78722
-2.72072
-2.38085
-2.15286
-4.74082
-2.74389
-1.23888
-1.78491
-4.65760
-5.61413
-5.64859
-3.51819
-3.99652
-3.12912
-2.40909
-3.41596
-3.87430
-4.38322
-2.34188
-4.87072
-4.38426
-4.01324
-1.44809
-4.48240
-4.86769
-3.13501
-2.38694
-2.92907
-2.88627
-4.62932
-5.16281
-3.95077
-1.80857
-4.35270
-4.35012
-3.28264
-5.01760
-5.22231
-4.63203
-2.96044
-0.71939
-3.45471
-4.57011
-2.89650
-2.58503
-3.13648
-3.33315
-3.61434
-3.58368
-3.53249
-4.14965
-3.98477
-5.16180
-4.48781
-1.97251
-2.22908
-4.89257
-3.51487
-3.87655
-1.85517
-5.10749
-5.05146
-5.40790
-2.91554
-4.85708
-1.84825
-2.20202
-3.88421
-4.52380
-2.25129
-1.17296
-3.00129
-3.57257
-3.05038
-2.17029
-6.24467
-4.19111
-4.27467
-2.35797
-4.98403
-3.92485
-5.02319
-2.59566
-5.18377
-1.76227
-0.55167
-3.70936
-4.56157
-0.92671
-2.70153
-4.40721
-5.41974
-3.97650
-1.93713
-3.61763
-3.24903
-3.62189
-2.02745
-2.47095
-4.41955
-5.51557
-3.38872
-2.95237
-4.67507
-2.49876
-1.43746
-2.01107
-3.13914
-3.85306
-1.18873
-5.01894
-4.61754
-1.85082
-2.54418
-2.99799
-2.28166
-4.40927
-4.86934
-3.16964
-3.95141
-5.78087
-2.96457
-0.60975
-2.92074
-1.76536
-3.35880
-4.01468
-4.80532
-0.93820
-4.83784
-4.26423
-1.00456
-2.94469
0.47704
-2.35414
-2.76466
-4.09845
-2.55457
-3.84152
-2.33710
-4.79064
-4.19975
-2.16220
-5.19291
-3.83349
-0.62571
-1.55120
-4.42593
-5.05900
-4.91039
-2.78280
-4.52003
-2.83990
-5.25554
-1.53452
-3.43499
-3.37425
-4.95277
-3.09106
-3.06529
-3.16526
-0.45969
-3.85227
-3.73195
-3.47690
-1.00433
-3.62732
-3.00530
-1.95708
-4.15591
-2.96657
-5.83284
-4.09310
-4.96647
-4.93699
-4.76767
-3.41711
-4.24806
-5.39164
-3.29884
-3.69609
-3.94033
-3.38629
-4.67637
-3.82118
-4.23315
-1.30039
-4.66365
0.24526
-6.62394
-5.33553
-3.50153
