-3.80996
-1.59434
-5.11521
-4.46257
-5.00812
-4.30509
-0.56753
-4.34906
-3.25553
-3.97010
-6.20676
-4.25267
-3.73387
-4.62283
-4.85273
-2.77080
-4.19758
-1.72138
-3.24844
-2.80982
-4.70267
-4.16004
-2.27606
-2.03972
-5.09478
-2.99311
-4.98277
-6.33583
-5.12432
-3.66490
-0.13606
-3.01976
-0.33455
-3.12207
-4.03945
-5.14328
-6.69553
-6.05390
-2.66680
-5.40867
-4.05490
-3.81174
-2.37765
-1.26750
-3.24076
-3.49601
-5.31749
-5.35470
-4.35856
-6.41406
-3.82056
-5.65092
-2.01563
-5.27969
-3.21663
-2.88227
-3.09463
-1.46747
0.24724
-4.32684
-4.86335
-3.80930
-3.39345
-5.15027
-5.92191
-5.70325
-4.51203
-2.14181
-2.59553
-5.88743
-4.49128
-3.50688
-1.04925
0.12190
-2.73161
-4.77437
-1.68736
-5.01163
-3.40694
-2.84922
-1.77787
-4.46919
0.08325
-3.96219
-2.35721
-3.42082
-2.59296
-3.48632
-3.64738
-4.29861
-4.46837
-2.20287
-5.59494
-2.61997
-2.11003
-3.83517
-2.64910
0.44152
-2.78906
-3.43966
-2.36695
-2.87153
-2.94183
-5.86970
-3.02966
-0.60859
-3.40369
2.78256
-2.81935
-6.16775
-2.99529
-4.00316
-5.57202
-2.77798
-4.53056
-3.09535
-3.24527
-4.11741
-1.53604
-3.69421
-4.19766
-4.58023
-4.44012
-4.10966
-3.32523
-4.31701
-3.76434
-3.92434
-4.36199
-4.78605
-3.53052
-3.96207
-3.40500
-4.41792
-1.59848
-3.37125
-4.70252
-4.19890
-1.86658
-3.56331
-5.04073
-3.62679
-2.72261
-3.71574
-3.78373
-0.82081
-1.33109
-5.61413
-3.51819
-3.99652
-2.34188
-1.44809
-5.16281
-4.35012
-5.22231
-2.58503
-3.98477
-1.97251
-5.40790
-4.85708
-4.19111
-4.27467
-1.76227
-5.41974
-4.41955
-2.95237
-1.43746
-1.85082
-3.95141
-0.60975
-4.01468
-2.35414
-2.16220
-4.91039
-4.52003
-1.53452
-3.37425
-1.00433
-1.95708
-4.93699
-4.24806
-4.67637
