4.75125
7.02472
2.42130
3.60858
-0.39579
2.22832
2.96942
4.04819
1.78085
7.20867
7.00091
4.83547
2.15326
-0.65457
3.50258
2.39714
5.15688
4.84636
4.90748
3.36947
6.32035
1.40726
6.51703
1.35460
2.58528
2.48421
4.01921
5.10179
1.10892
1.87879
1.09870
5.30888
1.82374
2.11077
1.08804
0.85446
1.32571
-1.53074
2.86698
-0.85540
4.56222
4.69526
5.36830
2.68485
5.18120
6.89137
6.78817
2.29798
-0.83495
1.92606
7.72270
1.65782
6.97801
7.25442
3.00849
3.62490
-1.58606
2.69164
3.70530
-1.41590
7.25502
3.61634
8.03291
3.15454
0.42158
0.21755
3.53161
2.93396
6.20757
3.92503
3.59012
-2.68905
2.49945
4.02602
3.01287
4.05439
3.87639
5.40417
3.30152
1.50239
2.73852
2.93137
3.01518
1.60781
0.34300
7.01735
6.53668
7.32876
8.40483
5.13081
8.72791
7.13284
5.15741
4.32170
5.43463
2.44423
1.11673
6.97318
3.22742
2.16523
3.21895
0.61883
6.86195
7.97681
8.72791
-1.65466
5.76792
7.87500
3.37513
4.45212
6.64780
1.89564
4.64078
0.77582
-0.33872
-0.08786
-2.22205
6.98448
-1.30461
8.67537
4.74244
8.37387
3.59701
5.82152
5.57039
4.68796
4.76989
2.55819
6.67109
4.66694
6.91188
1.87320
2.04601
3.53043
6.01622
4.41711
1.74049
3.25583
-1.64882
3.23389
8.72791
5.46346
1.84487
8.72791
3.54470
3.23753
4.94608
4.99875
6.35585
6.09943
7.31585
6.92607
2.13466
2.86359
3.26930
0.71647
4.70182
3.62564
2.71182
-0.26974
-2.39850
3.85914
1.50683
2.71385
0.86388
4.16160
4.20582
2.28784
7.07304
4.93102
2.40646
8.13902
6.74684
5.93673
1.66361
4.90514
2.77960
3.51860
1.46979
0.93158
3.66674
0.98406
8.72791
2.37135
2.95869
3.80592
3.89262
4.46741
-0.21656
2.23650
1.47944
2.42609
1.61497
1.79102
2.44109
-0.30367
1.44735
-0.05640
4.89709
5.82510
