-2.31180
-3.93235
-2.25414
-3.07371
-1.58335
-0.48960
-0.67639
-3.13849
-3.18805
-1.61210
-1.95940
-0.52718
-1.26154
-2.13961
-3.14329
-4.08015
-0.68481
-3.27134
-2.50955
-2.38556
-3.61986
-3.34121
-0.36192
-2.14581
-2.86333
-1.55031
-2.26814
-2.46144
-2.60008
-0.47746
-2.15213
-2.58056
-2.67914
-0.32029
-2.55626
-2.40831
-2.50965
-2.52028
-2.94285
-2.54083
-1.97006
-2.11495
-2.88633
-1.02088
-2.60362
-0.05875
-2.39011
-1.99163
-3.45159
-2.60579
-3.10251
-1.37594
-2.20776
-2.02631
-2.07161
-2.95790
-0.64728
-2.05267
-1.73658
-2.59679
-1.11289
-2.28815
-1.39048
-2.05159
-3.44586
-1.30166
-3.29148
-1.85173
-0.51633
-0.22709
-2.75215
-1.45735
-2.11755
-2.67079
-2.60830
-2.87389
-2.26239
-2.13283
-2.07042
-2.35948
-2.31355
-1.53196
-1.09660
-4.01201
-1.13800
-1.15120
-1.36308
-2.02523
-2.23465
-3.65829
-0.92622
-2.60623
-1.44845
-3.97902
-2.43843
-2.13034
-1.73060
-1.97868
-2.84858
-2.39701
-2.30290
-1.35345
-2.90021
0.44013
-2.54898
0.13703
-1.47637
-2.76432
-1.81930
-1.59550
-1.96781
-0.35779
-2.16970
-3.30273
-1.93660
-2.72099
-3.12073
-2.68851
-1.96026
-0.77635
-1.98790
-2.48486
-1.21817
-2.33818
-1.72095
-1.44926
-2.36691
-3.18403
-2.56243
-1.91244
-1.77028
-0.82785
-1.06651
-1.39426
-3.51915
-1.81035
-2.11615
-1.27714
-1.55004
-2.99085
-2.20883
-1.87748
-1.82920
-2.65043
-2.09881
-0.86861
-2.84169
-1.89402
-1.52279
-0.74568
-2.49613
-2.90725
-0.54684
-2.39002
-1.31792
-1.19630
-1.83320
-0.53766
-2.24981
-0.28607
-2.27644
-2.28028
-2.28909
-0.29476
-1.71406
-3.40917
-2.90380
-2.56919
-3.46360
-1.54348
-3.35515
-1.88201
-1.31096
-2.40028
-1.44082
-1.56647
-1.03969
-3.33352
-2.48620
-3.29422
-2.80066
-2.42718
-3.01554
-2.24110
-2.37991
-1.25762
-1.23922
-2.54723
-1.52063
-1.27257
-1.50958
-2.12310
-2.85207
-1.81218
-2.13122
-3.72401
-1.62365
-2.78767
-3.33828
-1.49152
-1.43323
-3.11207
-2.74117
-2.34090
-1.77176
-3.09323
-2.05866
-0.82645
-2.56050
-2.69232
-0.71557
-3.12939
-1.37140
-3.14637
-2.67739
-3.51163
-1.39074
-2.49824
-2.75384
-1.49068
0.24825
-2.12305
-2.90632
-2.40527
-2.35155
-1.61460
-1.62320
-2.46071
-1.47680
-0.01928
-2.64613
-0.91455
-1.17221
-3.46944
-2.13681
-0.68353
-2.26316
-3.58706
-1.68788
-1.91646
-1.55243
-1.58430
-0.14420
-3.12666
-1.26301
-1.00705
-1.01635
-2.77776
-2.43632
-0.12196
-2.30133
-3.07111
-2.04132
-1.88919
-2.78343
-2.15623
-2.97379
-1.94170
-3.16347
-1.63960
-3.70274
-0.77542
-0.41351
-3.18457
2.01146
-2.13025
-1.80233
-1.02496
-1.89574
-2.82055
-1.77532
-2.31054
-3.87830
-0.33060
-3.30282
-2.35542
-4.40422
0.01272
-2.82040
-0.87704
-2.11875
-1.33844
-2.35176
-2.92159
-0.46122
-3.18013
-2.29802
-3.13536
-1.18891
-2.25011
-2.72145
-1.08646
-0.99721
-2.37334
-2.24083
-2.93287
0.64679
-1.74295
-1.80954
-0.29742
-3.33938
-3.07369
-2.24827
-2.55889
-3.08842
-3.62375
-2.48411
-3.85091
-1.95627
-2.78294
-0.83979
-1.57400
-0.86251
-2.68224
-2.25076
-3.01564
-1.52157
-2.23030
-2.79605
-2.06720
-3.44484
-2.49725
-0.40391
-1.36830
-1.78185
-1.57084
-1.79981
-2.93964
-0.97479
-0.22980
-3.04514
0.97462
-3.03326
-0.53586
-2.75466
-1.71652
-2.29068
-3.27602
-2.18315
-2.78846
-1.56544
-1.06018
-2.07223
-1.45986
-3.76878
-2.89606
-1.48254
-2.87169
-1.74353
-1.68023
-3.81395
-2.76888
-2.92861
-3.62034
-3.20165
-2.96262
-1.98072
-1.62380
-1.75890
-2.96979
-3.83500
0.55222
-2.10571
-3.21558
-3.53954
-1.25638
-1.95665
-1.42322
-1.89266
-2.27918
-1.94746
-1.61356
-2.86498
-3.07117
-2.53546
-2.74212
-2.38710
-3.75506
-4.01975
-0.95977
-1.47340
-2.35881
-3.65183
-2.38001
-1.12936
-1.72350
-4.24583
-1.51110
-0.95199
-1.44036
-3.52160
-3.14096
-2.60668
-1.09464
-2.32985
-1.68999
-1.89731
-0.41308
-0.40053
-2.72415
-4.53371
-2.76107
-2.87207
-2.13538
-2.64743
-0.59757
-3.10878
-2.26462
-1.24411
-3.70245
-0.69981
-2.70916
-1.50793
-1.48375
-1.85045
-0.51708
-1.89701
-2.82285
-2.19055
-1.24477
-2.94708
-2.44970
-3.45065
-0.57369
1.00190
-1.29955
-1.42682
-2.52235
-2.97727
-3.01290
-3.23198
-3.83649
-4.25055
-3.13012
-1.95649
-1.00637
-3.56123
-3.23261
-3.03166
-2.45262
-2.30025
-2.96373
-3.02282
-3.06610
-3.95836
-2.01658
-2.83059
-3.25340
0.17419
-2.57463
-2.20692
-2.97356
-0.71549
-1.81457
-0.71691
-3.30500
-1.39104
-0.57996
-2.56199
-2.05543
-1.63665
-3.74196
0.18197
3.09747
-3.50600
-3.65309
-3.55507
-0.96162
-2.08248
-2.13593
-2.69396
-4.51172
-2.53478
0.16148
-1.95612
-3.70608
2.27932
-0.63438
-3.19718
-1.90848
-1.99438
-1.24397
-1.86853
-1.55324
-3.00884
-2.32622
-3.33477
-3.61109
-4.52286
-3.78499
-0.95527
-3.77275
-2.64799
-1.97367
-3.32917
-3.75827
-3.34288
-1.02029
-3.35513
-2.17323
0.17985
-2.99391
-1.95109
-1.00485
-3.35832
1.42529
-2.35778
-3.19991
-2.20512
-2.53772
-2.61477
-3.19699
-3.53012
-2.96112
-2.16378
-2.37738
-1.69972
-1.96671
-2.31058
-2.73269
-1.72798
-2.53932
-1.18499
-2.47415
-1.30155
-3.11864
0.09009
-2.42495
-2.01680
-3.49624
-3.82622
-2.26069
0.73075
-1.38034
-0.70858
-2.71587
-1.88788
-3.67723
-3.42381
-2.15743
-2.76382
-1.19148
-2.67989
-2.40712
-1.82999
-2.81156
-1.46552
-3.03610
-2.75045
-1.88565
-3.24990
-2.44368
-2.22991
-2.33501
-2.97138
-1.56736
-2.13413
-1.61565
-2.78559
-3.11794
-1.95527
-2.58939
-1.39383
-2.50535
-1.52381
0.10806
-3.09618
-3.47492
-1.34168
-0.68454
-1.53815
-2.60573
-2.26790
-1.74351
-1.22462
-4.54547
-4.17873
-3.64896
-4.27551
-3.61132
-2.17951
-2.84027
-3.45560
-3.98539
-4.21139
-1.32959
-2.58073
-3.04871
-0.38976
-3.12445
-2.73732
-1.87353
2.05000
-1.24830
-1.51183
-2.50227
-0.63900
-1.65449
-1.58018
-2.52664
-2.47972
-2.47547
-2.97761
-2.94831
-3.08209
-1.97748
-3.18354
-2.16322
-3.49427
-0.23075
1.21461
-1.52950
-3.01128
-1.55225
-2.81567
-2.52238
-2.57533
-2.26494
-3.03963
-2.36034
-1.58214
-1.40691
-3.59632
-1.66289
-2.99414
-2.37619
-2.40774
-2.63056
-0.44811
-2.40156
-2.58758
-1.73587
-1.95674
-1.80900
-0.92726
-0.66622
-3.16323
-1.97167
-2.47824
-1.50787
-2.92200
-2.96291
-2.12629
-2.85542
-1.38323
0.64984
-1.87332
-2.35073
-2.36041
-1.94534
-0.89642
-2.14911
-2.03863
-2.42297
-1.65486
1.66885
-2.75283
1.10600
-3.04490
-1.37644
-2.67112
-3.44931
-2.13713
-2.09220
-2.02877
-2.52650
-0.73107
-1.78586
-3.24289
-1.38106
-0.20691
-2.39800
-1.08278
-2.18609
-0.41964
-2.25123
-1.69629
-1.63293
-2.01062
-0.56663
-1.12382
-1.89087
-2.49059
-1.93457
-0.70317
-3.93226
-3.01812
-2.44503
-1.68077
-2.30211
-0.56473
-2.93169
-2.99180
-3.00068
-2.12638
-0.26360
-1.14493
-1.90343
-3.23683
-1.66649
-2.57334
-1.97101
-2.82438
-2.38171
-2.75027
-2.82240
-1.79321
-2.09295
-2.26714
-3.22837
-2.21917
-2.58874
-1.31657
-1.71030
-2.42371
-2.53356
0.96561
-3.00564
-2.39949
-1.93889
0.98917
-2.09386
-2.03309
0.35654
-3.16531
-0.21094
-1.88769
-2.26581
-0.05169
-2.90186
-2.81784
-1.24337
-2.44688
-1.03742
-2.25290
0.07905
-2.12548
-1.88555
-2.67014
-3.49092
-2.69581
-1.21455
-0.18776
-0.63903
0.54747
-3.31244
-0.51735
-0.56279
-3.27252
-0.82536
-4.03630
-1.52408
-1.66537
-2.52939
-1.31049
-2.38279
-2.18926
-0.99276
-2.83849
-0.94328
-0.70245
-1.87936
-2.34373
-2.71519
-2.96723
-2.60288
-0.74669
-2.52895
-2.42689
-0.87187
-0.40607
-4.23427
-1.51849
-1.36961
-3.35665
-2.14398
-2.21088
-3.63305
-2.09203
-0.03884
-2.80128
-3.10040
0.05951
-2.25471
-0.48180
-1.64022
-3.25915
-2.12338
-3.23599
-3.05985
-1.21212
-2.02818
-0.82811
-2.50119
-1.90571
-1.68722
-1.24832
-2.35825
-1.71497
-1.57011
-0.84295
-2.46791
-2.86306
-2.20638
-0.57124
-3.39692
-2.69621
-2.93212
-3.21666
-2.40830
-2.12247
-3.45704
-3.34790
-2.97568
-2.08697
-2.37150
-0.87583
-2.27174
-3.07921
-2.07651
