-0.46881
-0.29577
-3.01771
-2.91455
-0.71846
-2.44310
-1.70987
-0.80075
-1.38299
-2.52021
-2.20712
-1.90771
-3.00196
-1.92954
-2.62918
-2.01483
-2.36884
-1.43607
-1.69305
-2.24407
-2.11961
-1.30998
-1.65163
-1.89842
-3.24553
-2.31442
-2.66163
-2.48862
-1.71574
-3.09217
-2.63037
-2.68916
-1.75322
-2.87923
-2.46936
-2.17489
0.14944
-1.54459
-1.14893
-1.00673
-1.31155
-1.23788
-3.53253
-2.33939
-2.43553
-1.70013
-3.07798
-2.47584
-2.59212
-1.96736
-2.97927
-2.67751
-3.48304
-0.74825
-0.78561
-1.98824
-2.94185
-1.02281
-1.61432
-0.18123
-3.09966
-1.98347
-1.25923
-1.97076
-0.78316
-1.82087
-2.85075
-1.91188
-2.42461
-1.83815
-2.12516
-1.24394
-2.13001
-1.68362
-0.20297
-2.12580
-1.27800
-3.33914
-2.58656
-2.28130
-3.34770
-2.56486
-1.66169
-0.21857
-2.21093
-1.30362
-0.83842
-3.23421
-3.03168
-2.62118
-0.15145
-1.10602
0.23042
-1.26550
-1.52136
0.19744
-2.29509
-1.76750
-3.07138
-2.24257
-2.06327
-3.72151
0.00006
0.09116
-2.32578
-3.26419
-4.16711
-2.72113
-1.86893
-2.66989
-1.90982
-2.09267
-1.66051
-2.20946
-1.57992
-2.20552
-0.78787
-2.31761
-1.53615
-3.31702
-0.07755
-1.82185
-2.38417
-2.54227
-2.88000
-4.37552
-0.46145
-0.98388
-3.71285
-3.53919
-1.60275
-1.99900
-3.32261
-2.40860
-1.32137
-2.59334
-2.39397
-3.16293
-3.03144
-3.33919
-0.36283
-1.23314
-3.80930
-2.40633
-0.98999
0.84042
-1.67278
-2.04997
-1.71935
-1.12861
-0.63415
-2.43192
-2.09137
-2.34924
-2.26346
-2.95276
-2.13353
-3.00292
-2.57344
-1.20715
-1.25886
-3.23186
-3.80029
-2.85685
-1.71966
-2.65421
-3.40862
-1.41535
-2.79833
-3.79571
-3.71468
-3.05079
-1.87950
-2.81917
-1.16736
-1.45781
-3.44108
-0.44602
-0.18361
-2.76593
