0.76150
-3.22127
-1.81677
-3.86693
-1.84556
-0.04113
-3.14319
-1.19189
-4.36360
1.65119
-2.15083
-1.00655
-2.50725
3.31671
-1.05370
-2.27485
-1.71350
-0.15838
-1.09122
-2.77872
-2.37264
-2.04683
-2.55736
-2.29652
0.14916
-3.13702
-4.29002
-2.76623
-1.52494
-2.48954
-2.99109
-2.64316
-1.01820
-1.76831
-1.27766
-2.57156
-3.13794
-1.90463
0.22255
-3.07235
-2.73761
-2.00767
-1.85034
-2.29605
-3.21200
-1.89079
-3.91882
-2.42973
-1.33928
-1.01460
-2.72205
1.13141
-1.17873
-2.62065
0.94132
-3.03727
-3.50425
-2.47702
-3.37063
-2.80000
-1.58913
0.59693
-3.16534
-3.04598
1.63401
-2.48226
-2.94343
-1.17798
-1.19809
2.65173
-2.30023
-1.41056
-1.70282
-2.42671
-2.98054
-0.53845
-2.24126
-1.15802
-0.44987
-3.73912
-0.00485
-2.84795
0.64788
-1.03389
-1.89917
-3.61668
-3.77468
-1.25586
-2.50114
-2.95875
-1.01339
-0.51075
-2.60836
-3.81742
-1.38528
0.21444
-3.03339
-1.39313
-2.55174
-2.31588
-3.03517
-2.13239
-1.92924
-2.28841
0.35718
-0.94578
-1.31635
-2.06206
-2.52700
-3.51523
0.47227
0.49243
-2.45409
-1.35200
-2.87359
-0.82782
-2.79669
-2.13718
0.67940
-1.43781
-2.71421
-2.06810
-2.82985
-2.53576
-2.15444
-0.79231
-2.45880
-3.71440
-2.58505
-0.85985
-3.38212
-0.90729
-1.29671
-2.71027
-1.34615
-0.77347
-2.34806
-3.04713
-0.62224
0.46005
-1.70216
-2.93989
-2.29945
-1.99400
-3.57231
-3.10710
-0.92972
0.05875
-2.92735
-0.72376
-1.66711
-2.25360
-3.54056
-2.18836
-2.08246
-0.99477
-4.06181
-0.36785
-2.09060
0.66999
-2.57778
-1.70018
-3.84067
-0.65556
-3.09088
1.28495
-2.64253
-0.97535
-3.84044
-2.00378
-4.03348
-3.12614
-1.49270
-2.79456
-2.08118
-3.54278
-2.78796
0.35417
-1.77174
-2.18277
-0.58897
-4.14186
-1.24054
-3.24746
-0.68732
-2.83483
-3.33198
-1.78508
0.77405
-1.98415
-1.15233
-2.76289
-2.41089
-0.88025
-4.20605
-2.91057
-3.48107
-2.75649
-3.85125
-2.48878
-2.99514
-1.22575
-1.27054
-2.94247
-2.66903
-2.01402
-2.11674
-3.33793
-2.31290
-1.77941
-0.05682
-1.63085
-1.35235
-1.12157
-0.33582
-1.46575
-4.06783
-3.57590
-0.58999
-4.00655
-1.30907
-1.94975
-0.70567
-2.84640
-1.70533
-2.26588
-2.43297
-2.02192
-2.28883
-1.68057
-2.32093
-1.21906
-2.02871
-0.64107
-2.34153
-1.52441
-2.21769
-2.75403
-1.89987
-0.67971
-3.08391
-1.72846
-0.38799
-0.98209
-1.26609
-0.29672
-1.69266
-3.43465
-2.46355
-1.75476
-3.57788
-1.54093
-4.18141
-1.86961
-2.38078
-3.34838
0.61679
-3.50281
-0.22577
-0.19946
-2.28326
-1.66736
-1.37458
-0.43210
-2.09269
-0.34509
-2.34678
-0.05986
-1.57503
-0.54286
-1.62793
-2.96828
-1.35162
-2.14376
-2.54876
-3.51475
-1.17308
-3.59791
-0.11461
-1.55068
-1.56309
-3.54099
1.26977
-1.08135
-0.81813
-4.14472
-1.52060
-1.82169
-2.78823
-1.40918
-3.35017
-3.02483
-2.60646
-2.37454
-2.72727
-3.57960
1.73460
-1.68798
-1.99231
-1.75866
-2.99666
-2.96551
-2.61675
-2.97964
-3.24501
-2.34985
-1.13290
-0.72816
-0.84385
-1.75172
1.46004
-1.91406
-1.03898
-1.93013
-2.96451
-2.06272
-1.90779
-3.22551
-0.36761
-1.93156
-1.59965
-2.33611
-0.96878
-1.20008
-3.13801
-2.22422
0.02934
-3.02859
-3.06175
-3.20832
-3.55553
-0.80629
-1.22320
-3.40075
-3.65180
-3.14533
-1.05620
0.70000
-1.08264
-2.68344
0.43185
-2.83610
-2.65115
-2.23955
-2.22015
-0.89840
-1.80801
2.36986
-3.13588
-0.56512
-2.10740
-2.22045
-4.10339
-2.03710
1.74736
-3.41310
-1.62440
-3.11005
-0.06802
-2.17638
-2.97999
-1.84600
-0.84861
-2.51700
-2.02021
-2.40865
-2.05949
-4.27050
-4.38836
-1.43048
-2.66197
-2.57813
-1.81787
-3.02707
-1.91025
-2.95674
-1.21196
-3.15860
-2.81695
-3.85679
-1.79695
-3.45729
-3.05261
0.39072
-1.73660
-0.89398
-1.36008
-3.16737
-0.78060
-2.58725
-1.23981
-1.73977
-2.29491
1.98871
-2.33507
-0.84333
-2.12713
-3.75268
-1.40288
-2.00319
-2.75772
-4.00892
-3.07660
-3.22531
-1.95608
-0.43789
5.23877
-2.47803
-3.62036
-3.39068
-3.91284
0.97661
3.72476
-4.83587
-2.53856
-1.32423
-1.87884
-2.41762
-2.17229
-3.77730
-0.90350
-1.69916
1.25331
-0.61306
-2.41942
-0.80136
-1.36693
-3.12580
-1.50422
-2.36616
-3.07273
-1.94579
-3.10752
-1.80746
-0.80058
-2.24259
-1.42340
-3.57971
-1.94850
-0.45639
-3.16094
-3.13364
-2.45773
-3.57439
-3.71484
-2.23379
-3.70161
-1.39501
-2.01534
-3.40461
-0.04508
-2.78134
-2.67876
-2.72615
-1.54951
-0.03365
-3.00061
-3.84372
-1.97796
0.45261
0.40715
-5.34934
7.98863
-2.65235
-3.68597
-3.67873
-1.02226
-3.45095
-4.00542
-2.05962
-1.44198
-1.16011
-2.11866
-0.69391
-3.30706
-2.78642
-1.24946
-1.16817
-2.99498
-2.47390
-0.94141
0.00320
-3.28085
-1.99380
-2.23183
-0.95655
-3.32752
0.03076
-0.84868
-2.32954
0.52288
-4.01743
-3.02432
-0.94882
-2.27428
-2.01400
0.70051
-2.25658
-4.26391
-0.65882
-0.60619
1.84240
-3.11025
-3.53097
-2.62534
-2.78816
-0.58514
0.50152
3.28283
-3.12989
-1.60759
-3.16951
0.16577
-3.62389
-3.65070
0.05964
-2.19194
-4.02877
-3.71451
0.78316
0.02166
-0.62789
-3.44738
-1.22706
-3.10728
-0.83848
-2.32758
-2.91880
-0.92541
0.27284
-0.11464
-2.42374
-2.21621
-2.97933
0.25047
-2.33427
-2.85734
-4.01330
-2.74334
-4.12329
-2.74052
-3.55334
-1.24091
0.53102
-2.01586
-2.29027
-3.19227
-1.57868
-2.33082
-1.25348
-1.75391
-1.52496
-1.35668
-3.96558
-2.71230
-1.80370
-0.39525
-3.47286
-3.12088
-2.53103
-2.26465
-0.77004
-0.74350
-0.03450
-1.76687
2.62436
-2.85662
-3.39490
-3.76994
-3.47967
0.69627
-3.15444
1.16682
-2.73206
-0.80339
-4.01425
-1.76280
-0.79450
-1.89986
-2.15618
-0.82455
-2.67541
-1.33281
-1.13278
-3.27643
-1.31778
-1.21254
-1.35340
-1.19843
-1.31751
-0.98947
0.38028
-0.76177
-3.03486
-2.94137
-1.76673
-1.11817
-0.92424
-2.26865
-1.80411
-2.73079
-3.11753
-3.52209
-1.24420
-1.74556
-1.47903
-3.48760
-1.83960
-3.22293
-0.77367
-4.46409
-4.08590
-2.99989
-2.91228
1.61516
-1.90165
-2.10478
-4.22398
-3.02289
-4.69663
-0.85818
-2.10605
-0.06832
-3.03685
-1.40916
-2.35141
-1.56720
-1.33148
-1.18600
-3.00510
2.03266
-3.29810
-2.79849
-4.61499
-0.16990
-2.97292
-4.82758
-2.31440
-2.63901
-2.23671
-2.16926
-2.30735
-3.64532
-2.72634
-1.56334
-1.18116
-3.10254
-1.34351
-2.21009
0.65152
-1.95439
0.79130
-0.31827
-1.44076
-2.85153
-1.74671
-3.90517
-1.26203
-1.87863
-3.53000
-1.99011
-2.04190
-2.81712
-1.04478
-1.83024
-2.40158
-3.16850
-1.99728
-4.05009
-3.46316
-3.27664
-0.07461
-2.68283
-2.32985
-3.22018
-3.26165
-0.62020
-4.17894
0.66405
-1.76286
-2.53615
0.67808
-1.55516
-2.29711
-0.91719
1.10303
-3.35043
-2.55047
-2.50430
-1.59490
-1.59538
-4.65383
-1.62977
-0.84301
-1.01454
-0.69702
-1.84799
1.91560
-2.19776
-2.28460
-1.01377
-2.39401
-1.61795
-3.46603
-1.26883
-1.83184
-1.54149
-1.84382
-1.92967
0.14879
-2.71550
1.30071
-0.08635
-2.36264
-2.15549
-1.70951
-3.55890
-2.58990
-0.22345
-2.52503
-0.92376
0.30183
-2.72295
-2.76051
-1.61103
-4.48916
-3.35731
-0.79007
-1.16507
-1.33874
-3.19142
-1.92785
-0.62139
-1.19010
-3.13211
-2.31150
-3.12175
-2.75798
-1.47877
-0.06704
-0.43345
-2.41792
-4.80327
-4.09575
1.14622
-2.00966
2.14450
1.07648
-5.02618
1.59759
-4.94498
1.29389
3.20814
-2.71382
-1.31192
-0.20973
-2.25557
0.81502
-5.42294
-0.94373
-1.75823
-2.10153
-0.72233
-1.63852
-0.15781
-3.99403
-0.98816
-2.03882
-1.86087
-3.14356
-2.88712
-3.41387
-4.96250
-0.25323
-3.64130
-2.94695
-3.87468
-3.27286
-1.13073
-3.85224
-2.08831
-4.19823
-1.79737
-0.89005
-0.51195
-2.16693
-2.44218
-0.71942
-2.95775
-1.84065
-0.19978
-3.91481
-2.89812
-1.90731
-2.05236
-1.84750
-2.22805
-2.09365
-2.92441
-3.36304
2.02757
-3.73290
-2.24752
-2.99378
-3.75773
-0.80739
-1.04555
-2.51120
-2.98102
-0.39666
-0.54800
-2.59548
-3.73643
-2.70307
-0.48182
-3.66193
