-3.36525
-1.24526
-2.95701
-2.88427
-2.90081
-0.40302
-3.07934
-1.98823
-2.39137
-3.13027
-0.94405
-2.86147
-1.16321
-3.59988
-2.39552
-1.97247
-3.71367
-2.50147
-3.55121
-2.85559
-3.96271
-2.63443
-1.27670
-3.62975
-1.90989
-0.59897
-2.90101
-2.83845
-3.34500
-0.11102
-2.32887
-2.70393
-2.15018
-3.00057
-2.19424
-2.99103
-2.27702
-3.06700
-1.88308
-1.81601
-3.14729
-1.73643
-3.41009
-3.32160
-3.33827
-3.07733
-3.26203
-4.02183
-2.71659
-2.59992
-4.03161
-3.04828
-3.19111
-3.31507
-1.89498
-3.12991
-4.31835
-0.69790
1.12313
-2.53569
-3.30819
-2.87353
-2.11637
-2.67548
-3.55275
-1.93321
-4.39316
-2.28097
-1.87253
-2.89405
-2.77163
-0.74950
-3.91932
-2.21411
-3.61348
-0.47791
-1.41082
-3.89102
-1.95455
-2.45208
-1.33290
1.00720
-2.91916
-2.87225
-3.57703
-0.88208
-3.66261
-2.51683
-3.62486
-2.63744
-2.88521
-1.98189
-3.13508
-0.81043
-1.87183
-3.62141
-2.18547
1.38396
-2.46726
-2.60000
-2.96533
-2.83919
-4.29580
-3.91381
-2.90100
-2.43529
-3.61699
-1.79573
-2.27813
-3.86763
-4.11201
-3.62346
-2.15511
-2.70289
-2.95300
-1.23579
-5.26776
-2.15684
-2.56513
-3.36827
-2.95708
-1.76037
-3.54630
-3.34229
-1.81580
-3.14585
-2.04133
-1.94496
-2.40371
-1.54770
-3.65130
-3.56509
-3.47449
-2.64270
-1.65935
-3.45490
-2.67590
-3.38038
-3.05601
-3.17230
-1.34931
-3.73510
-0.60261
-2.65908
-3.34995
-2.95585
-2.49228
-3.19886
-2.71355
-2.82946
-2.81404
-1.76826
-3.41306
-3.32073
-1.35940
-1.75062
-0.86655
-2.26952
-3.59415
-2.64077
-3.65191
-1.41607
-2.56140
-2.56947
-3.90977
-1.77916
-3.83482
-1.63498
-1.20554
-0.28875
-5.02738
-3.32363
-3.29615
-1.56067
-0.86267
-4.08212
-1.85334
-4.10939
-3.72623
-3.73991
-2.95421
-4.31208
-2.82599
-4.28392
