4.39891
-1.54472
2.06253
0.87365
6.38618
4.49013
2.67213
3.75005
2.52154
0.53492
4.84532
5.61544
4.45531
6.04644
1.01816
-0.99244
1.37566
5.44356
6.02214
3.41284
2.93124
3.38717
5.95076
3.31843
2.54441
0.76023
2.25971
2.89143
-0.34685
-2.22934
4.81422
-0.08163
-1.46434
2.66127
7.98863
4.82612
2.52465
-1.09147
-1.84253
-0.35787
3.07891
7.81912
1.10606
4.09725
7.46366
7.98863
6.91001
4.70472
5.73067
5.53626
3.82060
4.65103
6.42225
5.62926
3.41623
1.75151
7.16799
6.11040
5.14255
3.61662
4.96928
7.98863
2.52940
1.59843
3.90978
1.47581
7.98863
0.58053
4.42685
4.55583
0.80344
7.98863
3.52738
5.17051
6.43817
1.11011
4.71942
2.39898
2.64738
0.86942
1.73229
4.65861
3.75369
5.84808
3.40520
6.52593
1.30838
0.89689
2.46437
4.50092
0.07594
2.91139
5.33573
5.76714
4.23138
6.17841
-0.46619
-1.00928
1.93018
4.76907
-2.48743
-0.03120
7.98863
5.72987
7.44244
0.38940
3.87547
2.19235
5.18568
5.32219
5.94989
3.21731
-1.66140
1.18997
4.84098
7.98863
4.50809
1.73289
5.07522
3.49586
2.87979
5.42625
2.46836
7.98863
4.61742
4.59035
0.33024
4.09911
3.36197
5.56952
4.46737
2.67087
-1.35399
2.47846
5.76160
2.72579
2.78463
-0.29544
4.77934
0.32040
5.93793
6.71308
5.90795
3.09941
3.29742
4.69964
0.72899
4.39894
2.77194
1.51421
2.10647
6.65846
4.17512
3.85599
3.59194
-0.96436
5.31001
0.87170
3.41217
0.58517
4.84047
-0.74284
2.56159
0.99529
0.38817
1.24955
4.83408
2.13290
2.94378
4.93261
1.62625
2.86459
2.07101
1.25087
-3.62061
-1.09341
1.61322
-2.58363
-1.93484
2.61934
7.46335
6.57742
7.35097
6.07026
-3.06340
-3.14487
2.53532
-1.16057
2.45135
-0.08254
4.59220
3.02085
6.12949
7.63623
0.37950
3.99533
-0.21087
1.93569
-1.19899
4.17280
