-1.08855
-0.85773
-0.72954
-0.35446
0.46718
-0.61515
-0.40419
0.49320
-0.52226
-0.49414
-0.66192
-0.85997
-0.83498
-0.18363
-0.33299
-0.11358
-0.51161
-0.28699
-0.37291
-0.51021
-0.96655
0.05746
-0.07882
-1.08850
-0.54435
-0.52745
-0.99292
-0.49248
-0.99019
-1.02643
-0.19223
-0.28858
-0.62534
-0.90405
0.18139
-1.00110
-1.03943
-0.91830
-0.18771
-0.74334
-1.03666
-0.32811
-1.01139
-0.71607
-0.89616
-0.98897
-0.70309
-0.99341
-0.60923
-0.10120
-1.07857
-0.91534
-0.97548
-0.91578
-0.88922
-0.02209
-0.38460
-0.09391
-0.39295
0.15920
0.46126
-0.77696
-0.33422
0.05740
-0.39075
0.03254
0.03070
-0.57503
-0.42029
-1.08823
0.94626
-0.27094
-0.64795
1.28091
-0.91693
-0.82307
-0.50095
-0.32525
-0.67607
-0.34602
-0.46731
-0.65581
-0.03141
-0.44664
-0.62687
-1.01261
-0.71258
0.23609
-1.08826
-0.34173
-0.79203
-0.87573
-0.67248
-0.78719
-0.94565
0.00232
0.04529
-0.42373
-0.98081
-0.46287
-0.65495
-0.09139
-0.08310
-0.84588
-0.43320
-0.88091
-0.78650
-0.90156
-0.85280
-0.48988
0.21621
-0.46721
-1.00530
-0.79687
-0.88029
-1.08109
-0.60135
-0.89197
0.33466
-1.00578
0.54453
-1.07969
-0.93719
-0.25235
-0.75521
-0.85976
-0.93448
-0.94387
-0.40334
-0.88029
-0.12193
-0.26048
-0.54559
-0.41250
-0.12827
-0.68872
-0.93411
-0.57982
-0.02016
-1.08555
-0.53928
-0.35679
-0.74113
-0.61410
1.51748
-0.77506
-0.67716
-1.07396
-0.98073
-0.24156
-0.91316
-0.93006
-0.94267
-0.89828
-0.97931
-1.07745
-1.01409
-1.00522
-0.55115
-0.99278
-0.69354
0.01962
-1.07735
-1.05466
-0.02064
-0.08783
-0.97417
-0.29865
0.12111
-0.61743
-0.86523
-0.57056
-0.95214
-0.75476
-0.83792
-0.37810
-0.64021
-0.11864
0.25886
-0.84698
-0.60900
-0.77927
-0.32592
