-1.03786
-0.51346
-0.49033
-0.41500
0.93712
-0.58122
-0.52552
-0.16131
-0.54444
0.73856
-0.72373
1.32522
1.25310
0.86925
1.02080
1.09215
0.02772
-0.52093
3.23413
1.45459
4.42215
0.62650
-0.36437
1.25124
0.46847
-0.71688
2.55001
2.11499
1.38101
2.08054
2.69365
-1.06947
-0.14684
1.27316
-0.44419
0.02378
1.53483
1.84110
0.53977
1.21095
1.16960
0.57998
1.55417
0.76445
0.02254
-0.23007
2.17247
0.80432
2.03618
1.92154
0.55199
-0.14613
1.58375
1.69927
0.46819
-0.22880
-0.29158
-0.51559
-0.79371
-0.60452
-0.91802
0.34317
-0.35739
0.02616
-0.51803
-0.91464
-0.80874
0.06550
0.20369
-0.25546
-0.35452
-0.83403
-0.12453
-1.03395
2.59930
1.26674
-0.56178
0.49035
-0.52267
-0.90911
0.30363
-0.00865
-0.88688
0.63426
1.97507
1.12536
1.06142
1.35669
0.54557
-0.71585
2.39468
0.74386
0.74827
0.76578
0.03593
-0.38576
-0.08628
0.36001
0.78640
1.60120
0.32893
0.42893
0.69703
1.29122
0.73373
-0.71759
0.86221
-0.87370
0.64264
0.86448
0.63183
0.35335
1.46383
1.81943
2.44975
-0.07328
2.28745
-0.87403
0.31130
1.57938
-0.42783
0.95583
-0.18030
1.07874
1.50677
1.20008
2.92470
0.85503
-0.36041
-0.37825
0.69647
-0.78910
0.45559
-0.48885
0.49112
0.72866
-0.09568
0.57519
0.74349
0.39649
2.18839
-0.38819
-0.86832
0.66153
-0.41283
2.36791
-0.44795
1.56108
2.45565
0.81492
0.57851
-0.13807
1.27161
0.17191
1.30704
0.84242
0.82795
0.65441
1.19992
0.69322
0.78636
0.53649
-0.82618
2.20817
-0.22633
1.36722
0.62791
-0.86013
0.97345
0.63968
0.67656
-0.94964
-0.40754
0.84938
0.78917
1.73044
-0.29755
-0.48388
1.17751
-0.79467
-0.09151
-0.31713
0.81292
0.47034
0.90533
