-0.55472
0.66846
-0.09850
-0.74145
-1.03648
0.96482
-1.06082
-0.21347
-0.62040
-0.35964
-0.47920
0.18448
0.45455
-0.43075
-0.33704
-1.00313
-0.97096
-0.88160
-0.39777
0.15961
-0.53513
0.04842
0.19090
-0.18382
0.40166
-0.42557
0.12163
-0.13074
0.40027
0.87211
0.31047
-0.53484
0.75736
-0.87731
-0.81889
0.74551
-0.60634
-0.49184
-0.33297
-0.93221
-0.07388
-1.08732
-0.40878
-0.45556
-0.95574
-1.08615
-0.05142
-0.69063
-0.84986
-0.83746
-0.50443
-0.29754
-0.89545
-0.81780
-0.85286
-0.24897
-0.13941
-0.49114
-0.83526
-0.81395
-0.34872
-0.68937
-0.77011
-0.69771
0.33935
-0.93341
0.42356
-0.38319
0.16735
-0.62049
0.01388
-0.78481
-0.04132
-0.02460
-0.20466
-0.92144
-1.06351
0.33441
-0.96979
0.49894
-0.51690
-0.45783
-0.33393
-0.95907
-0.71539
-0.95732
-0.25306
-0.94267
-0.60315
-1.01641
0.34544
-0.67012
-0.56716
-0.43960
-0.61976
-0.43712
-0.35322
-0.33828
-0.91865
-0.38578
-0.68725
-0.10745
-0.56539
0.22652
0.19153
-0.65856
-0.36521
-0.35402
-0.47967
0.10719
-0.07472
-0.35886
-0.42695
-0.18515
0.22327
-0.85266
-0.46120
-0.64375
0.72619
-0.26286
-0.85142
-0.62499
-0.46345
-0.20850
0.53727
-0.37699
-0.75201
-0.45749
-0.49480
-0.61056
-0.17607
-1.04375
-0.50489
-0.37220
-0.09691
-0.46435
-0.45017
-0.50039
-1.01918
-0.74956
-0.96529
0.04528
-0.30932
-0.59810
-0.37984
-0.59822
-0.69225
-0.85775
-0.24599
0.20575
-0.97068
0.44149
-0.73209
0.24468
0.28342
-0.97717
-0.05258
-0.03429
-0.56613
-1.01889
-0.83638
0.23766
-0.05504
-0.49086
-0.81918
-0.49095
-0.45300
-0.88607
-0.69937
0.25583
-0.09382
-1.05876
-0.12095
-0.94390
-0.12154
0.12290
-0.10777
-0.95143
-0.21013
-0.48876
-0.44806
-0.66346
-0.78120
-0.45350
0.39195
-1.06555
-0.13736
-0.62855
-0.67622
-0.89896
-0.68203
-0.52541
-1.07525
-0.52231
-0.87479
-0.62755
-0.42842
-0.96016
0.18172
-0.14464
-0.55082
-0.69851
-0.50996
-0.54688
-0.44067
-0.48793
-0.80656
-0.46956
-0.86579
0.26168
-0.31290
-0.98150
-0.52846
-0.52227
-0.79621
-0.67416
-0.68856
0.62519
-0.79301
-0.64757
0.37259
-0.43588
-0.65852
-0.96740
-0.73800
-0.55069
1.63778
-0.05997
-0.71398
-0.56652
0.16738
0.16241
0.30701
0.06647
-0.45653
-0.73796
-0.96433
-0.56295
-0.67203
-0.69584
-0.74324
0.64587
-0.61191
-0.72148
-0.60239
-0.08399
-0.35716
-0.34471
-0.21973
0.09980
-0.75346
-0.70333
0.03438
-0.65939
-0.79301
-0.17057
-0.24505
-0.54755
-1.01073
-0.22316
0.41647
0.62026
-0.64206
-0.95051
1.56507
-0.45454
-0.51457
-0.14484
-0.61517
-0.46281
-0.11832
0.04480
-0.96917
0.08632
-0.55634
-0.36233
-0.88691
-0.45925
1.05850
-0.31991
-0.75942
0.56949
-0.59391
0.43190
-0.51038
-0.64703
-0.93356
-0.59070
0.57897
-0.11499
-0.94899
-0.25246
-0.84562
-0.74818
0.55544
-0.61492
0.03413
-0.10711
-0.50532
-0.46178
0.11936
-0.36798
-0.46241
0.04379
-0.37897
-0.77823
-0.33573
-0.48140
-0.18718
-0.07811
-0.34984
0.77464
-0.46120
0.83854
-0.32643
-0.78106
-0.13510
-0.78182
-0.19691
-0.13193
-0.98849
-0.24438
-0.92878
-0.50594
-0.66272
0.31156
-0.47986
-0.70742
-0.60547
-0.39091
-0.86904
-0.45158
-0.08953
-0.15005
0.67560
-0.12418
-0.82595
-0.65506
1.83286
-0.30719
-0.38347
-1.04297
-1.04009
0.23589
-0.44192
-0.67762
0.26570
-0.44076
-0.19520
-0.41588
-0.07010
-0.27743
-0.56982
-0.75000
-0.21695
-0.48569
-0.39122
-0.85834
-0.67011
-0.82040
-0.36325
0.05879
-0.78603
-0.40712
-0.72403
-0.91842
-0.83443
0.12930
-0.08285
-0.64147
-0.43092
0.45854
-0.99469
-0.75691
-0.33380
-0.07338
-0.95446
-0.37617
0.58224
-0.19176
-0.77406
-0.21473
-0.82914
-0.91655
0.86999
-0.71931
-1.01940
-0.17557
-0.58917
-1.04950
-0.64772
-0.96862
0.37956
-0.93507
-0.15401
0.42192
-0.95529
0.11584
-1.05460
-0.70916
-0.43534
-0.19479
-0.83723
-0.60491
0.36306
-0.60638
-0.15189
0.09477
-0.47362
-0.62201
-0.46718
0.30169
1.29430
-0.16111
-0.94921
-0.82162
-0.92620
-0.63165
0.13861
-0.49215
-0.52016
-0.99727
-0.79793
-0.95913
0.46966
1.85026
-0.90903
-0.92454
-0.81979
-1.06664
-1.08856
-0.76333
-0.66965
-0.63299
-0.17296
-1.04008
-0.09309
-0.84789
0.09004
-0.82785
-0.64511
0.20487
0.44575
-0.71852
-0.65463
-0.47097
-0.94516
0.39422
-0.55190
-0.61646
0.05082
-0.68060
0.36899
-0.82269
-0.83753
1.40912
0.11031
-0.62297
-0.89321
-0.80814
-0.55782
-0.47208
-0.14085
-0.74509
-0.62019
-0.71688
-0.64938
0.04061
0.87501
-0.42397
-0.33812
-0.01131
-0.80650
-0.35875
-0.66266
-0.37147
-0.01058
-1.00334
-0.53767
-0.20925
0.53513
-0.21710
-0.30070
-0.73616
0.87930
-0.36594
-0.13695
-0.11089
-1.08682
-0.95134
0.18020
-1.01133
-0.01715
-0.67954
-0.47864
-0.94593
0.10417
0.25445
-0.02413
-0.11376
-0.92443
-0.92347
-0.78348
-0.40178
-0.73495
-0.62341
-0.33744
-1.06763
-0.42340
-0.37601
-0.97431
-0.47112
0.16350
-0.09280
-0.55428
-1.02915
-0.98002
-0.53206
-0.90916
-0.07570
0.26930
0.11812
-0.92492
-0.91606
-0.37634
0.09998
1.49826
-0.45933
-0.48916
-0.53812
-0.68532
-0.07460
-0.14255
-0.28267
-0.85995
0.06667
-1.08611
0.35314
0.89758
-1.08023
-1.05832
-0.41925
-0.37828
-0.44256
-1.06966
-0.10967
-1.05547
-0.81465
-0.42961
-0.80175
-0.84835
0.37582
-0.89520
0.76011
-0.83026
0.22382
-0.59158
-0.73362
-0.16257
-0.49053
-0.97241
-0.42730
-0.87684
-1.02510
0.16678
0.02292
-0.07505
-0.61828
-0.25390
-0.34860
-0.44170
-0.40390
-0.20557
-0.54292
-0.35632
-0.24950
-0.33838
-0.01113
0.10385
-0.52978
-0.96164
0.09855
-0.73449
-0.70613
-1.04586
0.10915
-0.95947
-0.74843
-0.85806
-0.47415
-0.56063
-0.31628
-0.38067
0.41574
0.03527
-0.38463
-0.36420
-0.72887
-0.45625
-0.46991
-0.70939
-0.88635
0.18462
-1.08576
-0.13196
-0.18526
-0.29972
-0.79296
-0.08112
-0.37705
-0.59709
-0.42357
-0.30419
-0.22358
0.01546
-0.65959
-0.88284
-0.33575
-0.61635
-0.61281
-0.89931
-0.55911
-0.93600
-1.04857
-0.70705
0.64404
-0.71641
-0.34452
-0.49010
0.30959
-0.15241
-0.36445
-0.21716
0.58405
-0.38259
0.13729
1.09502
-0.98845
-0.57770
-0.69222
0.13009
-0.83675
-0.86881
0.60213
-0.91167
-0.35956
-0.12337
0.32817
-0.12130
-0.12144
-0.91543
-0.17818
-0.59987
0.06847
-0.01051
-0.51910
-0.01106
-0.77364
-0.67256
-0.44261
-0.72609
-0.58066
-0.64904
-0.98647
-0.85325
-0.63773
-0.65377
-0.71215
-0.56758
-0.96531
-0.10871
-0.75381
-1.05127
-0.29387
0.25933
-0.55626
-0.83979
0.20373
-0.52859
-0.75709
-0.25369
-0.62320
-0.73424
-0.86189
-0.40326
-0.67365
-1.01583
-0.20218
-0.97781
-0.08632
-0.88288
-0.89360
-0.67995
-0.23783
-0.18319
-0.84968
0.78234
-0.35308
-0.01993
-0.30973
0.12233
0.02429
-0.69624
-1.01755
0.09356
-0.62757
-0.96584
-0.07124
-0.52448
-0.66069
0.12375
-0.80586
-0.02398
-0.14375
-0.87578
-0.48293
-0.98239
-0.88017
-0.67455
-0.02241
-0.23328
-0.21497
-0.24631
-0.62540
-0.95462
-0.00011
1.11331
-0.17607
-1.08856
-0.85064
0.15331
-0.01222
-0.58142
-0.92115
-0.85047
-0.17499
0.07212
0.08038
-0.93539
-0.66768
-0.28598
-0.07040
-0.10853
0.09658
-0.64754
-1.04795
-0.48838
-0.67985
-0.64276
-0.00661
-0.47672
-0.78017
0.50712
0.43703
-0.38255
-0.89205
-0.70806
-0.23193
-0.32444
-0.45651
-0.87621
-0.05577
-1.07644
-0.61050
-0.63889
-0.62087
-0.57831
-0.82535
0.38359
-0.04784
-0.15144
-0.19289
-0.08625
-0.53101
0.17030
-0.69607
-0.94871
-0.24264
-0.44141
-0.15691
-0.02445
-0.65789
-0.46083
-0.65154
-0.48615
-0.14520
-0.48544
-0.58703
-0.80562
-0.62736
-0.67083
-0.80240
-0.73993
0.58201
-0.96111
-0.23020
-0.22114
-0.01759
-0.57981
0.51809
-0.16453
-0.72707
0.39981
-0.48818
-0.50428
-0.56590
-0.42128
-0.84189
-0.89094
-0.33846
-0.53093
-0.76173
-0.58605
-0.64861
-1.03702
-0.19428
-0.45888
