-0.34754
0.12151
-0.05199
-0.19715
0.13277
-0.18268
-0.18236
-0.32895
-0.37870
-0.23865
-0.59932
-0.27677
0.06285
-0.27445
-0.37894
-0.22134
-0.18106
-0.23844
-0.25917
-0.39169
0.47901
-0.27368
-0.01846
-0.32107
-0.37648
0.31804
-0.24144
-0.27565
-0.01473
-0.32739
-0.15736
0.05639
-0.08461
-0.29631
-0.17214
-0.13480
-0.13419
0.04702
-0.49022
-0.16706
-0.22458
-0.20118
-0.04305
-0.01269
0.08892
-0.19973
-0.42209
-0.04938
-0.24719
-0.09983
-0.06348
-0.44767
0.04086
-0.37482
-0.18287
-0.28516
-0.12428
-0.03946
-0.27931
-0.27603
0.07875
-0.28940
-0.02122
-0.11937
-0.09885
-0.17694
-0.32469
-0.44937
-0.26763
-0.18031
-0.42978
-0.10824
-0.03693
-0.02691
-0.30259
-0.27973
-0.39199
-0.01268
-0.24844
-0.42136
-0.28921
-0.37467
-0.48904
-0.32563
-0.30888
-0.30098
-0.54432
-0.32609
-0.00959
-0.36755
0.58892
0.17265
-0.17924
-0.06393
-0.36747
-0.33942
-0.50483
-0.23106
0.09897
-0.19792
-0.17997
-0.34766
-0.81842
0.05397
-0.06303
-0.14936
-0.15288
-0.31115
-0.51685
-0.08093
-0.17002
-0.28775
-0.28898
-0.23421
0.29741
-0.19648
-0.14601
-0.30577
-0.05661
-0.26586
-0.03552
0.03291
0.02849
-0.14967
-0.35653
0.02200
-0.16396
-0.12577
-0.45819
-0.42510
-0.27583
-0.34127
-0.22868
-0.02020
-0.00900
-0.09732
-0.27648
-0.37101
-0.15220
-0.39457
-0.26518
-0.43600
-0.31428
-0.23572
-0.33927
-0.18501
-0.04348
-0.21286
-0.09387
-0.43674
-0.35228
-0.30466
-0.33494
-0.24557
-0.05432
-0.17781
-0.39823
-0.39546
-0.53272
-0.16510
-0.15354
-0.11278
-0.11819
-0.08343
-0.45280
-0.19544
-0.28299
-0.08130
-0.44286
-0.38775
-0.19312
-0.28243
-0.13927
-0.10420
-0.22596
-0.22653
-0.17604
-0.37264
0.39644
-0.56895
-0.01979
0.10086
-1.00000
