-0.42038
-0.03433
-0.16548
-0.34754
-0.16654
0.21548
-0.00971
0.34898
0.23271
-0.03365
0.12151
-0.05199
0.06861
0.32106
-0.06320
0.05229
-0.25673
-0.19715
0.12973
0.03784
-0.21775
-0.13725
0.09025
0.11546
0.13277
0.34402
0.13039
-0.18268
-0.32920
0.06531
-0.02072
-0.18236
-0.06087
-0.04661
-0.12765
-0.03392
-0.32895
-0.09422
0.02345
0.13787
0.07290
-0.01160
0.01448
-0.19722
-0.15608
-0.37870
-0.23865
0.36058
0.07027
0.05962
-0.07102
-0.59932
0.27878
-0.07734
-0.03054
0.40417
0.09843
-0.27677
-0.11974
0.00092
-0.08555
0.06285
0.07400
0.13052
-0.27445
-0.05499
0.15030
0.06873
-0.07255
-0.35861
-0.09869
0.19099
0.18813
0.01429
-0.14102
-0.12890
0.06872
-0.37894
-0.04679
-0.22134
-0.02616
-0.12404
0.13539
-0.01184
0.02146
-0.18106
0.10144
-0.08752
-0.23844
0.21609
-0.18145
0.11065
-0.02116
0.12195
-0.25917
0.05407
0.09457
-0.39169
-0.16407
0.08601
0.04009
0.47901
-0.47035
-0.01009
-0.27368
-0.06584
0.14775
0.16218
0.14676
-0.10763
-0.11399
-0.01846
0.11366
-0.05844
0.22045
0.11023
-0.15778
0.21666
-0.32107
-0.04243
0.14858
-0.18885
0.03834
-0.17992
0.07103
0.02728
-0.37648
-0.28565
0.30039
0.36009
0.31804
-0.14359
0.10367
0.02399
0.14675
-0.24144
-0.42958
0.15021
0.02305
-0.27565
0.04849
0.28763
-0.07830
0.04980
0.24642
-0.11710
0.02840
-0.21233
-0.11766
-0.01473
0.12955
-0.08388
0.04383
0.13578
-0.08863
-0.19598
0.22244
-0.19967
-0.32739
0.03790
-0.15736
-0.09983
0.15329
0.05639
-0.11245
-0.03608
-0.11531
-0.00144
-0.08461
-0.07471
0.14529
0.07101
0.12542
-0.29631
-0.17214
-0.03473
-0.00265
0.05539
0.17775
-0.01397
-0.13480
-0.31199
-0.11067
0.05907
-0.15030
0.11828
0.05054
-0.13419
-0.13494
-0.09972
0.04702
-0.20923
0.07282
-0.16605
0.05585
0.11824
-0.02339
0.19530
0.11846
-0.34687
-0.49022
0.00650
-0.09898
0.06165
-0.30966
0.10494
-0.16706
-0.03249
-0.18334
-0.10282
-0.22458
0.35192
-0.04814
0.31329
0.22685
0.03640
-0.00203
0.04793
-0.00882
-0.20118
-0.10157
0.11253
-0.04305
-0.16178
-0.13211
-0.15059
-0.01269
-0.16165
0.08461
-0.19371
-0.12908
-0.14508
0.03912
0.08892
-0.02670
0.05511
-0.19973
-0.08252
0.01030
-0.15659
-0.16259
-0.42209
0.06046
-0.04435
0.03321
-0.14778
-0.12638
-0.07309
-0.01592
-0.04938
0.05414
-0.15782
0.07947
-0.13878
0.03990
0.04900
0.01983
-0.04667
-0.01305
-0.24719
-0.09983
-0.12883
0.09400
-0.18587
0.07226
-0.06348
-0.11695
-0.01203
0.03487
0.06530
-0.44767
0.20757
0.10150
-0.05720
0.18210
0.04086
-0.03535
0.13799
-0.11784
-0.01580
-0.04434
0.16685
0.18998
-0.13721
0.13817
-0.06445
-0.17964
0.02626
-0.37482
-0.32625
0.13289
0.28530
-0.04913
-0.01596
0.12677
-0.18287
-0.28516
-0.08385
-0.01074
-0.17614
-0.09940
0.26015
-0.03315
-0.09230
-0.01951
-0.23897
-0.08570
0.10743
-0.08860
0.17336
-0.12428
-0.12505
-0.01027
-0.14751
-0.08005
0.07561
0.01217
-0.09606
-0.34050
-0.03946
-0.27931
-0.06998
-0.02726
0.06998
-0.27603
-0.01456
-0.54751
0.07875
-0.06504
-0.00888
-0.02225
-0.18894
0.02427
0.05701
-0.28940
-0.13935
-0.02122
0.03113
0.12801
-0.19726
-0.11937
0.09281
-0.09885
-0.00411
0.17267
-0.03771
0.09879
0.16490
0.11206
0.12443
-0.10554
-0.09037
0.15184
-0.19061
0.05805
-0.29355
0.03409
-0.13633
-0.06793
-0.17694
-0.09966
-0.02002
-0.13954
-0.09718
0.09780
-0.32469
0.05855
-0.16634
-0.44937
0.02780
-0.04184
-0.04586
-0.26763
-0.02048
-0.03906
-0.22811
-0.08120
0.05812
-0.01302
-0.04530
-0.18031
0.01756
0.07018
-0.12104
-0.03566
0.11813
0.41233
-0.08897
-0.05078
0.28286
0.14717
0.16887
-0.10867
0.18387
-0.42978
-0.04843
0.15064
-0.19011
0.11315
-0.10824
0.23869
-0.22530
0.13564
-0.03693
-0.02691
-0.07192
-0.10212
0.16286
0.01850
0.03230
-0.17008
-0.00551
0.03831
0.12317
-0.35012
-0.05001
0.31525
0.03758
-0.30259
-0.27973
0.10874
0.18534
-0.16234
-0.18745
0.24472
0.21636
0.12439
0.09371
0.29793
-0.39199
0.00877
-0.01268
-0.16770
-0.03504
0.00106
-0.24844
0.19897
-0.11069
0.19831
-0.34903
-0.09545
-0.01718
-0.25642
-0.09436
-0.42136
-0.14305
-0.28921
-0.12834
0.22122
-0.10453
0.03432
0.10278
-0.11514
-0.37467
-0.43145
0.23421
0.10573
0.30450
-0.11968
-0.48904
-0.10713
-0.32563
-0.30888
-0.10238
0.11609
-0.03283
-0.00517
-0.11349
-0.23670
-0.07192
0.01941
-0.06565
-0.21208
-0.04172
0.26972
0.02775
-0.30098
-0.54432
-0.00435
0.10568
0.00185
-0.00703
0.18220
-0.02954
-0.04448
-0.32609
-0.00959
-0.17205
0.28507
-0.18194
-0.00306
-0.01488
0.22131
0.15001
0.15665
-0.00212
0.11361
-0.12606
-0.09382
-0.36755
0.07241
0.00158
0.12133
-0.06267
-0.08578
0.58892
0.17265
0.03175
-0.30086
-0.03159
0.49215
0.31876
0.13060
0.38264
-0.07127
-0.17924
0.04314
-0.06393
-0.14284
-0.11645
0.00316
-0.36747
-0.13037
0.15683
0.27781
-0.33942
-0.09276
-0.33025
0.09488
0.01470
-0.14805
0.08844
-0.50483
-0.12706
-0.23106
-0.19468
-0.11429
0.19900
0.19332
-0.03720
-0.19603
-0.12014
0.30480
0.24318
-0.11530
0.09897
0.25743
-0.06097
-0.31868
0.17211
0.26301
0.31477
0.55073
-0.19792
0.02092
-0.16345
0.00695
-0.06145
-0.17997
-0.63432
-0.34766
-0.04763
-0.07639
-0.81842
-0.27536
-0.03287
0.11698
0.27775
-0.16725
0.32699
0.28784
0.12867
0.10918
0.05397
-0.17399
-0.31991
0.26773
-0.06303
0.34905
0.25169
0.17659
-0.14936
0.01699
-0.00034
-0.15288
-0.35885
0.04413
-0.22965
0.03819
-0.24793
-0.31115
-0.13775
-0.05503
-0.19830
0.05777
-0.51685
0.03829
-0.11379
0.03187
-0.25982
-0.08093
-0.17002
-0.00743
0.23492
0.28436
-0.04504
0.03492
0.11900
0.09876
-0.08231
-0.28775
-0.02695
0.16783
-0.21293
-0.14619
0.55604
0.25356
0.08969
-0.14517
-0.28898
-0.10937
0.04950
0.06734
-0.23672
-0.21648
-0.04094
-0.09606
-0.05441
-0.23421
0.29741
0.11822
-0.20209
-0.19745
0.20304
0.08023
-0.19648
0.06891
-0.35257
-0.14601
-0.10285
0.24194
0.25262
-0.14747
-0.12169
0.06125
-0.30577
-0.05661
0.05601
0.15716
-0.01625
-0.08000
0.02596
-0.02922
-0.26586
-0.19327
-0.02395
0.09609
-0.14673
0.19699
-0.17846
0.16621
-0.24998
-0.07332
-0.03552
-0.13149
0.03291
-0.08893
-0.01564
-0.12097
0.12559
0.18309
-0.12519
-0.21174
0.02849
-0.00670
-0.14967
0.00778
0.18716
0.12156
-0.23715
0.32938
0.05063
-0.14672
-0.09825
-0.35653
-0.10652
0.02200
0.02295
-0.02716
-0.20985
-0.16396
0.11891
0.02771
0.04856
0.15394
-0.05956
0.01734
-0.07939
-0.12577
0.02521
-0.13514
0.03635
-0.45819
-0.10358
0.38393
0.14998
0.16677
-0.16881
0.04270
-0.02229
-0.42510
-0.09094
-0.27583
-0.34127
0.17640
0.16160
-0.16367
-0.07245
-0.06691
-0.01098
-0.22868
-0.11896
0.18466
-0.00014
0.14648
-0.02020
-0.08893
0.07725
-0.05048
0.11015
0.16296
0.07349
0.00096
-0.00075
-0.05693
0.27226
-0.20441
-0.06987
0.18204
-0.00900
-0.09732
0.01079
-0.25047
0.21700
-0.08803
-0.11485
0.18316
-0.00920
-0.03475
0.23136
-0.27648
-0.13025
-0.37101
0.19715
-0.22908
-0.00704
0.05991
0.05984
0.16570
-0.15220
-0.39457
0.16177
-0.07838
-0.00029
0.09692
0.12932
0.09150
0.00889
-0.09038
0.16119
-0.26518
0.07369
-0.04788
-0.05818
0.23236
-0.25066
0.31403
-0.43600
-0.00668
0.00513
-0.04627
-0.13498
0.01083
-0.31428
0.17751
0.00656
0.11267
-0.01399
-0.23572
-0.06606
-0.20682
-0.33927
0.11448
-0.09582
-0.18501
-0.20478
-0.08437
0.31746
-0.00901
0.01093
-0.22102
0.07361
0.07314
0.16493
0.00540
0.03611
0.02625
-0.04348
-0.19313
-0.15992
-0.21286
-0.02319
-0.09387
0.17599
-0.03260
-0.04220
0.15912
-0.02417
-0.08225
-0.02651
0.03379
0.19147
0.07754
-0.21034
0.14164
-0.43674
-0.35228
0.02662
0.12719
-0.11516
0.11353
-0.10240
0.10269
-0.10108
0.28232
0.41288
-0.17432
-0.30466
-0.33494
-0.05204
-0.24557
-0.05432
-0.07341
-0.11478
0.17265
0.06631
0.24069
-0.16184
-0.08373
-0.03644
0.11667
0.01969
0.10822
0.00926
-0.17781
-0.13477
-0.01456
0.10515
0.12568
-0.39823
-0.39546
0.01287
-0.18054
-0.05820
0.11853
-0.13659
0.19656
-0.53272
-0.01197
0.12954
-0.16510
-0.32607
0.26414
-0.15354
-0.05643
-0.15300
0.02607
-0.06844
-0.15066
-0.12350
0.24919
-0.17780
-0.21013
0.20700
-0.11278
-0.03370
-0.08141
-0.11819
-0.13057
0.01130
-0.08343
-0.01210
-0.00044
-0.02471
0.00517
0.07864
0.03000
-0.15334
-0.45280
0.05698
0.11098
0.42580
-0.23799
0.42264
-0.19544
-0.35056
-0.28299
0.26295
0.20084
0.00125
-0.01731
-0.02842
-0.11440
-0.08130
-0.21244
-0.11202
-0.12459
0.06225
-0.44286
-0.01216
0.12865
0.33199
-0.15396
0.22582
-0.09547
-0.38775
-0.30348
0.22818
0.31777
0.20843
-0.19312
-0.07159
-0.01504
0.14686
-0.28243
0.06055
-0.19274
0.05928
-0.17875
0.20947
-0.13927
-0.18663
-0.10420
-0.07722
0.02078
0.10479
0.10713
-0.15066
0.06205
-0.05035
-0.00076
-0.03964
-0.03815
0.08298
-0.22596
-0.02993
-0.03124
-0.03044
0.36267
0.21931
-0.22653
-0.21975
-0.22975
-0.16873
-0.04304
0.06208
-0.17604
-0.15068
-0.05732
-0.18830
-0.26970
0.14062
-0.11167
0.15923
-0.37264
0.08461
0.39644
0.05309
0.15921
-0.19136
-0.22422
-0.56895
0.38637
-0.01979
0.17363
-0.19825
0.00096
0.19490
-0.31199
-0.25634
-0.34588
0.10086
-1.00000
-0.60867
0.00146
0.06306
1.00000
1.00000
-1.00000
-0.76113
