0.50665
0.46535
0.43664
0.74274
0.60959
0.80918
0.90345
0.58054
0.71100
0.56248
0.38514
0.38994
0.80863
0.68268
0.66667
0.60083
0.70444
0.71786
-0.00699
0.57600
-0.13730
0.69376
0.72369
0.80498
0.53214
-0.38090
0.54476
0.29188
0.65874
-0.21077
0.28377
0.40864
0.72064
0.48253
0.60923
0.65013
0.64537
0.61629
0.56338
0.26121
-0.30499
0.82601
0.73079
0.67280
0.21336
0.10279
0.34450
0.75440
0.66993
0.13956
0.56925
0.72194
0.60802
0.63468
0.28362
0.50459
0.29642
0.60929
0.59330
0.61222
0.58826
0.10828
0.81783
0.38178
0.21600
0.38619
0.56183
0.90389
0.62778
0.59883
0.34122
0.19210
0.54001
0.54834
0.33794
0.30663
0.48776
0.05214
0.44805
0.54065
0.10011
0.71359
0.60290
0.39701
0.29359
-0.08868
0.55337
0.38964
0.60040
0.96338
0.52580
0.41845
0.49507
0.41698
0.70189
0.17370
0.58100
0.40504
0.39452
0.17064
0.08740
-0.06534
0.34713
0.44388
0.11425
0.08029
0.55818
0.52487
-0.20381
-0.20274
0.71238
0.30834
0.44075
0.52806
1.00000
0.64752
0.12730
0.51675
0.62496
0.47603
0.33555
0.56230
0.49526
0.71865
0.20821
0.15020
0.53618
0.50383
0.33347
0.57968
0.39536
0.43249
0.48571
0.60495
0.44065
0.49426
0.65606
0.76388
0.86354
0.15126
0.89201
0.57854
0.58535
0.59538
0.56279
0.56613
0.53406
0.37169
0.11076
0.43227
0.35536
0.55990
0.49963
0.00594
0.70244
0.21283
0.40259
0.53813
0.62314
0.57786
0.61886
0.46750
0.80567
0.48009
0.50703
0.36649
0.19734
0.31260
0.31103
0.55078
0.13135
0.74130
0.37670
0.52474
0.45576
0.35898
0.63516
0.56374
0.64941
0.61248
-0.09624
0.29522
0.38013
0.61738
0.50768
0.37967
-0.02938
0.57367
0.40526
0.53649
-0.13047
0.42185
0.66851
0.67244
0.42593
-0.13012
0.14230
0.67927
0.62239
0.60140
