1.27194
3.10141
4.73433
1.21108
0.28172
2.23902
1.40573
3.60167
3.63559
2.60636
3.54043
2.50211
4.63845
0.07750
1.16014
1.60913
2.72361
-2.79538
-1.14588
-0.18395
0.04055
0.46949
1.31747
3.85722
4.23240
2.24459
0.14745
-1.13108
1.73366
1.27593
0.75218
2.54131
2.69443
2.27297
2.98520
0.65114
-1.63615
2.19344
1.78605
1.28912
1.98987
0.68040
2.72796
1.08756
0.57314
2.28965
1.78950
2.53328
1.63681
0.91963
2.77883
2.70398
2.15493
0.59890
4.28064
-0.29313
-0.39007
0.57775
1.74233
1.52568
2.44659
1.01540
0.76617
0.50404
2.68578
2.49137
-0.15386
-0.99579
3.71478
1.24433
3.52968
2.04701
-0.95162
-1.13201
0.51967
1.11994
1.07051
2.22175
0.72094
0.70880
-0.69583
2.87385
1.00032
0.49740
-1.27915
0.56212
2.34953
-0.04089
-0.03887
0.08573
1.91816
0.33825
2.15028
0.59146
0.01512
0.12238
0.37919
1.57701
0.92140
2.31544
0.79704
2.25753
1.12117
1.55779
3.17524
2.10427
-0.52378
-0.70284
0.75092
0.62811
2.49322
0.11081
-0.10887
1.38423
-1.32361
0.30302
-0.63923
0.84194
0.00827
2.45530
-1.21878
2.00628
2.14298
0.52585
-1.00587
1.58328
-0.46340
1.54702
-0.10917
3.09414
0.61110
0.87477
1.44215
-0.44586
1.33712
1.71966
1.92985
0.59480
0.91342
1.70817
0.64476
1.20542
-0.37970
1.39094
2.22701
2.38545
0.68944
-1.70286
-2.24193
-2.11658
3.18987
1.68788
3.64065
3.88412
3.53308
1.63668
0.67670
1.37943
2.40446
0.04788
2.82752
2.22448
1.55303
2.30434
1.06807
-0.56890
-0.79956
4.88562
1.29761
2.23428
2.31229
1.79411
0.01748
2.49998
-0.79986
1.24844
3.02383
0.78198
0.76132
2.91720
2.18139
