-1.72007
-2.37854
-2.24893
-1.36788
-2.66316
-2.34692
-0.80828
-2.46157
-1.95251
1.02021
-1.89200
-1.09880
-2.06652
-1.54400
-2.49275
0.05377
-0.27895
1.36091
-0.93089
-1.55923
0.69862
-0.15176
-1.78869
-2.12759
-0.79936
-0.77396
-1.00244
-2.21726
-0.72307
-0.07466
-1.17152
-0.78021
-1.77235
-1.82968
1.33239
-0.92957
-1.07195
-1.58436
-2.14153
-1.84967
-1.03353
-0.54065
-1.94509
-0.95888
-1.67503
-0.93684
-0.98645
-1.76272
-2.02271
-1.00530
-1.83048
-1.67367
-1.33532
-0.91849
-1.32252
-2.53761
-0.71428
-2.20645
-1.92871
-1.76128
-1.35973
-2.13387
0.48078
0.16734
-0.87129
0.74263
-0.04335
-1.23695
-1.31355
-1.39032
-1.92441
-1.45473
-2.06953
-0.70529
-0.30713
-2.31906
-1.73883
-0.51290
-1.42958
-2.36484
-1.96213
-0.48170
-1.39307
-1.24771
-0.70878
-1.52055
-2.41925
0.31702
-2.03169
-1.36756
-2.89511
-1.24427
-1.79357
-1.21948
-1.60937
-1.42311
-1.55846
-1.28753
-1.51798
-1.73437
-1.60928
-1.18858
-1.91162
-1.55275
-0.71980
-1.78790
-2.28157
-1.50609
-2.12304
-1.31852
-1.31586
-0.77644
-2.10802
-0.21005
-1.23598
-1.93922
-0.76414
-0.66906
0.14421
-0.77386
-2.28232
-1.25262
-1.55787
-0.24656
-0.51167
-2.75096
-2.45634
-1.72613
-1.38306
-0.74815
-0.88041
-1.76236
-2.75583
-1.92318
0.48202
-2.26335
-2.16177
-0.99263
0.01340
-0.16383
-1.87339
-1.92686
-1.81370
-0.13217
-2.42155
0.23929
-0.91971
-0.91202
-1.79946
-0.29315
-1.18436
-3.12912
-1.51930
-1.44805
-2.50188
-1.38079
-2.52498
-0.98508
-1.60132
-0.34212
-1.80348
-1.01194
-1.68374
-1.77378
-2.28951
-2.03838
-0.79101
-1.49307
-1.76151
-0.47611
-2.58306
-2.85414
-0.14902
-1.80783
-2.08356
0.21782
-1.33726
-2.88921
