1.76782
-2.54624
-0.15392
-1.44443
-1.72007
-1.73807
-0.99284
-1.47202
-1.45750
-2.37854
0.40135
-1.97519
-0.99195
-2.00215
-2.24893
-1.59024
-1.36788
0.20469
-1.70071
-0.53105
-0.44699
-0.81906
0.24885
-0.28672
0.01232
-1.59486
-1.25032
-1.17704
0.78959
-2.66316
-2.34692
-2.24503
-0.80828
-0.91021
-1.10882
-2.46157
-0.88871
-0.32401
-0.83371
-1.67450
-1.22069
-1.94547
-1.13112
2.09112
-0.29091
-1.37752
-0.76502
-2.47350
0.98527
-1.95251
1.02021
-1.40452
-0.26411
-1.76603
-1.89200
-1.67401
-0.73977
-1.09880
-0.94523
-2.08522
-2.06652
-0.67283
-2.46632
0.42198
-0.18188
0.08452
-1.55347
-1.54400
-2.22925
-1.89601
1.07685
-0.49080
0.15176
-0.86873
-1.08975
-0.34516
-1.14628
-1.09892
0.35120
-0.49338
-2.49275
-1.11001
0.44785
0.94089
-0.06878
-1.03467
-2.51995
0.05377
-1.43310
-1.56782
-2.43335
-0.44425
-0.78615
-0.29034
-0.32876
-0.86315
-2.14522
0.82843
-1.56326
-0.94747
-1.18204
-0.03749
-0.38523
-2.14736
-0.27895
-2.07581
-2.06127
-1.31881
1.36091
-2.14431
-0.72276
-0.11797
-1.09457
-0.10737
-0.74342
-0.17986
-0.93089
-0.64353
-1.29981
-1.55923
0.69862
-2.54978
-0.15176
0.15861
-0.75829
-0.04931
1.13193
0.32383
-1.65829
-0.28207
-1.78869
0.96923
-0.60875
0.66063
-1.35138
-0.59088
-2.55991
-2.12759
0.16627
-1.61548
0.34435
-0.96320
-1.20113
-0.79936
-2.50136
-0.36809
-0.77396
-1.11650
-0.37554
-1.41535
-0.08817
-1.15270
-0.51413
-0.50781
-1.41949
-2.44887
-1.00244
-1.78626
1.23210
-1.78848
-1.84080
-2.21726
-2.10626
1.19602
0.18861
-1.29607
-0.54683
-0.97600
-1.61033
-0.98634
-0.72307
-1.03800
-0.57897
-1.19583
-1.21824
-0.10191
-0.07466
-0.56310
0.24682
-0.55101
-0.59212
-0.26483
1.17837
-0.80289
-1.05211
-1.17152
-0.78021
-0.62881
0.06480
-1.17977
-1.77235
-1.05840
-0.88935
0.85709
0.58657
-2.93175
-1.55417
-1.82968
-1.35913
0.79617
1.33239
-1.53291
-0.22227
-0.61128
-1.81965
0.00797
0.31602
-1.25303
-1.84386
-0.91020
-0.92957
-0.01185
-1.32309
-1.07195
0.28108
-0.81597
-1.85610
-1.58436
-0.52104
-0.50796
0.16717
-1.26893
-0.76173
0.58862
-0.98946
-1.76886
-2.14153
1.16142
-1.39304
-1.38920
-1.84967
-0.31945
1.35774
-1.40576
-1.71814
-1.64725
-1.03353
-1.23900
-1.98114
-0.54065
-1.41097
-1.53148
-0.62143
-1.36038
1.34457
-2.13905
-1.94509
-1.77274
-0.10408
-0.95888
-1.26725
-1.04019
-0.94325
-0.24827
-1.67503
-1.20428
-0.93684
-1.92932
0.71779
-0.00923
-0.73804
-0.54949
-0.83567
-2.41598
-1.13839
-0.98645
-0.41911
-1.33666
-1.76272
-1.77881
-2.02271
-0.44877
-1.54621
-1.28941
-0.26655
0.00524
-0.31169
-1.52681
-0.51265
-1.31418
-1.00530
-1.87245
-1.81534
-1.83048
-1.11214
-1.67367
-0.95388
-0.19457
0.76179
-0.36909
-1.82376
-1.33532
-0.91849
-0.93649
1.26359
-0.22071
-0.66787
-1.63800
-0.00152
-1.34568
-1.32252
-1.02755
-2.53761
2.10806
-2.83878
-0.27702
-0.27209
-0.82171
-1.81862
-1.38764
-0.71428
0.71686
-0.93313
-0.37293
-1.66574
-1.30255
-1.01801
1.04100
-0.91779
-1.38135
-1.19419
-2.20645
-1.92871
0.72354
-0.29059
-0.49948
-1.25720
0.47206
-0.82850
0.28787
-1.60727
0.02398
0.90701
-0.26875
-1.38696
-1.76128
-2.14007
-0.76189
-0.29642
-0.88662
-1.35973
-2.13387
0.48078
-1.20789
-0.80143
-1.33944
0.21081
0.41622
0.31495
-1.66828
-0.20810
-2.46574
-1.70254
0.16734
-1.10314
-1.66348
-0.64235
-1.12843
-1.65549
-0.55575
-0.87129
-1.01494
-0.71321
-1.03740
-1.74875
0.74263
-1.66451
-1.87495
-0.04335
-1.84280
-2.02668
-1.23695
-1.61134
-1.17914
-1.31355
-0.76842
-0.02290
-0.96183
-1.03813
0.01476
-0.46911
-0.02840
-1.65179
-1.39032
-0.28476
-1.36825
-1.92441
-0.49949
1.04079
-0.32036
-1.25844
-1.45473
0.04139
-1.18769
-1.88533
-0.31981
-1.86419
0.83251
0.81089
-0.89207
-1.15044
-2.02675
0.40878
-1.86813
-1.11973
-1.14687
-2.06953
-1.11430
0.74258
-1.39431
-0.70529
-0.87527
1.29578
-2.17005
-0.30713
-0.83331
-1.27386
-2.31906
-0.30995
-0.60430
-1.73883
-0.51290
-0.64225
0.76835
-1.16434
-0.93632
1.18350
-2.38288
-1.14695
-0.84676
-1.42958
-0.93842
-2.36484
-1.11985
-0.99110
0.25296
-0.29554
-1.55705
0.29360
-0.92350
-0.99723
-0.54113
-1.79468
-1.61353
-1.96213
-0.48170
-0.98230
-1.12121
-0.56817
-1.10674
-0.66075
-1.41019
-0.68503
0.02080
-2.79553
-0.11711
-0.25819
0.03463
-1.00803
-1.39307
-1.30305
0.35864
-2.07288
-1.14471
1.17335
-0.31064
-0.65814
-1.24771
0.61857
-1.00964
-0.70878
-0.77106
-2.15809
-1.52055
-2.41925
1.88531
-1.25071
-0.26630
-0.61551
-1.69527
0.31702
0.31377
-0.75106
-0.88518
-0.99129
-1.56168
-2.03169
-0.81806
-1.20829
1.17140
0.18914
-0.89376
-1.97181
-1.36756
0.71282
-1.18760
-1.01103
-2.16754
-0.81462
-1.99093
-0.39680
-1.55439
-1.08447
-2.89511
-0.61436
-1.24427
-0.96602
-1.16491
-0.76629
-0.38903
-1.79357
-0.29665
-1.48789
-0.57593
-0.22044
-0.53646
-1.21948
0.16838
-0.82101
-1.43289
-1.60937
-0.91759
-0.45695
0.27266
-1.14945
-1.05355
-1.16552
-0.36286
-1.42311
-0.40105
-0.33843
-1.30936
-0.71580
-0.78288
-1.55846
-0.32821
0.16267
-1.29349
-2.18745
-1.28753
-0.17715
-2.28397
-0.74807
-0.72128
-1.44919
1.18943
-0.81611
-0.23242
-1.06062
-1.51798
-1.15742
-0.35320
-0.31365
-1.51594
-1.73437
-1.04905
-0.58463
-1.25731
-1.60928
-1.05695
-1.70647
0.78794
-0.70009
-0.69675
-0.31692
-1.61006
-1.18858
-1.91162
-1.94835
-0.27736
-0.83519
-1.55275
-0.81624
-0.70879
-0.95056
1.20582
-0.74028
-0.92287
-0.71980
-0.79826
0.38076
-1.30814
-0.14819
-1.78790
-0.88503
-0.01689
-1.54612
-2.28157
0.39624
-2.13467
-1.50609
-1.12608
-0.03144
-0.97039
-0.67338
-1.01130
-0.39768
-2.40110
-0.81663
1.30664
-1.61105
0.50683
-1.02126
-0.72386
-2.07593
-2.12304
-1.31852
-0.93557
0.05592
-0.04873
-1.31586
0.35141
-1.20522
-1.16468
-0.77644
0.32597
-1.17646
-1.25909
-1.42389
0.77970
-0.29476
-1.34550
-0.85405
-2.10802
-0.09491
-0.21005
-1.18362
0.05813
-1.95575
-0.32060
0.03564
-0.40659
-1.79180
-1.87520
-1.23598
-0.85441
-1.33704
-1.20626
-1.93922
0.73801
-1.46819
0.58642
-1.04151
-1.01311
-1.15907
-0.76414
-2.34057
-0.66906
-1.63590
0.50620
0.14421
-0.07488
-1.88347
-0.66935
-1.13241
0.05904
-0.31577
-0.40223
0.57855
-0.77386
-1.00125
-2.28232
0.03794
-0.14545
-0.50594
-1.84742
-1.25262
-1.23477
-1.14650
1.39325
-1.53318
-0.53952
-1.63758
-0.59480
-0.99493
-0.53276
-0.92443
0.94469
-0.17071
-2.29768
-1.55787
0.28313
-0.18733
-2.74476
-0.24656
-1.94454
-0.64593
-0.67606
-1.68162
0.57071
-0.98255
0.15423
-1.46325
-1.63100
0.90197
-1.55051
-0.61261
-0.51167
-1.81874
-2.21176
-1.42792
-2.75096
-0.25820
-1.04453
-0.17387
0.85159
-0.49936
-1.83512
-2.72500
-2.45634
-1.72613
-1.52280
-1.34162
-1.03138
-1.38306
-1.17759
-0.97612
-1.44519
1.64394
1.06395
-1.55258
-0.95615
-1.55705
-0.74815
-1.53535
-0.88041
-0.84024
-1.21166
-0.55835
0.21225
-1.78788
-1.76236
-0.18229
-0.38121
-1.36256
-0.87404
-0.41319
-0.78528
-1.09948
-2.21236
-2.75583
-1.92318
0.27377
-2.12223
-1.01640
-0.39698
0.14372
-2.26456
-0.64526
-0.06697
0.48202
-0.24463
-1.36129
-2.26335
-2.16177
-0.74787
-1.47868
0.34949
0.12075
-0.30841
-0.73263
1.90892
-2.20156
-0.21955
-0.99263
0.81889
-0.57580
-1.78473
0.01340
-1.57336
-0.93505
-0.73389
-0.33327
-0.25471
-1.34075
-0.84703
-0.10254
-0.16383
-0.85002
0.30682
-1.99579
0.64976
-0.13470
-1.87339
-1.45576
-0.17314
-0.27101
-1.47551
-1.92686
-1.28280
-1.18752
0.18982
-0.90323
0.22161
-2.59026
-0.82693
-1.81370
-0.13217
-0.72417
0.85058
-1.71110
3.08130
5.17568
-2.00255
-3.35173
0.17211
-2.42155
-0.55203
0.60199
-0.59064
-1.75119
-0.44409
0.52350
-1.62713
-2.05494
0.23929
-1.48135
-0.19780
-0.91971
-1.37578
-0.91202
-1.69933
-1.73406
-1.79946
-0.64089
-2.00487
-1.64719
0.24365
-1.56639
-1.55759
-0.29315
-0.59755
-1.56102
-1.18436
-0.80402
0.15333
-1.11254
-1.31815
0.62925
-1.90676
-0.18399
-3.12912
-1.51930
-0.80685
-2.12086
0.25503
-0.46152
-1.03478
-0.61339
1.15622
-0.98569
-0.12030
0.98768
-1.21891
0.21621
-2.15319
-1.44805
-1.44539
-1.08028
-2.90655
-2.50188
-0.79995
-0.85690
-1.17518
-1.22529
-0.91982
-1.27225
-2.67581
-1.38079
-0.72498
-1.45528
-2.52498
-0.98508
-0.48508
-0.08990
-1.01081
0.89349
-0.88035
0.74330
-2.02889
-1.90122
-1.18822
-0.54303
0.01111
-0.12200
-1.39870
-1.67490
-1.60132
0.52425
-1.90551
-0.34212
-0.97505
-3.03393
-1.80348
-1.66731
-0.97935
-1.01194
0.84353
-0.91707
-1.12881
-0.81298
-1.22339
-0.13082
0.24428
-1.53070
-0.06095
-1.70495
0.06700
-0.99020
-1.48893
-1.68374
-0.50194
-0.62370
-0.56600
-1.40817
-1.18673
-0.54134
-1.77378
-0.00183
-1.13913
-0.50038
-0.40279
-0.10995
-0.89707
-1.72466
-1.19033
-2.28951
-2.03838
-1.37817
-1.02105
1.34282
-1.78140
-0.79101
-1.35332
-0.06891
-0.55003
-0.92490
-1.79751
-1.49307
-1.67242
-1.31945
-0.50749
-0.69121
-0.27265
-1.88686
-1.76151
-0.38869
-0.47611
-0.94318
-0.22625
-0.61182
-1.29019
-1.25031
-0.05396
-1.43769
-0.81443
-3.26379
-2.58306
-1.41078
-2.85414
-0.14902
-0.32436
0.87917
-1.54727
-1.63176
-1.80783
0.29145
1.40475
-1.31086
1.38919
-0.69021
-0.98339
0.74015
-0.67981
-2.08356
-1.48699
-1.72438
-0.59359
0.13573
-1.41011
-0.92627
-0.02626
-0.41900
-0.75534
-1.13628
-0.72710
0.21782
-1.45022
-0.51661
-0.25153
-1.33726
-0.91468
-1.26578
0.36141
-1.27749
-0.07099
-2.91013
-2.88921
-1.96791
-1.55969
