6.60510
2.25430
-1.86363
-2.21631
-3.26568
-0.99934
2.53129
1.76049
-1.23532
3.26109
1.82667
1.54531
8.35951
4.13374
8.65560
6.27157
5.67951
5.57524
7.09922
2.23080
8.17408
6.30818
3.18077
3.11509
2.40158
4.78031
4.87609
4.43161
3.24187
0.14472
7.42953
8.65560
7.26110
3.36245
5.76339
5.73297
4.78650
5.05047
6.41005
-0.30431
-0.51435
4.74874
4.69481
4.92792
-0.10749
5.94895
2.53227
4.40967
1.12075
6.61855
5.28083
3.58133
8.65560
8.65560
-1.54695
2.17840
8.11310
3.21127
7.20635
8.65560
7.90707
8.33123
7.51597
3.30400
1.37169
7.75445
3.48068
8.65560
8.65560
8.65560
3.90795
3.05999
8.65560
6.08176
8.65560
3.61379
4.23606
2.57177
5.47526
4.79932
4.39847
2.83231
6.20424
6.61921
4.84456
7.86294
3.73636
5.80034
4.24239
2.51301
2.94560
4.64648
4.27551
4.34540
7.45001
3.99606
1.92052
1.25657
1.49399
3.02758
4.77816
5.11880
3.47766
-1.22573
0.75897
3.83178
1.44064
-1.25345
5.81413
4.60433
4.34058
7.04431
5.01234
5.74652
5.74721
6.59930
7.14726
0.53194
2.44953
3.03474
7.23946
8.03279
6.00589
4.82455
6.88969
5.91972
5.07760
2.93505
5.73799
6.99211
6.39730
8.65560
2.15168
7.83555
2.73986
8.65560
3.46600
2.40201
6.35118
3.42583
5.03356
4.96702
3.45948
7.63010
2.08651
8.40804
0.42422
3.46541
0.48946
6.10211
4.48958
5.54601
5.56613
8.65560
8.65560
7.34594
3.50144
6.58274
7.05084
5.89572
1.27658
4.37757
6.76977
8.65560
2.87590
7.25622
3.11976
2.34812
-0.13141
8.65560
7.29046
6.26528
3.59334
4.69538
5.50738
5.26189
3.50563
4.49755
1.97520
2.99314
2.24923
1.33800
-0.11287
0.53666
6.48668
1.73921
-1.44429
