-4.10208
-0.22084
-2.47221
-1.62056
-0.45866
-1.60273
-0.11194
-3.62046
-1.75693
-2.16626
-3.96683
-3.15285
-3.12756
-4.41183
-1.15472
-2.47065
-3.44112
-4.21874
-3.69265
-1.02430
-3.55137
-1.71472
-4.03862
-4.04585
-2.00833
-2.26095
-2.45229
-3.10903
-0.98827
-4.47187
-2.78228
-4.26556
-4.89355
-5.10629
-4.93356
-2.92868
-5.18820
-3.51517
0.78788
-4.96254
-1.35084
-4.15224
-0.82728
-2.08585
-2.23934
-1.48167
-2.59322
-1.39576
-3.12664
-3.47530
-3.50042
-4.09123
-3.46874
-2.29609
-2.68079
-3.56609
-1.78904
-1.92893
-3.50648
-1.09948
-2.77906
-1.19068
-4.48282
-5.06562
-2.18613
-4.44261
-5.08697
-4.65518
-3.27253
-2.09586
-2.36505
-4.69562
-4.58886
-0.88200
-4.20575
-1.63737
-3.29018
-3.05748
-5.14014
-3.70291
-2.92582
-0.58048
-3.09435
-1.81507
-2.35840
-0.30462
-4.20083
-3.51911
-2.83149
-1.12249
-4.37868
-2.31805
-1.30780
0.81708
-0.01952
-2.00096
-1.01917
-0.32073
-1.83141
-0.81572
-0.71889
-3.94912
-3.97166
-5.15461
-3.79455
-3.44751
-1.83434
-5.14328
-3.68668
-2.78983
-1.59283
-4.91724
-0.93173
0.64273
-2.30371
-4.11271
-3.85309
-1.66686
-0.38272
-3.92947
0.48762
-4.90350
-5.27317
-5.14951
-1.18611
-1.74875
-2.77151
-3.01535
-1.85362
-0.85650
-1.62707
-4.51111
-2.94957
-4.27538
-1.95516
-1.94358
-4.99260
-2.38702
-4.52993
-1.50018
-1.45838
-1.27706
-5.20124
-3.00409
-3.12932
-3.90505
-3.20044
-1.17780
-4.27090
0.68102
-3.29628
-3.85353
-1.33782
-1.77736
-4.20216
-4.16562
-2.54268
-2.45147
-4.40452
-4.49560
-4.24774
-5.28032
-3.86505
-4.31223
-1.66413
-4.03428
-0.01412
-2.42069
0.42302
-1.55244
-2.35698
-0.90258
-2.56696
-1.96947
-5.21157
-3.11266
-3.33695
-0.17809
-2.33332
-2.24592
-4.02736
-4.04540
-1.62269
-1.50814
