-1.26544
-5.88695
-4.10208
-3.19308
-3.78954
-0.91356
-2.05557
-2.24136
0.54605
-0.22084
-3.68126
-2.47221
-1.76009
-1.55861
-1.62056
-1.02517
-1.48450
-0.93810
-2.19306
-2.37729
-1.02776
-0.45866
-1.60273
-2.11307
-4.42819
-1.62253
-3.47348
-0.45913
-0.40359
-1.29857
-3.76444
-3.14012
-2.70891
-0.11194
-3.84896
-3.22845
-3.62046
-1.60072
-3.22181
-2.79466
-2.72508
-1.75693
-4.44872
-1.90162
-2.70876
-4.00207
-4.10050
-3.65321
-1.18125
-4.39680
-2.43907
-2.16626
-4.05007
-3.96683
-3.68978
-4.28837
-4.23522
-4.42089
-2.54258
-1.77569
-3.10095
-3.96648
-0.19001
-4.15606
-0.58272
-0.12169
-5.55115
-3.15285
-2.96814
-0.85499
-4.48534
-4.02822
-3.12756
-1.74464
-2.27698
-2.08879
-3.59603
-4.41183
-3.74646
-3.10330
-2.59249
-1.15472
-2.00878
-5.22024
-4.49185
-4.26422
-1.89749
-2.47065
-1.91728
-0.43311
-2.41279
-2.12062
-3.44112
-4.21874
-4.18703
-2.62362
-2.61194
-4.18849
-3.30039
-3.91362
-4.21771
-3.51347
-4.65683
-3.37744
-3.69265
-1.02430
-2.67802
-3.40288
-3.63192
-1.94762
-3.55137
-6.00915
-2.55285
-3.62204
-1.72863
-3.04262
-2.79511
-3.27405
-1.71472
-2.84431
-4.03862
-4.94367
-4.29037
-1.49930
-3.96304
-3.12549
-3.82549
-4.04585
-2.53657
-1.06739
-4.09685
-4.42256
-3.04951
-2.00833
-3.17234
-2.98813
-5.68140
-4.03268
-3.03462
-2.26095
-2.45229
-2.84327
-3.10903
-3.62417
-2.69831
-0.88425
-2.20367
-3.37154
-1.33821
-3.28882
-3.49202
-4.18715
-0.98827
-3.98140
-4.95601
-3.24833
1.20242
-4.47187
-4.33503
-2.93211
-2.78228
-4.34625
-2.44612
-4.94122
-1.94247
-2.27946
-4.26556
-3.52173
-1.79868
-5.47655
-2.85444
-1.90537
-2.05663
-3.01042
-3.82579
-4.89355
-1.19066
-4.42172
-3.81854
-4.91558
-5.10629
-4.93356
-2.67001
-2.21890
-3.65004
-0.20493
-2.92868
-2.86457
-1.03582
-2.66062
-1.73561
-3.08708
-1.43667
-1.03897
-2.07613
-4.32862
-0.91392
0.07627
-5.18820
-3.48711
-2.92474
-3.51517
-0.95471
-4.19488
-3.12462
-3.96231
1.00333
-2.28738
0.78788
-3.37344
-4.96254
-2.69192
-1.35084
-3.67139
-3.10991
-6.20682
-1.69135
-3.65147
-2.09706
-1.09941
-1.40632
-3.85691
-4.15224
-3.22044
-4.31984
-2.40516
-4.39089
-3.90914
-3.95976
-0.82728
-2.80729
-3.13632
-2.68732
-3.42022
-1.18940
-0.13713
-3.60968
-1.51951
-3.72191
-0.52874
-2.08585
-5.77317
-4.20038
-2.01330
-1.31956
-2.23934
-2.27414
-5.24502
-3.03705
-1.48167
-0.98171
-1.09185
-2.59322
-4.29368
-1.11953
-1.93948
-3.38189
-2.64240
-1.39576
-4.09137
-3.31559
-1.53448
-3.12664
-3.51972
-0.11366
-3.14555
-2.69450
-0.93143
-3.47530
-1.19956
-3.83819
-3.70276
-1.09587
-3.69737
-0.86083
-3.50042
-4.09123
-3.86807
-4.79187
-2.52864
-3.46874
-1.78586
-1.63191
-4.13358
-2.94339
0.12329
-2.79431
-2.04519
-2.15015
-2.29609
-3.07457
-3.60251
-1.22896
-4.83140
-1.18017
-2.68079
-4.28978
-3.56609
-4.53968
-6.02968
-1.78904
-1.92893
-4.62553
-2.30950
-4.02806
-1.53068
-3.31826
-2.07479
0.50185
-2.32579
-0.76127
-3.51467
-1.02511
-3.50648
-4.00764
-5.12066
-1.09948
-3.22762
-2.20473
-1.59386
-1.41958
-1.40811
-3.19701
-0.35228
-3.37103
-3.46294
-3.38216
-2.77906
-5.13535
-3.84219
-1.19068
-4.28801
-3.96774
-3.00477
-1.14842
-4.48282
-3.78133
-3.35761
-3.81727
-1.62495
-2.56683
-2.93907
-4.23877
-2.07966
-3.27095
-5.06562
-2.18613
-4.54232
-3.78161
-3.64770
-3.53076
-2.76563
-1.67915
-4.44261
-3.01466
-4.33587
-2.70688
-2.11584
-0.86310
-2.08805
-5.08697
-2.77670
-4.65518
-3.39581
-2.10282
-3.66840
-3.70914
-3.60541
-3.69124
-4.61995
-3.27253
-2.09586
-2.01444
-2.79088
-2.98738
-1.75882
-2.69943
-2.79125
-2.37083
-3.26844
-2.89688
-3.97105
-5.22070
-2.76470
-2.36505
-5.33552
-4.23565
-3.85001
-0.68664
-4.69562
-1.57095
-3.09726
-2.38473
-3.86728
-2.36246
-4.58886
-2.87118
-2.04675
-0.88200
-4.06531
-1.60559
-1.85008
-3.57212
-4.20575
-1.63737
-3.98652
-4.20640
1.13340
-1.43348
-4.06465
-2.10063
-2.28168
-2.79892
-3.29018
-3.05748
-2.13337
-4.33535
-2.22238
-2.38032
-1.13495
-3.46187
-3.01347
-3.75600
-2.40608
-5.14014
-1.80623
-1.84783
-2.72614
-2.81190
-3.70291
-2.92582
-1.75946
-0.85851
-0.66703
-1.91028
-2.91851
-3.57374
-0.58048
-3.46042
-4.97751
-3.09435
-2.56346
-4.48344
-1.81507
-2.42433
-3.28862
-2.33724
-0.91419
-0.96917
-1.47870
1.90620
-3.91678
-1.79379
-4.73130
-2.31618
-3.68763
-2.53923
-2.35840
-5.25942
-0.30462
-4.20083
-4.63610
-3.51911
-1.18665
-2.78855
-6.02409
-3.21530
-2.94971
-0.80907
-1.31669
-1.48970
-0.51256
-1.20768
-3.78952
-4.62599
-3.02286
-2.13290
-2.83149
-2.46792
-1.12249
-2.19332
-3.79828
-2.97152
-2.75730
-4.37868
-5.23136
-1.52378
-2.98287
-2.94031
-1.98220
-4.70076
-1.37827
-2.50442
-2.86390
0.10571
-2.00115
-3.46470
-2.51474
-3.89457
-2.60849
-1.81397
-2.62727
-1.65457
-2.20905
-3.63184
-1.96900
-2.31805
-4.20764
-5.04418
-2.75515
-1.30780
-4.79164
-4.75539
-3.98754
0.81708
-3.00695
-3.38221
-3.22951
-2.54438
-2.10384
-0.01952
-2.00096
-2.60803
-2.72856
-3.77076
-3.33169
-1.01917
-3.47640
-3.36293
-2.47797
-2.09797
-0.32073
-3.65217
-2.65406
-2.80837
-1.44625
-1.98476
-1.83141
-3.83483
-3.08117
-0.81572
-0.71889
-2.97236
-4.84745
-3.36900
1.69544
-4.16825
-3.90191
-3.40978
-4.10556
-1.60780
-4.91031
1.72447
-2.78642
-1.11888
-3.96462
-1.17284
-3.94912
-5.22312
-3.97166
-2.68542
-4.59324
-1.69074
-1.32648
-5.15461
-3.79455
-3.89072
-3.40947
-4.44994
-3.73748
0.60754
-3.44751
-4.71063
-1.11969
-3.77641
-3.96946
-3.05803
-1.83434
-4.66651
-2.51208
-0.22862
-1.88316
-4.71078
-3.20844
-4.12764
-0.20117
-4.29832
-1.14116
-3.87125
-5.14328
-3.68668
-4.53210
-2.73218
-4.74204
-2.78983
-3.37023
-6.00393
-3.47636
-3.75610
-1.59283
-2.94189
-4.63938
-3.13998
-4.91724
-0.93173
-4.35879
-2.40328
-3.85964
0.20305
-1.71659
0.64273
-3.04906
-3.74858
-3.05642
-3.36794
-2.96507
-3.72647
-5.33138
0.26210
-2.30371
-4.28433
-4.73202
-4.11271
-3.85309
-3.25021
-2.97546
-0.33455
-3.70686
-2.84021
-4.80407
-1.42652
-2.04761
-1.66686
-2.86164
-0.38272
-5.56324
-0.18688
-3.32404
-5.41980
-4.12050
-0.32917
-2.84887
-1.27985
-2.15869
-3.50630
-3.82773
-2.32972
-3.69326
-4.13562
-3.92947
0.48762
-5.13681
-3.26238
-3.11018
-4.02047
-3.12362
-4.90350
-5.27317
-3.56806
-2.26550
-2.69549
-3.73412
-0.51585
-2.54937
-5.07518
-1.38939
-4.28527
-5.14951
-1.18611
-2.92469
-4.38034
-1.48914
-4.43369
-3.50663
-1.74875
-4.10815
-5.08461
-4.32189
-2.30558
-3.92429
-2.77151
-1.87155
-2.86086
-4.08580
-1.45687
-3.01535
-3.48791
-0.61145
-2.03282
-0.59797
-0.97289
-2.05306
-3.49316
-2.56244
-1.85362
-1.91016
-2.84755
-0.88794
-3.01932
-5.15768
-1.16464
-4.00776
-2.23209
-2.84085
-0.85650
-2.92714
-3.60983
-0.66682
-1.62707
-4.93762
-2.92490
-1.09013
-3.13032
-4.34690
-4.18559
-0.70079
-1.73113
-4.51111
-2.94957
-2.59660
-4.44047
-4.27538
-4.65308
-1.95516
-1.45936
-1.87858
-1.79325
-4.48330
-4.26291
-1.51665
-1.94358
-4.67016
-3.83403
-1.58839
-3.66869
-0.64761
-2.86486
-2.81693
-3.93755
-2.81856
-1.51768
-1.75761
-1.19817
-3.77635
-5.74900
-1.33219
-1.87300
-4.99260
-3.47561
-2.38702
-3.57407
-0.78572
-2.02588
-2.39881
-5.12766
-3.42281
-2.21744
-4.52993
-4.83127
-1.50018
-2.25577
-1.45838
-4.43803
0.89429
-2.89766
-1.32644
-3.99144
-3.76209
-2.38432
-1.27706
-5.20124
-4.89942
-3.00409
-3.23312
-4.62722
-4.33886
-1.95609
0.15088
-3.13809
-1.52811
-2.21793
-1.69694
-4.68891
-0.02435
-0.65099
-4.17480
-3.12932
-3.90505
-2.89210
-2.59551
1.27007
-3.07818
-2.16219
-3.71386
-3.20044
-2.13640
-1.17780
-1.60268
-2.58924
-3.72456
-4.27090
-4.78956
-2.86654
0.68102
-4.69330
-2.93565
-3.20213
-3.29625
-4.27747
-1.55353
-0.24056
-0.66523
-2.77300
-3.61488
-4.62625
-3.55922
-3.29628
-3.85353
-5.56635
-3.76849
-1.33782
-0.98915
-4.91947
-3.23116
-4.35143
-3.32705
-3.35233
-3.93781
-2.87186
-3.66512
-1.77736
-0.93480
-4.29070
-3.44011
-4.32645
-2.71930
-4.20216
-4.63728
-4.16562
-3.59953
-2.54268
-2.88678
-2.20687
-4.67478
-3.76477
-4.30545
-3.29107
-1.44956
-4.15247
-2.44509
-2.45147
-3.93621
-4.52291
-3.25136
-1.92224
-2.91695
-0.38717
2.58678
-4.40452
-4.49560
-4.24774
-2.58976
-3.76754
-1.79098
-2.50932
-1.86732
-5.28032
-1.84502
-2.64539
-4.76794
-2.65485
-3.81210
-5.15075
-1.39809
-4.35101
-3.86505
-5.36452
-2.68810
-4.31223
-5.10361
-3.35157
-1.66413
-2.91490
-2.08603
-2.30965
-2.98266
-2.82494
-1.20410
1.07138
-1.49589
-4.84414
-1.05256
-0.77365
-4.61661
-3.53801
-4.12671
-4.03428
-4.37903
-1.44017
-1.40980
-0.01412
-6.08304
-4.76326
-3.70415
-2.20175
-3.26344
-4.08535
-1.92639
-2.40444
-2.51629
-2.42069
-3.82602
-2.97812
-2.88505
-2.81083
0.42302
-4.26886
-4.15342
-2.51098
-3.02634
-5.95408
-1.48254
-1.55244
-3.37206
-2.35698
-2.67711
-4.59113
0.87564
-4.51010
-2.47150
-0.90258
-5.42779
-3.13303
-1.52407
-0.94947
-1.94690
-1.11163
-3.02793
-1.90091
-2.56696
-5.18379
-2.03236
-2.17987
-3.28491
-1.96947
-2.33703
-3.13525
-3.53150
-5.21157
-2.82778
-3.11266
-3.49143
-2.74528
-3.33695
-4.60873
-3.19134
-4.69017
-5.09989
-2.87898
-2.46976
-0.17809
-2.33332
-5.49176
-3.68087
-4.05356
-3.03622
-1.31254
-3.41417
-3.52338
-2.50994
-2.65824
-2.22397
-1.80725
-4.63055
-3.24766
-1.97879
-3.49217
-1.55886
-3.60610
-2.24592
-4.02736
-4.04540
-1.96872
-4.00093
-1.62269
-1.79937
-3.10276
-2.08547
-4.26679
-1.38360
-0.68071
-5.19537
-4.65951
-2.57965
-0.87693
-1.36089
-1.31487
-5.58287
-1.50814
-3.47100
