-0.67479
-1.68032
-1.07796
-2.19761
-1.97433
-1.90080
-0.21363
-0.19489
-2.19807
-3.13714
-2.68670
-2.23078
-1.56576
-1.22572
-1.38441
-0.16562
-2.31770
-0.12430
0.72912
1.25371
-0.80983
-2.05494
-0.29801
-0.84940
-2.09504
-0.19039
-0.06940
-0.69350
-0.43126
-0.72983
-1.24362
-1.24118
-0.96178
-0.79693
-0.02115
-1.79520
-0.08573
-1.97781
-0.54279
-2.55288
-0.37821
-2.01870
-0.82100
-1.13643
-0.46590
-0.93750
-1.92813
-2.15483
-0.41290
-2.63392
-2.79041
0.21975
-1.06862
-0.81591
-1.22578
-1.41550
-1.66465
0.39483
-1.39229
0.78230
0.38968
0.29538
-0.16748
-1.17945
0.18807
-1.78006
-2.53133
-0.94006
-1.43030
-1.30412
-0.87687
-0.05780
-1.20958
-0.58783
-1.79122
-0.59007
-2.83253
-0.68148
-2.30380
-0.19444
-0.82638
-1.72503
-0.20466
-2.56086
-0.12404
-1.76388
-2.47543
0.68349
0.50395
0.74413
-0.58623
0.18495
-0.08051
-0.55619
-0.81303
0.08564
-0.00040
-0.49196
-1.05162
-1.40286
-2.15498
-0.58869
-2.63431
-0.83874
-2.99612
-1.71364
-2.17791
-1.51123
-2.86055
-2.52616
0.46291
-2.37741
-1.18251
-0.53668
0.13497
-2.49959
-2.07880
-2.71963
-2.20932
-0.68191
-1.33091
-0.59694
-0.16266
0.22397
-0.88940
-1.90674
-1.45972
-0.65742
-1.91540
-0.43571
-0.25206
0.08924
-0.20429
-1.16000
-1.48941
-2.71227
-0.92044
-0.97441
-1.25975
-0.50689
-1.11754
-0.37777
-0.78727
-1.90439
0.71900
-2.40743
-0.08892
-0.53109
-0.12101
-2.53786
-2.52841
-1.72620
-2.03170
-2.42439
-0.60440
-0.02785
-0.32679
-0.79548
1.07521
0.64650
-1.31659
0.78236
0.54482
0.35429
-2.27849
-0.85598
-3.28046
-1.33845
-1.43976
2.04593
0.22509
-1.14351
-0.21136
-0.62164
-1.28943
