-0.34771
-1.09776
-1.03496
-0.83757
-2.85611
-0.51259
-1.39511
-1.17385
-0.29277
-0.95030
-2.55211
-0.60227
-1.15914
-3.53661
1.42020
-1.67585
-0.20082
-1.83582
-0.42862
0.07782
-2.35044
0.39829
-1.16295
-1.46880
-1.30160
-2.80572
-1.24819
-0.10675
0.53363
-0.28165
-1.46928
-1.84659
-1.38748
-1.05877
-1.51617
0.24778
-2.03202
-0.49607
-2.41063
-1.20677
0.29356
-0.87306
-1.70849
-1.16292
-1.68556
0.00467
1.93035
-0.77091
-0.34644
-0.83737
-0.65429
-0.74127
-1.29213
-0.95162
-1.85582
-1.67742
-1.09895
-1.43806
-0.83612
-0.49024
-0.62135
-0.81484
-0.49384
-0.56420
-1.15949
-1.91164
-1.85766
-1.02106
-0.19339
-0.71168
-2.04078
-0.28040
-1.80686
-2.64546
-2.92807
-1.45294
-0.79021
-0.26145
-0.63848
1.03323
-2.16852
-1.04044
-0.51820
-1.68193
-1.36080
-0.84740
-1.47939
-1.52035
-0.69337
-0.84020
-0.87978
-1.27260
-1.72709
-1.33075
0.91430
-0.23524
0.55638
-0.68466
0.15100
-2.27503
-0.18327
-1.43629
-0.85913
-1.60453
-0.01686
-1.70442
2.32956
-1.41772
-0.08184
-1.59852
-1.58005
-0.97228
0.25360
-0.83950
-2.55872
-0.28313
-1.81403
-1.51366
-0.13937
-0.97242
-1.33514
1.05834
-0.06465
-1.59363
-1.57657
-2.61366
-1.84466
-1.36223
-2.38788
-0.77532
-2.06040
-0.19290
-2.04884
0.20934
-1.99994
-1.44500
-2.47950
-2.03207
0.57233
0.60972
-0.54642
-1.36839
-0.26679
-1.06792
-0.44792
-0.78882
-0.19609
-0.29123
-0.65235
-1.76466
0.35800
-0.86963
-1.44327
-0.65164
-0.82925
-0.42820
-0.37654
0.70477
-2.97550
-0.69673
-1.25838
-0.42196
-2.60698
0.19320
1.87385
-0.34393
-1.14978
1.07047
-1.58848
-1.28272
-0.10069
-2.90880
-1.27380
-0.72414
-2.12887
-1.94045
-1.24710
-2.34549
-1.64956
-1.59522
0.87500
-1.76960
-0.36183
-0.58483
-1.82843
-2.02309
0.33442
-0.90155
-0.76609
0.08382
-0.69704
-0.19926
-1.37993
0.76961
-0.58042
-0.64736
-1.68420
-0.27368
-0.36369
-1.41782
-1.81950
0.45862
0.13640
-1.87122
-2.33945
-1.96344
-0.51369
-1.09062
-2.28274
-0.98228
-2.51612
-0.24592
-1.07406
-0.46307
-1.60228
-1.20981
-1.90902
-1.17357
-1.92657
0.18437
-0.82963
-2.78734
-1.50376
-1.75728
-0.42888
-2.91995
0.46015
-0.61228
0.15331
-0.66245
-1.91873
0.36278
-1.51767
-1.43465
-0.69626
0.31811
-1.13831
-0.32924
-3.01559
-0.57420
-1.20133
-2.90885
-0.85278
-1.91147
-1.57077
-1.71837
-3.70962
1.80328
-3.64146
1.37914
-0.41798
3.23385
-0.54171
0.30580
1.45708
2.44213
-1.95246
-1.82132
-0.96447
-0.96799
-0.57258
-1.82459
-2.39143
-0.27209
-0.45614
-0.42498
-2.10125
-0.20214
-1.56331
-1.65167
-1.18014
-1.16495
-1.94495
-0.68909
-1.68215
-1.24429
-2.73048
-0.12296
-0.33763
-1.96138
-1.53724
-0.53311
-0.45291
-2.42797
-1.20960
0.54553
-0.21330
0.09781
-0.62903
-1.00952
-0.74443
-1.92490
1.34400
-0.49700
-0.41611
-0.59159
-3.07920
-2.32786
-1.62392
-0.18720
-1.26395
-0.62227
-0.62351
-1.37456
-1.77178
0.12912
-0.87150
-1.49768
-1.30676
0.11489
-0.77062
-0.93310
-0.98864
-0.52051
-1.59124
-0.55772
-1.08584
-0.96739
-0.42964
-1.75329
-0.72379
-1.92006
0.23851
-1.63178
-2.02776
-1.05023
-0.23762
-0.55111
-0.32855
-0.22536
-1.32611
-1.00992
0.47080
-0.95221
0.15147
1.01528
2.46559
0.76216
-1.17165
-2.17529
0.29257
-0.30199
-2.09613
-0.36900
0.42865
-0.67150
-0.78211
-1.64039
-2.47203
-1.52882
-0.40306
-0.53148
-0.78789
-1.28119
-1.71129
-0.22462
-0.96281
0.81938
-1.08413
-1.21547
-2.29290
-2.75698
0.14018
-2.66998
-0.10202
-2.87220
-1.36445
0.06992
-0.58055
-2.10324
-2.09408
-1.90839
0.01673
-0.82554
0.56152
-0.69247
-0.58189
-1.75118
-1.16862
-2.37927
2.10129
-2.61640
-1.25592
-2.19223
0.33996
-2.02398
-1.13918
-0.90582
0.45967
-0.03850
-0.70476
-1.30128
-2.04966
-1.09186
1.55360
-0.90363
-0.62760
-2.20644
-0.28018
-0.15602
-2.07540
-0.86521
1.29383
-1.95262
-4.43174
-1.09418
-1.27787
-0.47178
-2.34495
-3.05427
-1.18491
-1.43254
-1.87950
-1.96782
0.32835
-2.00378
-1.69699
-1.79611
-1.79787
-2.17099
-1.86399
-0.79534
-0.68599
-1.78481
-1.92241
-0.75182
-1.10902
-0.80533
-2.05367
0.39365
-1.84357
-0.76337
-0.50852
-0.48800
-1.52768
-1.91898
-0.82762
-0.67138
-3.07400
-0.16606
-2.95636
-2.12231
-0.97560
1.44176
-2.32394
0.70479
0.27316
-0.10576
-1.37752
-2.09178
-0.92124
-1.57376
-0.27319
-0.30381
-2.37312
-0.76403
-1.39610
-0.45981
-2.34723
-1.00031
-1.33509
-1.84973
-1.06248
-1.61300
-0.87449
-1.27151
-1.46802
1.11774
-0.90849
-0.82615
-0.42729
-1.17799
-0.89460
-1.45605
0.25137
-0.47702
-1.11663
-0.89988
-0.84745
-2.26555
-2.04952
-0.10747
-0.26272
-3.50353
-0.87140
-1.36513
-0.57018
0.20211
-2.70114
-2.71398
0.21233
-2.15336
-1.59871
-0.70124
-0.62189
-1.10639
0.06191
-0.46272
-0.76062
0.09302
-1.84716
-1.82762
-0.03998
-4.04973
4.29143
2.47069
-1.51386
-0.46294
-0.26821
-1.69774
0.45711
-0.25660
-3.33548
-1.82066
-0.24748
-0.50047
-0.94761
-1.93928
-0.50652
-0.62581
0.23961
-2.29844
-0.46114
0.53497
-0.25868
-0.93680
-0.59403
-1.27878
-1.15804
-0.74040
-2.37646
-3.80513
-2.95868
-3.54597
-0.41696
-0.42499
-1.28214
-0.66241
0.75930
0.26490
-0.29191
-1.64698
-0.97717
-2.06035
1.74040
-2.25818
0.26484
-3.51183
0.72393
-0.33323
-0.22952
-0.70172
-1.52744
-1.70551
-2.04529
-0.17803
0.30017
-0.99770
-1.97270
-0.40075
-0.32205
-1.43651
-0.16669
0.73993
-0.13849
0.27208
-2.18687
-1.48128
-1.79973
1.04967
-1.16257
-2.18769
-1.94567
-2.29178
-1.30883
-0.23153
-0.33978
-0.26497
0.94364
0.41065
-0.39196
0.63271
-0.26741
0.54851
-2.19886
-1.76394
-1.17428
-0.01487
-0.29677
-0.72194
-0.39626
-0.77574
-2.27561
-0.75014
-0.43692
0.15366
0.40303
-2.45460
-0.04228
-0.46538
-0.37408
-0.72992
-1.31499
-0.84943
-2.32473
-0.69719
-2.26928
-2.45600
-1.89905
-1.46165
-1.09079
0.03405
-0.88449
-2.71903
-0.78317
-2.22653
0.42847
-2.04818
-2.18346
0.16062
-2.93787
-1.79787
0.89863
-2.90734
-1.51084
-1.54789
0.42184
-0.39989
-2.40235
-1.16411
-0.16006
-0.97756
-0.03935
-2.82111
0.31690
0.56581
-0.79093
-2.13878
-1.00458
-2.62969
-1.28088
-0.18869
-2.63011
-0.66862
-0.64264
-0.99394
-1.41607
-0.77251
-1.01195
-1.93848
-0.48317
-1.66198
-0.11749
-1.35367
-1.18991
-1.16005
-1.23539
-1.84165
-0.58688
-1.70979
-2.63834
-0.14477
-0.07175
-0.65352
0.07496
-1.69221
-0.87910
-0.06971
-1.91598
-2.19084
-3.23331
-1.44311
-0.87452
0.70715
-1.31901
-1.91663
0.91456
-1.76945
-2.51085
-2.03621
0.17524
-1.55729
0.30165
-1.68727
-2.53194
-0.95497
-0.19470
-0.91887
-0.89030
-2.35891
-0.35768
-1.24371
-0.93745
0.61973
-2.22975
-1.95952
-0.08850
-1.57497
-1.48207
0.03522
-0.58368
-1.81087
-0.33216
-1.99152
-0.98614
-3.59875
-1.26459
-1.48106
-2.09699
-0.99441
-1.86641
-1.05590
-0.59627
0.32617
0.52979
-0.87542
-1.85083
-1.63223
-0.46169
3.06537
-2.41405
-3.07369
-1.63002
1.53487
-1.77424
-0.40873
-0.24520
-0.78076
0.57192
-0.70648
0.50569
0.17995
-0.44291
-0.61482
-0.27003
-0.44670
-0.66586
-0.32647
-1.57637
-1.56596
-0.26048
-1.20179
-3.12403
1.47990
0.13173
-2.79107
-1.51468
-0.96662
-1.67425
-0.82435
-0.80095
-1.60552
-1.25360
-0.49914
-1.03916
-1.59483
0.07727
-2.58664
-3.01050
-1.03365
-0.20559
-1.42692
-1.98243
1.65151
-2.13752
-1.07961
0.04553
0.35412
-1.08696
0.19656
0.84957
-1.38215
-0.59986
-0.61719
-1.05537
-3.54003
-3.24582
1.06953
-2.92127
-1.51761
-1.76319
-0.88523
-0.43943
-0.09921
-2.11383
-0.57200
-2.25067
-1.61467
-0.93877
-0.85910
-1.69576
-0.08179
0.40474
-0.31746
1.11924
0.96732
-1.55753
-3.25896
-0.71275
-0.33337
-1.42120
0.43088
0.41856
-2.12455
-2.65561
-1.64410
-2.19702
-0.54580
-2.59228
0.36124
-0.62062
0.47139
-2.14449
-1.16840
-1.31180
-1.82894
-1.53763
-1.57819
-1.86325
1.12862
-2.19075
-1.54164
0.25510
-1.82074
-1.91332
