1.61299
2.35088
0.10915
3.25233
-1.06538
-0.07763
2.88799
1.29662
1.83807
0.02505
1.69841
1.13059
0.82263
0.22329
0.87894
0.53779
1.17090
-0.59585
0.56304
3.14672
-0.38063
-0.30143
-0.35961
0.58232
1.08400
0.11876
-1.43281
0.20530
0.11090
2.65397
2.10244
1.68863
1.03246
1.69680
-0.41065
-1.46461
0.28551
0.19795
2.19012
1.34935
-0.58239
-0.27619
-1.32805
0.13822
0.58192
-0.39190
0.55883
3.29574
0.24249
4.08788
0.91524
1.52189
0.86859
0.66380
-0.80179
0.27977
-2.57363
-1.07092
0.98369
-0.52796
1.48997
1.90756
0.32930
1.19589
-0.01932
-1.11395
0.99214
0.77110
-0.03629
0.35788
-0.71673
0.68794
1.32054
0.10862
-0.31727
0.54745
-1.47968
0.57855
-0.46172
0.10995
-0.19192
-1.61301
0.28050
-0.93918
0.51696
0.02317
2.10812
1.81648
2.04925
1.56140
0.52429
1.07326
1.23656
3.81429
1.53093
0.55609
0.56909
0.24179
1.19165
1.33368
2.50133
-0.01300
2.04520
-1.71838
0.80348
0.43567
-0.69805
0.12981
1.02678
-1.80275
0.98323
0.88720
1.72989
1.91972
-0.49556
-0.14471
0.89951
0.72875
1.73864
-0.19561
-0.84505
1.07353
3.82820
1.54801
-0.45915
0.64233
0.73338
-0.02063
1.05641
1.79211
1.77838
0.76012
-0.80747
-1.45408
1.27648
3.13798
-0.75004
1.13697
0.15860
1.04935
-1.75703
2.12023
-0.92061
0.39104
0.58136
0.18736
2.01831
0.96684
0.49048
0.02934
0.95291
1.14423
-0.35226
2.22859
4.81586
2.53156
0.76422
1.35091
1.48602
2.07433
1.03361
1.19283
-1.38749
2.02447
0.01116
1.91470
-0.12173
-2.29895
0.02337
-0.38498
0.33494
2.72456
0.03099
1.65355
0.47816
0.12769
0.93721
0.28772
0.90586
-3.34433
-0.26320
0.44151
1.34465
-0.04692
1.69826
1.54641
-2.13754
-1.26989
2.14716
-0.20593
3.87142
1.02766
3.16165
2.02488
0.85754
-0.55203
1.60524
0.07995
0.45695
0.08652
