-2.98831
-4.03801
-2.76200
-2.92859
-4.49587
-3.88585
-3.93043
-3.78757
-4.07770
-4.35866
-1.52313
-4.32271
-1.85260
-3.16546
-3.92805
-3.24658
-3.93159
-3.65825
-1.72132
-3.63307
-0.39259
-4.89198
-1.43292
-4.78968
-2.70684
-3.35012
-3.34132
-3.16025
-1.17584
-1.60469
-3.13671
-2.51095
-2.66732
-3.00052
-4.97344
-3.72571
-4.38345
-4.54135
-3.75909
-4.33549
-4.69335
-4.79519
-4.24634
-1.28896
-3.99773
-4.38171
-3.50369
-3.65388
-4.77188
-3.65055
-4.32742
-2.24700
-3.43049
-1.42358
0.95851
-3.19077
-3.48914
-3.86484
-4.68186
-2.62784
-2.57702
-1.58738
-3.96745
-4.57460
-2.61696
-4.63588
-4.76126
-3.64689
-0.76618
-3.64204
-2.85453
-4.10054
-1.78748
-1.03819
-3.12548
-5.08198
-4.19053
-3.83539
-4.57390
-3.03171
-3.92447
-5.24827
-3.63335
-0.61240
-2.15155
-2.50810
-4.38877
-4.00162
-1.59623
-3.39332
-4.67568
-4.69979
-4.64601
-1.57384
-1.57056
-3.23255
-3.87088
-4.36006
-4.25835
-4.16124
-1.29446
-2.24542
-1.55621
-2.04370
-6.07558
-3.38354
-5.56160
-3.14464
-2.48856
-2.46421
-4.00320
-4.72542
-4.87664
-5.28288
-3.53168
-4.66829
-1.63308
-4.15339
-4.69128
-3.60263
-3.27027
-4.17689
-2.81760
-3.72507
-2.28474
-3.41069
-3.97154
-2.33827
-2.20358
-2.84778
-1.96530
-3.68571
-5.58508
-6.25098
-2.31370
-0.75155
-3.13743
-3.34192
-2.28552
-1.24911
-4.08767
-2.04703
-2.18905
-2.74098
-2.73872
-3.28697
-3.16950
-3.05548
-4.19653
-4.20155
-5.73865
-2.11886
-5.05883
-4.07014
-2.32119
-1.42836
-5.22544
-1.40731
-2.19715
-1.40691
1.70409
-3.36824
-2.63681
-4.28789
-2.24064
-2.29168
-4.78382
-4.38821
-3.37363
-1.13721
-3.09586
-2.67377
-1.53455
-2.98008
-1.35672
-2.84736
-5.62381
-4.71987
-4.49777
-4.03966
-2.83248
-2.16846
-3.16209
-2.75567
-3.33720
-1.44612
-3.44285
-3.81129
-4.11308
-0.60802
-1.98650
-4.91616
-3.48190
-3.35404
-2.44416
-2.87601
-3.77492
-4.23856
-3.72843
-2.30125
-3.81547
-2.51392
-4.37339
-3.69669
-4.96191
-4.50527
-2.85696
-5.37260
-3.20422
-3.76122
-3.90360
-2.63054
-3.86413
-4.09172
-2.25341
-5.70149
-4.15680
-3.08854
-1.63469
-4.33820
-4.82978
-4.33411
-2.91116
-5.69447
-4.92375
-2.39505
-3.94856
-2.29804
-1.65705
-4.02346
-2.34077
-4.23984
-2.57881
-2.93736
-1.79131
-2.64733
-3.80968
-3.21839
-4.27515
-4.33794
-2.12159
-4.68298
-4.10741
-3.33938
-2.01804
-2.24716
-2.44966
-2.40186
-4.29175
-5.24766
-4.85176
-4.27465
-4.42820
-4.03257
-4.02768
-2.45790
-2.90593
-1.53984
1.90085
-2.22570
-5.62463
-2.28576
-1.36834
-2.91104
-3.66765
-4.12667
-3.01371
-4.03212
-3.49758
-5.18207
-2.62244
-4.92561
-3.81757
-4.41156
-3.00048
-2.24798
-2.22904
-4.15808
-4.61656
-3.27009
-3.68203
-4.58853
-2.58742
-3.97240
-3.22254
-4.50557
-4.53083
-2.50199
-3.38009
-3.86592
-1.64942
-2.72339
-1.04362
-1.71580
-3.01403
-3.54857
-2.92749
-5.15023
-4.35802
-4.15234
-4.00219
-5.98318
-5.68796
-1.64580
-5.26552
-3.55835
-4.41662
-3.80575
-1.00461
-4.00967
-3.03924
-0.15171
-3.83625
-3.95280
-5.94167
-4.15585
-4.45211
-5.06463
-3.58266
-4.54578
-2.03103
-2.74678
-3.03139
-2.71573
-3.06282
-2.61579
-3.15464
-2.25205
-2.55485
-4.93279
-4.48981
-4.06946
-3.86335
-4.22860
-4.72851
-3.03932
-1.84209
-3.76445
-1.91503
-4.15461
-2.07674
-3.79613
-2.64433
-3.34474
-2.15568
-4.51148
-2.93150
-3.82772
-4.50751
-3.04920
-4.64492
-1.14645
-3.57069
-3.10455
-3.84950
-3.37331
-2.74836
-3.22701
-3.43015
-3.93665
-1.60383
-2.72861
-3.04459
-2.76025
-3.92263
-2.65731
-4.59454
-2.49331
-3.61242
-6.20592
-2.91292
-4.17004
-4.27740
-4.08208
-5.01327
-1.70275
-4.96116
-4.12431
-1.39824
-1.26704
-2.27142
-3.34857
-3.92336
-5.54525
-4.57646
-4.21944
-2.13625
-3.94452
-4.03661
-3.89549
-3.47475
0.67156
-3.40340
-3.91085
-1.83597
-3.30757
-2.24974
-2.79265
-4.05397
-3.45897
-4.11196
-3.88533
-1.88373
-1.20389
-5.18732
-1.92259
-4.26014
-3.31501
-4.92006
-4.40656
-1.83434
-4.42357
-4.20898
-4.92956
-0.64913
-2.88305
-5.03792
-1.89710
-3.29295
-4.76364
-2.76261
-4.45052
-1.85960
-3.25818
-4.17873
-3.41243
-2.17636
-2.23656
-2.30478
-2.10227
-6.17516
-3.25651
-2.89316
-4.63101
-3.82437
-4.31843
-2.39922
-3.97369
-1.51837
-5.52915
-3.83176
-4.67445
-4.57351
-4.81836
-5.09617
-5.31691
-4.72325
-3.04501
-1.38096
-2.86451
-3.85037
-4.16519
-3.86073
-4.29859
-3.57902
-3.91943
-3.82426
-3.48528
-3.16183
-2.36653
-4.95604
-2.88048
-1.84415
-4.30100
-4.51333
-3.50475
-3.64041
-3.89166
-3.30351
-2.01484
-2.43868
-4.11572
-3.74370
-4.88584
-1.63187
-4.05974
-3.18665
-2.02714
-1.00453
-4.28979
-3.53866
-2.31101
-3.48811
-4.56684
-3.43518
-4.03974
-2.01176
-1.89069
-4.30371
-4.81297
-3.92092
-3.33041
-3.69504
-4.88272
-2.86945
-4.94935
-2.34205
-3.13775
-4.86892
-2.69025
-3.16297
-4.45961
-4.47676
-1.61773
-4.67605
-3.62333
-5.11692
-4.76026
-4.38204
-4.61674
-3.35316
-4.49689
-3.64505
-3.81664
-3.34594
-4.14011
-3.47024
-4.31252
-4.35169
-4.67531
-0.13667
-3.56172
-4.19263
-3.70669
-2.74072
-5.24223
-2.44247
-3.05509
-2.82362
-3.15591
0.10983
-3.17925
-0.64821
-2.65962
-3.26319
-3.71046
-4.99056
-2.33111
-4.64912
-4.05668
-1.34115
-4.28251
-3.87290
-2.81680
-3.72752
-0.96249
1.47346
-4.14094
-3.99593
-1.87604
-3.32292
1.51977
-3.59304
-2.09941
-4.56957
-2.96778
-3.04277
-1.41467
-3.72690
-4.66506
-1.10333
-3.67571
-5.18089
-3.71912
-3.31038
-3.54764
-4.98730
-3.51396
-4.47449
-3.83866
-2.73040
0.08261
-4.60714
-1.89768
-3.35906
-3.04172
-2.79770
-3.24064
-3.82928
-6.50197
-3.18004
-3.72524
-5.01742
-3.86572
-5.21307
-3.59390
-3.58265
-0.50583
-4.17468
-4.66144
-3.08968
-3.53610
-2.14926
-1.50962
-1.84323
-2.38552
-3.55764
-4.20514
-2.44908
-5.21996
-2.90397
-3.16642
-4.23499
-3.53911
-2.11372
-3.90081
-2.40474
-2.02840
-1.53799
-3.52509
-3.75319
-4.38200
-4.06340
-4.24707
-2.56271
-4.20047
-4.06117
-2.35038
-3.56716
-5.17790
-5.27770
-1.90246
-5.61609
-4.02616
-3.78259
-4.93625
-2.56182
-4.34483
-1.13312
-2.51913
-3.21207
-3.61469
-1.28074
-2.52998
-1.89795
-3.48373
-1.09371
-4.33618
-1.18117
-3.52974
-1.77930
-3.41047
-2.41071
-2.25253
-3.40927
-4.35764
-2.72902
-4.81496
-2.11099
-3.60538
-2.94273
-4.01225
-0.34365
-5.40446
-3.19105
-4.10313
-2.85139
-5.20278
-2.69107
-3.44133
-4.40650
-3.70842
-1.05022
-4.02141
-2.79712
-2.51269
-4.17304
-3.46221
-3.21370
-0.42460
-4.28763
-2.86375
-2.17189
-2.54508
-3.64000
-3.28754
-3.78203
-3.78931
-4.31590
-4.60864
-3.75450
-4.59977
-3.39986
-3.31684
-4.34263
-3.41042
-0.25996
-2.29827
-2.87280
-2.39216
-2.61677
-2.77202
-0.77823
-3.00948
-3.17268
-2.20001
-3.43693
-3.46795
-2.84555
-3.40596
-4.19833
-2.58148
-4.47758
-3.38817
-5.21362
-5.27985
-4.34956
-1.91324
-4.13119
-1.39915
-3.77265
-1.43651
-5.09588
-3.91366
-3.60677
-2.28666
-4.10199
-5.05270
-3.97859
-3.80294
-5.15906
-5.58485
-1.54159
-4.03175
-2.96548
-1.61583
-2.92892
-3.19880
-3.94213
-1.81294
-4.27932
-3.82068
-5.73332
-4.76190
-3.89654
-3.55012
-2.12411
-3.21417
-2.77826
-2.25925
-4.05766
-2.02316
-2.01453
-3.35275
-1.51122
-1.16133
-3.18981
-2.42941
-3.60396
-3.02440
-5.13546
-2.75959
-3.34920
-4.31566
-2.56818
-1.23495
-4.32495
-5.33143
-5.52831
-3.49955
-3.67006
-5.22682
-3.63061
-3.36449
-2.89837
-3.93496
-2.24250
-0.30017
-1.73720
-0.81101
-4.07709
-3.40494
-3.33768
-3.10970
-3.24688
-5.81551
-4.27133
-3.12641
0.82873
-3.71791
-4.10478
-2.28391
-3.39640
0.60461
-4.61802
-1.47649
-3.62098
-3.51482
-1.08448
-3.36092
-4.50584
-3.57592
-2.59074
-1.36860
-4.12996
-2.93731
-3.95343
-5.41459
-4.24430
-3.07298
-1.45149
-4.12502
-1.93647
-4.24246
-2.44042
-2.65345
-2.97735
-4.93964
-3.96229
-3.97912
-4.26683
-3.30123
-3.25618
-3.32362
-3.85032
-4.55114
-2.87054
-1.71179
-4.78936
-2.97163
-3.76300
-0.90962
-3.74397
-3.29850
-2.75998
-2.50456
-3.65391
-2.53649
-4.85053
-4.21514
-2.47501
-3.46778
-5.20895
-1.16024
-2.66148
-2.59492
-1.59043
-3.23823
-3.88180
-2.58929
-3.65232
-4.91416
-4.10742
-1.21788
-1.73247
-4.46185
-2.99723
-1.62362
-5.17608
-3.66119
-4.40400
-2.32000
-2.27509
-4.47400
-2.80470
-2.12441
-4.47909
-2.57385
-2.76257
-3.06195
-2.96785
-4.13438
-3.08019
-2.84025
-5.04537
-4.17525
-2.56431
-1.38169
-3.10904
-4.88760
-1.59966
-3.50026
-2.82662
-2.98000
-3.02612
-2.43879
-4.65683
-3.47099
-3.12474
-2.96790
-0.62828
-2.49649
-3.51352
-3.61417
-2.87860
-3.98889
-3.36568
-0.65956
-3.91182
-2.95220
-0.30420
-2.00795
-2.28479
-3.58240
-5.06229
-5.96248
-2.28206
-0.56543
-2.63793
-2.14311
-5.87691
-1.14348
-3.59469
-2.16831
-2.62837
-3.00638
-3.22753
-3.39935
-3.71074
-4.22930
0.66036
-4.27573
-3.99286
-5.83465
-3.37561
-3.15552
-2.45124
-2.25001
-2.23270
-3.65695
-2.01544
-3.57922
-1.18421
-1.39639
-4.83941
-4.51798
-2.30517
-3.69342
-3.04116
-3.02440
-3.57704
-4.52192
-3.73416
-3.18503
-4.67740
-1.56753
-3.80069
-2.33785
-3.78915
-2.49075
-3.87710
0.27180
-2.71498
-4.62300
-3.29001
-4.87025
-2.61834
-2.45680
-3.22120
-4.99460
-1.36326
-4.65075
-5.51533
-2.03014
-3.71165
-3.59950
-2.05349
-0.51558
-3.38007
-4.09599
-5.08713
-3.29702
-1.68118
-4.27520
-3.81143
-2.40809
-2.02503
-4.65139
-3.05582
-3.59321
-3.72635
-3.45651
-4.27224
-0.18539
-2.80361
-3.72512
-2.27633
-4.00150
-4.44779
-3.03573
-2.96606
-1.13573
-2.74807
-3.22296
-4.82580
-4.82610
-3.85732
-3.17080
-3.53855
-3.04130
-3.06196
-3.48637
-3.28653
-2.32618
-3.82859
-3.52437
-3.82338
-2.60167
-4.02942
-1.89551
