-2.98831
-1.85260
-1.72132
-2.70684
-1.17584
-3.72571
-3.75909
-4.69335
-4.24634
-4.68186
-4.57460
-0.76618
-1.78748
-3.83539
-5.24827
-4.69979
-4.25835
-2.04370
-4.00320
-5.28288
-3.53168
-3.27027
-2.33827
-3.68571
-5.58508
-3.05548
-5.73865
-5.22544
-4.78382
-3.37363
-3.09586
-4.71987
-4.11308
-1.98650
-3.77492
-4.23856
-3.69669
-3.20422
-2.25341
-4.15680
-4.33411
-2.91116
-2.34077
-4.68298
-4.29175
-4.27465
-4.42820
-4.03212
-5.18207
-4.92561
-4.61656
-3.68203
-4.50557
-5.15023
-4.35802
-5.68796
-5.26552
-4.15585
-4.45211
-2.03103
-4.93279
-4.48981
-3.03932
-2.15568
-4.50751
-4.64492
-3.84950
-6.20592
-2.91292
-4.08208
-4.12431
-5.54525
-3.89549
-4.40656
-1.83434
-0.64913
-2.88305
-1.85960
-2.30478
-2.89316
-3.97369
-5.09617
-4.16519
-2.36653
-1.84415
-2.43868
-2.01176
-3.92092
-4.88272
-1.61773
-4.76026
-3.64505
-0.13667
-2.44247
-3.71046
-2.33111
-3.72752
-0.96249
-4.66506
-3.31038
-3.54764
-3.82928
-3.18004
-3.59390
-3.58265
-2.44908
-2.90397
-4.38200
-5.27770
-4.02616
-2.56182
-1.77930
-4.81496
-2.11099
-0.34365
-5.20278
-4.40650
-4.17304
-3.78931
-4.59977
-4.34263
-3.40596
-2.58148
-5.21362
-2.28666
-3.80294
-5.58485
-3.94213
-5.73332
-3.60396
-5.13546
-5.33143
-5.22682
-3.36449
-3.24688
-5.81551
-3.36092
-2.59074
-5.41459
-2.44042
-4.26683
-3.85032
-4.21514
-2.47501
-1.16024
-2.66148
-4.10742
-1.62362
-4.47400
-2.57385
-3.08019
-5.04537
-3.50026
-2.96790
-3.51352
-0.65956
-5.06229
-2.28206
-1.14348
-3.37561
-3.15552
-4.83941
-3.57704
-3.18503
-2.45680
-1.36326
-3.71165
-3.38007
-4.65139
-3.59321
-3.45651
-4.44779
-2.96606
-4.82610
-3.82859
-2.60167
