1.61962
8.19494
7.14227
10.12892
8.55653
5.16785
6.87310
7.75919
5.26757
0.10118
4.68307
8.08564
5.92128
8.54504
0.73546
7.35715
4.89800
11.32538
-0.65452
4.85434
3.42735
5.07091
6.50777
8.55137
3.67329
9.73417
4.01010
6.44442
-0.30614
0.54716
-0.71376
-1.68755
-0.16880
3.22805
2.29927
-2.18905
9.97054
7.17918
7.49090
3.77041
10.95114
6.31060
3.58758
5.69656
10.28402
7.23667
6.55446
8.72851
5.23765
7.64588
9.97293
11.20162
1.98553
8.02308
8.28818
1.81070
4.76095
7.00274
5.59815
6.74884
8.92587
4.70594
7.10676
5.04786
3.24264
8.70539
6.50378
6.14731
3.54572
6.26990
4.34947
6.30391
9.39694
3.85104
5.03416
7.53303
2.40714
5.57110
6.18459
2.97935
2.66472
3.26204
4.46593
4.27176
4.70703
9.28772
6.39554
0.16764
5.36631
2.02679
11.32538
9.27550
5.56420
8.95139
11.32538
8.09572
7.87688
-3.17097
-2.86240
1.23620
10.04185
6.57078
9.53152
11.32538
11.32538
6.48979
11.32538
8.60802
7.15445
11.32538
8.02588
7.98776
1.85282
4.22141
6.11047
4.46585
9.35479
3.42486
9.52303
7.24897
4.45316
5.86329
6.58778
4.61520
5.81411
3.97336
8.75820
6.81630
2.59694
4.09714
5.27680
6.56011
6.09418
4.82734
3.72564
3.74684
5.04474
6.26078
1.24382
2.31722
3.18557
11.32538
6.13548
7.35451
5.32723
2.35759
4.87876
2.99600
8.33365
8.61675
5.61789
3.63697
4.60872
5.99080
5.87013
6.32088
2.65185
5.98581
6.69493
6.52067
5.84993
2.19781
8.48596
1.09862
9.25906
3.41886
4.52095
5.79672
2.51489
4.42931
6.07997
4.86390
2.95101
2.69340
1.61057
2.54529
7.06405
5.22581
