-2.17069
-1.76765
-2.38185
-2.27629
-1.42162
-1.77424
-1.83692
-2.22103
-2.42885
-1.98134
-2.03383
-1.96501
-1.92818
-2.12779
-1.94209
-1.20366
-2.36707
0.32059
-1.78626
-2.07704
-1.51969
-2.08284
-2.47946
-2.16383
-1.96540
-1.08337
-2.19929
-1.77985
-2.21923
-1.65684
-1.77400
-1.76243
-1.58276
-2.31030
-2.15163
-2.03895
-1.46122
-1.71509
-1.71574
-1.34921
-2.42031
-2.48384
-2.44402
-2.48252
-1.69551
-1.29166
-1.95857
-2.30736
-2.30078
-2.30906
-1.59968
-1.18820
-1.49557
-2.29658
-2.36518
-2.44908
-2.10177
-1.31971
-2.47578
-2.23381
-1.97019
-1.77713
-2.18184
-1.92402
-2.01968
-1.97341
-2.47571
-1.75129
-2.39609
-1.72461
-1.79687
-1.98733
-1.81720
-0.89709
-2.14441
-1.98086
-0.41336
-2.16964
-1.99321
-2.48164
-2.38932
-1.88628
-2.37717
-0.51598
-1.97171
-1.91811
-1.57235
-1.61600
-1.25244
-1.88738
-2.30349
-2.02848
0.35366
-2.47356
-0.50302
-2.48456
-2.34734
-2.48346
-2.34261
-1.33642
-1.90680
-1.75992
-1.76766
-1.89969
-0.39036
0.93859
-2.35155
-2.21123
-1.99990
-2.41425
-1.46003
-2.45259
-2.12092
-1.37111
-2.37470
-1.70240
-0.15928
-1.88860
-1.57393
-0.30563
-2.17861
-2.39278
-2.13606
-2.33202
-1.12884
-0.90198
-1.49480
-1.69020
-2.02836
-1.85919
-2.13417
-1.77729
-2.47776
-1.59963
-2.46338
-2.00273
-2.17422
-1.70451
-2.01184
-2.07732
-1.77876
-0.78087
-0.99274
-1.71897
-2.02675
-2.16326
-1.21917
-2.33936
-2.27404
-2.23971
-1.97962
-1.19153
-1.10892
-1.38854
1.58598
-1.84746
-1.76273
-2.22973
-1.99419
-1.61108
-0.37791
-1.00967
-1.97752
-1.14276
-2.29479
-1.97936
-1.48730
-0.71224
-2.20672
-2.30234
-2.43295
-1.58037
-2.21008
-1.77432
-1.28249
-2.10824
-2.44292
-2.27798
-1.66065
-1.85135
-1.37589
