-2.00316
-2.09316
-2.42924
-2.17069
-1.73695
-1.93735
-2.04766
-1.76765
-0.87134
-1.13111
-2.41014
-0.53964
-2.38185
-0.13854
-0.92270
-2.48431
-2.27629
-1.90025
-2.26715
-2.30763
-1.42162
-1.53523
-1.43563
-1.55741
-0.88565
-0.55849
-2.01659
-2.24732
-1.77424
-1.80993
-0.10850
-0.62658
-0.03676
0.73795
-1.15488
-2.31283
-1.11254
-1.83692
-1.67460
-2.15301
-2.22103
-1.36765
-2.48585
-2.42885
-1.98134
-0.74737
-2.18996
-2.32147
-1.51578
-1.17004
1.35795
-1.49549
-1.26143
-2.35023
-2.42148
-2.03383
-0.78201
-1.50564
-2.47469
-1.96501
-0.10183
-2.48427
-1.92818
-1.67735
-0.70128
-0.57390
-2.35093
-0.96279
-1.03678
-1.12457
-1.63658
-1.53249
-1.41437
-1.29757
-1.45187
-1.43743
-1.99905
-1.62603
-2.12779
-1.33202
-1.94209
-2.05878
-2.22804
-2.21988
-1.31464
-1.07997
-1.72704
-1.55882
-2.44822
-0.81417
-1.20366
-0.86751
-1.85462
-2.13338
-1.64445
-1.85332
-0.95620
-0.79196
-1.83070
-2.36707
0.32059
-1.24856
-1.85123
-1.53002
-2.19045
-1.31747
-1.78626
-1.80916
-1.62215
-2.28162
-2.07704
-2.37825
-1.56799
-1.56093
-1.19425
-1.34059
-1.84364
-0.89673
-1.24666
-2.11835
-1.51969
-0.95218
-1.88368
-2.00997
-1.26219
-2.08284
-0.85812
-1.31618
-1.83233
-1.49615
-1.69774
-2.11952
-1.89655
-2.47946
-2.16383
-2.04478
-1.07846
-0.59161
-1.71102
-1.25821
-0.56952
-0.82424
-1.53190
-1.72159
-1.68027
-0.85752
-2.07980
-1.96540
-1.37115
-1.26648
-2.48282
-1.08337
-1.46914
-2.23952
-1.38885
0.55637
-1.62719
-1.74764
-1.80908
-1.65721
-2.19929
-1.77985
-1.47934
-1.48672
-1.36181
-0.99995
-1.55941
-1.90759
-1.40865
-2.21923
-1.94577
-1.73337
-1.65684
-2.22409
-1.77400
-1.71681
-1.41550
-1.35256
-1.85451
-1.81024
-1.76243
-1.54025
-0.91839
-2.30658
-1.75900
-1.24889
-1.58276
-0.80751
-1.72287
-2.04449
-1.21574
0.56200
-1.28230
-1.85474
-1.44882
-1.35099
-2.31030
-2.15163
-1.90729
-0.63918
-1.85156
-2.23750
-2.05518
-1.71909
-0.43919
-1.76000
-2.03895
-1.14152
-1.89765
-1.93016
-1.46122
-0.42441
-2.41878
-2.04071
-0.53130
-1.65331
-2.07044
-1.71509
-1.80364
-0.92591
-1.44830
-1.76564
-1.20302
-2.02885
-1.24919
-2.27219
-2.01180
-1.83636
0.55648
-2.03968
-1.71574
-1.46851
-2.13795
-1.34921
-0.81670
-1.32016
-2.42031
-1.10168
-1.10487
-1.48214
-1.68643
-1.42901
-2.31747
-2.04085
-2.48384
-2.12563
-2.39332
-2.17310
-0.34427
-1.41299
-2.44402
-2.29797
-2.27039
-1.67773
-1.73841
-1.17086
-1.14348
-0.22443
0.79187
-2.48252
-2.33661
-1.69551
-1.82168
0.11792
-2.40107
-1.91170
-0.89635
-0.51539
-2.42950
-1.29166
-2.02954
-2.02106
-1.95857
-1.06332
-2.14484
-1.27379
-2.33854
-0.75435
-2.13993
-1.59849
-2.23978
-1.47501
-1.24972
0.65921
-1.94293
-1.80731
-2.13084
-2.18128
-2.30736
-2.22283
-1.86043
-0.78788
-1.75372
-1.04871
-2.41973
-2.30078
-2.07552
-1.36887
-2.30906
-1.47172
-1.78401
-1.99228
-1.59968
-0.99719
-1.96522
-1.01085
-1.18820
-1.09960
-2.11142
-1.43983
-1.43737
-0.73267
-1.58347
-2.13075
-1.49557
-2.39290
-1.83149
-1.82963
-2.28716
-2.29658
-1.27430
-1.19631
-2.33065
-2.39276
-2.26902
-2.36518
-2.44908
-2.00617
1.65933
-0.94702
-1.54156
-1.32057
-1.19087
-0.60277
-2.10177
-1.37470
-2.32293
-1.31971
-1.70004
-0.36724
-0.42398
-2.23574
-1.77448
-1.06628
-0.03309
-2.35052
-2.47578
-2.23381
-0.13765
-1.39721
-0.99565
-0.81037
-2.06933
-1.97019
-2.22531
-1.79571
-1.93684
-1.77713
-1.35640
-0.76711
-2.18184
-1.09156
-1.76661
-1.92402
-1.01787
-0.63701
-0.42583
-1.64326
-2.00942
-1.84933
0.19887
-1.61230
-1.40311
-1.49922
-0.00680
-2.01968
-2.03489
-2.21929
-1.77955
-1.97341
-1.60991
-1.75980
-2.47571
-2.13936
-1.63243
-1.46253
-1.14849
-1.48578
-2.06450
-2.16867
-1.26903
-2.31462
-1.65978
-1.75129
-1.54749
-1.95515
-2.39609
-2.25475
-1.31403
-1.24830
-1.72461
-1.63078
-1.34583
-1.79687
-1.90846
-1.14345
-0.93094
0.03270
-1.93928
-1.69830
-1.81979
-2.33651
-2.37736
-0.54070
-1.41998
-1.98733
-1.81720
-2.00972
0.82693
-1.65138
-0.98824
-1.73319
0.14116
-2.48440
-2.32538
-0.89709
-2.12666
-2.48416
-0.76550
-2.34132
-2.14441
-1.81691
-1.98086
-1.03899
-1.02824
-2.22748
-1.23439
-1.11600
-1.64489
-2.07231
-0.41336
-2.16964
-1.68215
-0.54092
-1.95957
-1.68143
-1.99321
-1.88942
-0.73167
-2.16329
-2.23138
1.29303
-0.66491
-1.00241
-0.98316
-0.03381
0.32416
-2.48164
-1.57158
-2.38932
-2.08042
-1.79525
-1.92176
-1.28249
-1.97125
-1.88628
-2.37717
-1.94232
-2.28972
-2.01938
-1.64154
-1.77735
-1.95060
-0.51598
-1.97171
-1.55752
-1.77777
-1.47689
-1.52776
-1.82214
-1.91811
-1.90476
1.22779
-1.29441
-1.73397
-1.53439
-1.58656
-1.75338
-2.05119
-0.30971
-1.57235
-1.06845
-1.58748
-1.48577
-1.86592
-1.67786
-1.18129
-1.94856
-1.96831
-1.61600
-0.27933
-1.25244
-1.07021
-2.07512
-1.88738
-2.23783
-1.88942
-2.03398
-1.19447
0.24110
-2.48466
-2.24321
1.53500
-1.62560
-0.90186
-0.81350
-2.13621
-2.30349
-2.02848
-2.39704
-2.15772
0.35366
-2.10593
-2.47356
-1.94406
-1.48774
-1.41169
-1.67234
-0.18771
-1.70113
-2.16566
-2.11030
-0.50302
-1.44708
-1.31903
-1.20325
-1.12847
-2.48456
-2.48461
-2.21189
-1.98414
-2.34734
-1.89277
-2.33214
-1.11142
-2.37762
-1.34049
-1.34683
-2.08443
-0.52365
-2.48346
-2.34261
-1.43234
-1.34955
-1.83190
-1.28862
-1.78174
-0.51871
-0.76629
-1.74528
-2.14797
-1.33642
-1.92180
-1.90680
-2.43684
-1.91682
-1.95417
-2.09677
-2.01797
-0.77607
-2.16004
-1.40771
-0.80195
-1.54042
-1.52594
-1.75992
-2.45616
-1.76766
-0.43444
-2.48277
-2.08235
-1.89969
-0.39036
-2.46164
-1.61976
0.24022
-2.04092
-1.83192
-0.52129
-0.79006
0.93859
-0.82455
-1.33080
-2.31991
0.44045
-2.35155
-2.06526
-2.08807
-2.07230
-0.65153
-2.21123
-2.22132
-1.53857
-2.11834
-1.99990
-1.02884
-1.64470
-1.48035
-1.99118
-1.74561
-0.94117
-1.90981
-2.41425
-1.60582
-1.66099
-1.46003
-1.84708
-1.69083
-0.77262
-1.27280
-1.56781
-0.88020
-0.88496
-0.63972
-1.89511
-1.38855
-1.07296
-1.17642
-2.45259
-2.12092
-2.24550
-1.37111
-0.86905
-0.96512
-1.59259
-1.39159
-1.50382
0.05907
-2.12679
-2.10064
-1.85779
-1.70183
-2.05335
-2.16582
-1.95023
-1.47122
-1.04520
-2.42591
-2.37470
-1.41025
-0.94469
-0.44572
-2.07863
-1.63336
-1.13839
-1.52592
-1.66982
-0.02087
-1.70240
-1.79093
-1.77900
-1.60457
-2.48597
-0.15928
-2.04708
-1.32184
-1.90328
-2.32116
-1.88860
-1.16577
-1.38520
-2.26008
-1.99451
-1.57393
-1.27765
-2.41022
-1.89356
-1.05835
-0.30563
-1.81284
-1.57539
-1.64534
-1.87583
-2.17861
-1.85183
-0.92829
-1.75752
-1.76304
-1.07243
-1.97352
-1.89189
-1.25683
-1.96472
-1.92973
-0.72043
-1.01548
-1.39975
-2.39278
-2.13606
-1.43648
-2.38558
-2.33202
-1.22613
-1.64148
0.56951
-1.06463
-1.56889
-1.92620
-2.06328
-0.85276
-1.70451
-1.76587
-1.12884
-1.85854
-1.31979
-1.08638
-2.34847
-0.90198
-1.08973
-2.34758
-2.48500
-1.49480
-1.22053
-1.48601
-2.34155
-1.69020
-2.08340
-1.69227
-0.98519
-0.95846
-1.93093
-0.95872
-2.14986
-2.02836
-2.36586
-1.02254
-1.85919
-2.22877
-1.14905
-2.21371
-1.56721
-0.75097
-1.36417
-1.81582
-0.64026
-1.47767
-2.13417
-2.29209
-1.90087
-1.60747
-2.06184
-0.31528
0.18998
0.10940
-1.77729
-2.16915
-2.45422
-2.02701
-2.47776
-0.72572
-1.51010
-1.59963
-2.06428
-1.25496
-0.81444
-0.15212
-0.23527
-2.46338
-1.18556
-0.81870
-1.31163
-1.39503
-1.61241
-1.61131
-1.81458
-2.17695
-2.00273
-1.60066
-1.37861
-2.40786
-2.17422
-0.40179
-2.18410
-1.29481
-2.09689
-2.21243
-1.70451
-1.52442
-1.72365
-2.01184
-1.93217
-2.02951
-1.38186
-2.07732
-1.34569
-2.44340
-1.77876
-2.08534
-2.12147
-2.34796
-0.68995
-1.76280
-1.34945
-1.91287
-0.92665
-0.70219
-1.91291
-0.78087
-1.57238
-0.99274
-1.93398
-0.64312
-2.05690
-2.47233
-1.71897
-1.64270
-1.46806
-2.19434
-1.99160
-1.96529
-2.02675
-2.16326
-1.21917
-0.72788
0.28215
-0.55762
-2.07091
-1.50882
-1.88499
-1.33775
-1.62401
-2.05046
-1.59003
-0.65288
-1.03800
-2.33936
-2.27404
-1.12934
-0.85402
-2.12284
-2.23971
-1.78049
-1.92161
-1.07435
-0.14665
-0.87729
-0.09540
-2.21926
0.02274
-2.42518
-1.97962
-1.64860
-1.48535
-1.55697
-1.90532
-0.49066
-0.71217
-2.48324
-1.19153
-2.14764
-1.10892
-1.38854
-1.60116
-0.73913
-0.75968
-2.36071
-1.46377
1.58598
-1.64368
0.28107
-0.61345
-1.84746
-1.00764
-2.41459
-1.28213
-1.77822
-1.76273
0.13334
-0.74280
-1.49873
-1.07540
-1.11099
-0.88501
-1.31242
-0.19126
-1.82929
-2.31118
-2.22973
-1.99419
-1.18929
-1.61108
-1.69407
-1.98176
-1.28838
-1.41854
-1.28318
-1.60609
-1.25839
-2.11595
-0.37791
-1.70128
-2.22484
-1.00967
-0.90319
-1.94007
-2.39978
-1.97752
-1.92626
-1.31984
-1.89877
-1.94513
-1.14276
-1.89379
-2.24526
-2.29479
-1.35466
-2.30624
-0.04140
-0.96812
-1.46525
-1.99904
-1.97936
-1.77958
-2.20787
-2.29318
-1.81657
0.07395
1.77966
-1.69715
-2.05375
-1.48730
-1.73000
-1.93426
-2.12459
-1.94179
-1.99964
-0.71224
-1.18470
-2.35057
-1.97225
-2.20672
-1.03712
-2.44030
-1.03862
-2.11545
-0.86730
0.16584
-1.45100
-2.30128
-2.30234
-2.43295
-1.58037
-1.84961
-2.33244
-2.21008
-1.89802
-0.33933
-1.42832
-1.74448
-0.42282
-2.27325
-1.63693
-1.21046
-1.77432
-2.03701
-0.69519
-1.28249
-2.14193
-2.44203
-0.80776
-1.88313
-2.26627
-1.58303
-1.92565
-2.13698
-1.70594
0.84914
-2.10824
-2.02154
-2.44292
-2.27798
-2.18534
-1.84921
-1.66065
-1.21490
-0.73248
-2.22183
-1.42031
-1.24418
-2.48587
-1.88863
-2.39877
-1.85135
-1.12158
-1.60916
-2.29962
-2.39297
-1.68002
-1.17786
-1.37589
