7.38201
6.27904
-2.12676
6.01787
8.24216
4.38919
7.78552
5.60860
4.51238
6.26352
5.07190
4.77715
5.39350
0.32357
9.77270
5.52928
4.77662
-1.63494
4.40437
3.83438
2.02978
5.14007
4.31628
2.87333
3.23240
3.29468
5.74318
5.62089
2.92496
3.76645
5.29952
4.56179
4.66628
0.82441
5.70457
5.12578
4.55998
3.43789
0.69440
6.94634
5.78286
2.77313
5.64084
1.18644
3.80035
3.60166
2.12142
2.82944
7.34514
7.19760
2.79335
5.82085
5.53921
4.32822
4.92840
7.91806
7.86992
5.09313
4.54741
6.10317
5.03418
7.55236
-0.62665
5.56762
-0.88859
0.64072
1.94022
2.41647
3.88614
4.08056
6.47781
-1.56639
6.97404
7.46757
3.46920
2.40033
-0.04539
2.84967
6.67224
-0.91614
3.43288
4.44137
1.10882
4.24081
0.69836
7.52698
10.01648
2.15465
2.61275
6.63887
7.02242
7.10946
3.09801
4.97273
1.34323
-1.61520
3.62496
9.15030
5.92116
2.30814
3.66683
3.28330
2.98705
3.15487
2.81506
7.06407
-1.06495
-1.27711
5.21580
4.06561
7.34491
7.11694
4.28728
3.68534
1.14134
2.61550
3.09551
6.56101
4.50661
6.13197
-1.65225
5.63482
2.51066
6.12976
2.46543
6.63419
6.80846
4.72819
5.90869
2.87988
4.26183
1.59305
5.48443
2.07165
4.72959
-1.64429
3.90848
0.93603
1.35302
-0.60580
5.26209
5.63797
7.44997
3.45343
0.27501
2.15007
1.10070
0.81891
2.61265
1.47781
6.16763
3.78643
1.83407
6.26121
2.78190
0.68570
4.75480
-1.55058
1.15374
3.71882
0.39011
5.27408
2.78703
3.66499
4.18975
1.77365
0.70197
5.15502
5.37090
1.61199
2.67323
3.40167
7.45985
6.51046
8.23481
-0.89912
6.38106
4.39019
4.29377
4.41060
5.59012
9.63157
