1.43075
-1.65094
-2.68599
-1.38691
-1.88969
-1.02882
-1.10319
-0.07213
-1.00727
0.05729
-0.71462
0.23809
-1.84972
-0.86435
-1.75877
-2.23034
-0.42374
-1.75957
-2.09984
-1.26225
-1.00569
-0.87501
-2.19361
-1.56061
-0.03646
-1.07799
-0.59776
-1.32384
-2.42210
-2.14124
-2.03828
-1.79994
-1.09308
-1.53290
-1.06074
-1.09323
-1.08024
-1.18206
-2.02848
-1.36636
-1.09657
-0.75672
-1.15071
-1.35093
-0.36357
0.15550
-1.67708
-0.95711
0.00291
-1.53036
-0.75439
-0.93787
-2.10440
-1.16594
-0.27185
-1.49570
-1.65260
-1.21779
0.47490
-1.92875
-2.29384
-0.79923
-1.67476
-0.71861
-2.06683
-0.91560
-0.89187
-1.30519
-1.71355
-2.13785
-1.55564
-1.45883
-0.21287
-1.26891
0.20112
-1.24610
-0.99440
-2.39359
-1.43481
-2.18193
-1.34192
-2.23421
-0.65790
0.59694
-2.04793
-1.85721
-1.39563
-1.60297
-1.05972
-0.69501
-1.00264
-1.72285
-0.71647
-0.58899
0.67418
-1.11486
-2.23387
-1.06791
-1.65631
-1.51269
-0.14653
-0.46656
-2.13803
-2.47601
-0.81151
-1.69768
-0.85410
-1.09692
-1.96041
0.10221
-1.95270
-1.49420
-2.42235
-1.39810
-0.55557
-1.83459
-1.73983
-2.05342
0.08741
-1.35559
-1.71958
-1.03910
-1.71294
-2.39725
-0.36210
-1.57542
-2.45013
-0.61002
-1.76553
-2.12627
-1.47802
-0.85624
-1.79997
-0.70244
-1.04430
-0.99073
-1.60054
-1.60626
-2.02494
-0.86258
-1.63425
-2.16509
-1.92742
-2.04908
-1.87592
-1.34152
-1.44118
-1.70560
-0.36841
-2.35932
2.76006
-2.88148
-0.56026
-0.96201
-0.24935
-1.94030
-1.27910
-2.02565
-1.17903
-0.37482
-1.11748
-1.86117
-1.74920
-2.35115
-1.46643
-2.40454
-0.79981
-0.87846
-1.82708
-2.06332
-0.76501
-2.75273
-1.90041
-0.43734
-0.79038
-1.48651
-1.20958
-1.55781
-1.31939
-1.76617
-0.83424
0.00505
-2.13538
-0.27856
0.80803
-0.86707
-0.06968
-0.80231
-2.45064
-2.70256
-2.58191
-1.15621
-0.16324
-2.07080
-1.26397
-1.97246
-1.84769
-0.41642
-0.63407
-1.50910
-1.90905
-1.26816
-2.29982
0.36235
-1.78146
-1.53499
-0.18890
-2.27171
-1.24151
0.10062
-2.21196
-0.65214
-1.93436
-1.44106
-1.21312
-1.86975
-1.03209
-1.19443
-0.73761
-2.73098
-1.80455
-0.64357
-0.86732
-1.37997
-2.33013
-0.88258
0.96902
-1.71821
-1.64550
0.12041
-0.92420
-0.82655
-0.46351
-1.05955
-0.71752
-0.54653
-1.78300
-2.04378
-0.69262
-2.15212
-2.78097
-1.27646
-2.01125
-0.56268
-0.89142
-1.21793
-0.60466
-2.62042
-1.45851
-1.35414
-1.34796
-2.32390
-0.98991
-1.82498
-1.45667
-2.26905
-0.46297
-1.97029
-1.46051
-1.34974
-0.00820
-2.20358
-0.74662
-2.46484
-1.25466
-1.08406
-1.08583
-2.15815
-2.18097
-0.03385
-2.07639
-0.72600
-1.98433
-0.85768
-1.81755
-0.46939
-2.24398
-1.71134
-2.12058
-0.92760
-0.53601
-1.39385
-1.12796
-0.19813
-1.48446
-0.77374
-2.81004
-0.27373
-2.42331
-1.55852
-0.75718
-1.98135
-1.51808
-0.65730
-0.81856
-1.61665
-0.97676
-0.96675
-2.30031
-1.55920
-1.32019
-2.42804
0.35727
-2.59687
-1.22455
-0.67234
-1.05924
0.10814
-1.22207
-0.40931
-0.73755
-0.82954
-1.99015
-1.47163
-0.73161
-1.50240
-1.35865
-1.30411
-1.67031
-1.36216
-0.33605
-0.83746
-0.29881
-1.61260
-2.20805
-0.53080
-0.85696
-1.93721
-1.56726
-1.91305
-0.74137
-2.32131
1.07837
-1.67206
0.49833
-1.22170
-1.77192
-1.40540
-0.86675
-1.51505
-2.01891
0.47668
-1.31256
-0.86790
-1.12823
1.20918
-1.99144
-1.72268
-1.98881
-0.79885
-0.76357
-0.75755
-1.41904
-2.44592
-2.28941
-1.64820
-0.57761
-1.50698
-2.41604
-0.50965
-2.08930
-1.14102
-2.31050
-1.86414
0.20076
0.09324
-0.90131
-1.96296
-2.01939
-1.15294
-2.66681
-0.10776
-1.64666
-1.29786
-1.10953
-1.99190
-1.04140
-1.17613
-2.00896
-2.00488
-1.88277
-1.12756
-0.86264
-2.29435
-0.94680
0.02394
-0.62013
-0.99684
-1.91727
-1.98248
-1.97208
-1.37378
-1.78256
-1.16728
-0.69497
1.54129
-1.85885
-2.20871
-1.61592
-0.82922
-2.17778
-0.87256
-1.89094
-2.47206
0.35744
0.06370
-1.02176
-0.03005
-1.99322
-1.11287
-2.26347
-1.04810
-0.63784
0.31734
-1.42062
-2.14075
0.38100
-0.94002
-2.22255
-0.36680
-0.64235
-1.95412
-0.93055
-0.14803
-2.29778
-1.83805
-1.21291
-1.26892
-0.54521
-0.53989
-0.62630
-1.58382
-0.55423
-1.89948
-0.95465
-0.72768
-1.78291
-1.74947
-1.61545
-2.10060
-2.06606
-0.44621
-1.19674
-1.38048
-0.12769
-1.46153
0.38560
-1.74497
-0.98421
-2.01119
-1.54599
-0.48839
-1.57623
-1.82987
-1.91405
-1.59322
-0.63059
-2.76918
-1.84569
-0.48551
-0.16672
-1.70911
-2.10029
-1.57884
-1.57064
0.28128
-0.35630
-0.79824
-1.87378
-0.92896
-0.23983
-1.75850
-1.39122
-0.38054
-1.41730
-2.28233
-1.13040
-1.63071
-1.33432
-1.36036
0.01466
-1.01449
-1.14544
-0.42401
-0.39815
-2.00995
-2.79443
0.51097
-2.28162
-1.56527
-1.30153
-0.83652
-1.23920
0.26803
-2.22716
-2.42476
-1.45512
-1.70668
-1.79525
-0.88697
-1.43363
-2.15770
-0.91193
-1.90586
-1.73245
-0.70266
-2.46652
-2.06705
-1.51048
-0.88444
-1.11196
-0.44979
0.23664
-2.33656
-0.47915
-0.19401
-1.74991
-1.03765
-1.77220
-1.27578
-0.94404
-1.15561
-2.36315
-1.04233
-1.18938
-1.27087
-0.56817
-2.00996
-1.92723
-2.07523
-1.01370
-0.44013
-0.68527
-1.79467
-1.12235
-1.90864
-1.01761
-1.93365
-2.07341
-0.92657
-1.18895
0.24320
-1.54284
-2.60074
-1.45054
-0.51627
-0.83514
-0.46073
-1.10315
-1.92624
-1.66150
-2.74486
-2.34190
-1.23226
-2.26627
-1.76163
-1.10601
-0.60609
-1.00974
0.97808
-1.36441
-0.66555
-1.45005
-1.62268
-1.97639
-1.59177
-1.51568
-1.34757
-1.48243
-1.61555
-1.14987
-0.21569
-0.99079
-2.30800
-1.51732
-1.24780
-1.40314
-2.65130
-0.40444
-1.46365
-1.72187
-1.61792
-1.45035
-1.93963
-1.25575
-0.98626
-1.30461
-1.86018
-0.51660
-1.72878
-1.70183
-2.28873
-1.68936
-1.11463
-1.05744
-1.16249
-0.92405
-0.45281
-2.31657
-1.52697
-0.70506
-2.72745
-2.40271
-0.65602
-2.06111
-1.45070
-0.17447
-0.52026
-1.04414
-1.90102
-2.10008
-2.62084
0.51982
-0.53529
-1.42813
-0.12151
-1.72732
-1.81486
-1.01289
-1.82995
-0.81986
-1.36912
-2.00854
0.35592
-1.78936
0.50492
-1.13917
-0.84742
0.05127
-2.06078
-1.42449
-1.72663
-1.84843
-1.28929
-0.24014
-0.51168
-1.21101
-1.05428
-0.60677
-1.84768
-1.75159
-1.68014
0.14960
-1.07814
-2.09444
-1.63511
-1.70239
-0.07403
-2.02958
0.20334
-0.93766
-1.03559
-2.26070
-1.79773
-1.82858
-1.84197
-0.41101
-1.58308
-1.09415
-0.84760
-2.22307
-2.48098
0.44473
-1.08391
-1.69625
-1.16346
-1.43825
-0.43346
-0.68649
-0.82039
-1.77595
-2.02899
-2.01809
-1.65755
-1.08862
-2.01428
-2.32799
-0.76226
-1.71793
-0.91170
0.38821
-1.10777
-1.18663
-1.74470
-1.79641
-0.46412
-0.77207
-1.43607
-1.21643
-1.49608
-1.05202
-1.47762
0.00460
-1.73493
-2.14351
-0.98875
-0.15204
-0.28414
0.19757
-0.46975
-1.95333
0.05433
-1.85606
-1.32953
-1.29604
-0.81990
-1.66109
-0.38819
-2.03272
-2.38706
-0.86568
-1.77963
-0.59605
-1.98050
-1.02360
-1.86542
-1.43054
-1.52558
-1.50775
-0.94676
-1.73216
0.05036
-1.24058
-0.11196
-2.45127
-1.87215
-1.12619
-2.39068
0.19425
-0.59589
-1.48480
-0.83722
-0.97411
-1.41690
0.30752
0.60143
-0.99472
-2.15986
-2.15949
-2.24322
-0.58102
-1.73304
-0.57603
-0.69123
-1.41994
-0.85162
-0.18482
-2.10727
-0.16525
-1.57605
-0.86482
-1.72568
-0.53445
-0.73012
-1.69591
-0.31477
-2.57715
-1.90549
-1.18741
-1.32122
-0.68312
-0.83757
-1.77455
-1.16776
-2.26000
-1.15728
-0.90194
-1.76270
0.43357
-1.44660
0.32686
-1.55818
-1.05425
-2.32463
-2.34119
-0.75939
-1.83202
-0.37753
-0.53035
-1.00100
-1.77246
-1.73306
-0.73740
-0.97640
-2.35990
-1.44013
-2.20909
-1.32519
-1.03320
-0.16369
-1.88057
-1.26138
-0.68678
-1.40596
-1.78144
0.83560
-0.48710
-2.01321
-1.99094
-0.53337
-1.06929
-1.91618
-1.65241
-1.12125
-1.03203
-1.81035
-0.62396
0.98871
-1.19716
-1.14047
-0.55385
-2.11054
-1.28804
-1.96362
-0.98358
-0.99819
-1.54174
-2.04722
-2.43299
-1.32204
-1.76556
-1.80882
-0.03984
-0.58724
-1.61542
-1.05830
-2.51453
-1.18308
-0.18248
-1.54502
-1.93978
-1.90995
-1.63587
-0.85558
-0.97151
0.11347
-0.97321
-2.07100
-0.97931
-1.32094
-2.57629
-0.06590
-0.96769
-0.52578
-1.01457
-1.67642
-0.39812
-0.52854
-0.91759
-1.39485
0.63902
-1.41946
-1.02111
-1.51289
-1.08043
-0.79988
-0.93051
-0.22246
-2.54338
-0.66021
-1.74610
-1.61917
-0.05883
-0.73659
-2.01215
-1.26783
-1.30794
-1.59146
-0.98756
0.23302
-1.88514
-0.05397
-1.68166
-1.21410
-1.45215
-1.26300
-0.82340
-1.09021
-1.33916
-2.01583
-0.80902
-1.60764
-0.58875
0.88249
-0.42884
-1.18622
-1.37113
0.68242
-2.31501
-0.95396
-1.60363
-1.84565
-1.08214
-1.35976
-1.20801
-0.32059
-2.01446
-1.30865
-1.45120
-1.46961
-1.65382
-1.13515
-0.04075
-1.67851
-0.59292
-1.85921
-1.89936
-0.59803
-1.98938
-0.37338
-2.02889
-2.10262
-1.26493
-0.93618
-0.72371
-1.58467
-0.65345
-2.47012
-0.12956
-1.27281
-2.06477
-2.45550
-1.25027
-1.29085
-0.88720
-1.21131
-0.43466
-0.75706
-1.51587
-2.07495
-1.63280
-0.56514
-1.81624
-1.63196
-2.03597
-0.88775
-0.40419
-2.06494
0.38768
-0.62791
-1.74527
-1.01692
-0.38794
-1.49477
-1.65814
-2.22404
-1.11136
-2.44405
-0.57924
-0.56955
-0.36013
-1.12832
-0.62881
-0.96641
-1.40645
-1.40967
-0.41837
-1.12319
-0.97750
-1.58751
-2.31308
-1.65689
0.17344
-1.70653
-1.19612
-1.48276
-0.32130
-0.90544
-0.36956
-1.14961
-0.91580
-2.21745
-1.67600
-1.28893
-2.53571
-1.50144
-1.52937
-1.62477
-1.61291
-2.08755
-1.48699
-0.27392
-0.63348
-0.90201
-1.70896
0.01466
-1.73756
-2.11742
-0.02023
-1.67211
-2.14122
-1.60603
-0.89860
-0.75465
-0.99617
-1.84316
-1.71163
-0.55556
-0.03205
-0.83606
