-1.38691
-1.88969
-0.42374
-1.26225
-1.00569
-2.14124
-1.79994
-1.53290
-1.09657
-0.95711
-1.16594
0.47490
-0.79923
-1.71355
-1.43481
-1.34192
-1.85721
-1.60297
-1.06791
-1.51269
-2.47601
-0.81151
-1.39810
-1.73983
-1.03910
-0.61002
-1.47802
-0.86258
-2.16509
-1.87592
2.76006
-1.17903
-1.86117
-2.35115
-1.90041
-0.43734
-2.45064
-2.70256
-2.58191
-1.84769
-1.26816
-2.21196
-1.03209
-1.80455
-1.37997
-0.69262
-2.78097
-2.01125
-2.32390
-0.46297
-1.25466
-2.07639
-0.46939
-1.71134
-0.27373
-0.75718
-1.51808
-2.30031
-0.40931
-1.99015
-1.67031
-2.20805
-1.91305
-0.74137
-2.01891
-1.72268
-1.41904
-2.28941
-1.86414
-2.01939
-2.66681
-1.64666
-1.88277
-2.29435
-1.37378
-1.61592
-2.47206
-2.26347
-2.14075
-2.22255
-1.95412
-1.89948
-1.74947
-2.06606
-1.54599
-1.91405
-1.84569
-2.10029
-1.57884
-2.28233
-1.63071
-2.79443
-2.28162
-2.42476
-1.70668
-1.73245
-2.06705
-0.44979
-1.27578
-1.04233
-1.92723
-1.79467
-2.07341
-2.60074
-1.45054
-2.74486
-1.76163
-1.45005
-1.59177
-2.30800
-2.65130
-1.45035
-1.68936
-1.52697
-2.72745
-2.10008
-2.62084
-1.81486
-0.81986
-1.42449
-1.72663
-1.75159
-1.63511
-1.79773
-1.09415
-2.22307
-2.01809
-2.01428
-1.74470
-2.14351
-0.98875
-2.03272
-0.86568
-1.02360
-1.87215
-1.12619
-2.15949
-2.24322
-0.58102
-0.86482
-1.90549
-1.16776
-1.76270
-2.34119
-0.75939
-1.73306
-2.20909
-1.03203
-0.55385
-0.98358
-2.43299
-1.80882
-1.93978
-1.90995
-1.32094
-0.06590
-1.39485
-1.08043
-1.74610
-2.01215
-1.59146
-1.45215
-1.26300
-1.18622
-0.95396
-1.45120
-1.46961
-1.85921
-0.59803
-2.10262
-2.06477
-2.45550
-1.63280
-2.22404
-2.44405
-1.12832
-1.40967
-1.65689
-1.48276
-1.67600
-1.52937
-1.48699
-2.11742
-2.14122
-1.60603
