3.04465
1.49863
4.95877
-0.55280
0.43496
2.43568
0.07536
1.27645
0.62722
3.10525
3.74749
1.32052
3.98625
1.87346
4.27230
-0.45042
2.08352
3.23019
1.27233
0.74712
3.41930
0.49798
4.05548
4.13218
2.81420
4.09125
4.18094
2.67100
3.16617
2.80982
3.46792
2.85135
1.79651
2.65714
2.31066
3.12029
3.10913
3.60259
4.85415
5.47025
0.83889
0.18166
4.11129
5.19477
0.94596
5.34056
4.98083
2.07356
3.50192
4.51781
6.06985
4.26628
1.55469
2.13979
6.42442
1.57557
0.86711
1.35467
-0.52148
0.95700
1.55949
1.69235
4.41380
0.08047
5.60956
3.67629
3.23261
2.11043
2.09110
3.40941
1.94718
1.79048
2.23722
-0.02406
4.25211
5.44452
1.77014
3.95826
1.27773
2.08504
1.20468
0.12369
1.41567
0.73564
1.78960
2.36669
3.92813
1.91121
2.28252
1.26008
0.36172
0.91979
1.43266
1.65534
2.03382
3.80452
1.14404
0.60750
2.47122
0.90804
2.13798
5.35694
5.25636
2.69737
0.60929
2.92418
4.71946
3.92202
1.36127
3.56796
1.16678
0.13222
2.65008
1.45726
0.70906
2.49208
3.58997
1.92596
0.01188
3.35192
2.77448
4.51421
6.42442
5.31103
3.36487
0.27315
3.89537
3.74944
-0.43298
3.76309
1.34184
3.49146
2.59404
0.61447
3.23110
-0.78251
0.91493
2.01888
0.55816
1.61342
-0.15269
0.73243
0.21776
1.89672
2.45120
0.23262
3.23126
3.25830
1.30538
3.19916
3.34002
4.89763
2.08149
1.38724
1.25070
4.62795
1.83717
0.95551
1.91464
3.43775
1.35603
2.47461
0.35559
0.81426
0.64639
0.31305
2.15640
0.50703
-1.22925
2.10236
2.56305
1.65059
0.27049
0.30000
2.74537
2.49498
-1.47394
0.09278
1.65498
1.77914
0.68622
1.02413
1.96197
0.70475
1.57149
1.38994
