0.86861
-1.11228
-1.48465
-0.45403
-1.28239
-0.02874
-1.80674
0.92022
-2.08368
-1.38076
-0.62529
-0.62725
-1.92127
-2.01175
-0.39726
-1.19156
-0.42331
-0.44545
-1.61593
-0.72638
-1.06826
-1.93372
-0.94529
0.07566
-0.59095
-1.36349
0.81443
-1.61055
-1.05002
-0.04684
-2.10479
-0.54725
-0.62518
-1.72721
0.08627
-0.90983
-0.23164
-0.86485
-0.25334
-1.38442
-1.12900
-2.10598
-1.41797
-1.37668
-1.13733
-0.38273
-2.03460
-0.51944
-1.19210
-0.60137
-1.24160
-0.81340
-1.28443
-0.04923
-0.46864
-1.23038
-1.31242
-1.63400
-1.25280
0.98430
-0.05832
-1.57456
-1.02499
-1.19006
-1.65185
-1.78381
-0.95046
-2.12917
-0.31721
-0.84918
-0.94861
-1.74416
-0.97023
-0.70656
-1.61190
-2.10232
-1.39005
-1.26544
-1.52659
-0.44851
-0.14452
-1.76366
-1.69763
-0.30944
-1.57929
-1.02602
-1.37571
-1.65103
-0.38969
-0.16088
0.56722
-1.40677
-0.81378
-0.93595
-1.68291
-1.35059
-0.23414
-0.39587
-0.92151
-1.64795
-1.22519
-1.53074
-1.76319
-0.33587
-0.37290
-0.14950
-0.96346
-1.83183
-1.35187
-1.36512
-1.48516
-1.64147
-1.35658
-0.87810
-1.90700
-1.53271
-0.56139
-0.96634
-1.01387
-1.14033
-1.31232
-1.56550
1.30865
-0.37773
-1.49655
-1.46814
-1.75461
-0.72134
-1.02451
-2.08366
-1.40410
-0.27210
-0.87988
-1.77744
0.08980
-1.81678
-1.47893
-1.17009
-1.63409
-1.28937
-1.04999
-0.77721
-1.01789
0.14104
-1.72887
-1.59458
-0.96062
-1.24061
-0.69919
-0.54700
-0.67526
-0.99453
-1.06985
-0.99810
-0.44274
-0.68565
-1.34911
-0.81050
-1.51608
-0.73819
-0.79460
-1.35872
-0.39276
0.00206
-0.96941
-1.27818
-1.89331
-1.12724
-1.38857
-1.81133
-0.23938
-1.33800
-1.00105
-0.43500
-1.09986
-0.42996
-0.63555
-0.93323
-1.13603
-1.21600
-0.30261
-0.69963
-0.38485
-0.72699
-1.58462
-1.48502
-1.22647
0.35150
-1.62002
-0.23464
-0.91128
-0.86737
-1.90200
-0.41871
-0.50473
-1.71786
-0.87561
-0.82112
-1.35778
-2.04076
-0.30566
-0.96754
-1.07589
-0.81674
-1.99048
0.35832
-1.93476
-1.36959
-1.40535
-0.24260
-1.29949
-1.89060
-1.78454
-1.34769
-1.47188
-0.66335
-2.12599
-1.71061
-1.34928
-0.89704
-0.92169
-1.14410
-0.50662
-1.37547
-1.59624
-1.12259
0.61872
-0.74847
-2.07726
-1.50787
-0.59979
-1.60967
-0.78551
-1.22577
-0.35288
-0.60632
-0.70330
-0.42077
-1.56232
-0.73544
-1.61206
-1.86939
-1.74230
-0.22197
-1.37785
-1.57788
-0.93415
-2.10320
-0.98677
-0.60734
-1.64154
0.47762
-1.45618
-1.47087
-1.91803
-1.13664
2.00999
-1.16674
-1.02568
-0.94456
-0.74218
1.29821
-1.94658
-1.45030
-0.81146
-1.44265
-1.60071
-0.89596
-0.80888
-1.61922
-1.78770
-1.07643
-1.22431
-0.43053
-1.06992
-0.92934
-1.17387
-0.69837
-1.23164
-1.64694
-1.33808
-1.92622
-1.63301
0.09455
-1.45312
-1.26696
-1.02202
-1.16324
-1.48231
-2.12861
-0.12616
-1.30711
-1.46099
-1.60974
-1.88304
-1.30210
-1.05103
-0.68243
-0.80047
-0.89136
-1.96826
-1.41659
-1.42654
-1.83480
-0.51299
-1.41348
-0.43276
-1.74524
-0.28866
-1.49195
-1.18546
-0.86375
-0.84319
-0.62365
-0.27413
-1.91638
-0.31169
-1.42630
-0.05949
-1.88055
-1.46830
-0.59472
1.41186
-0.86639
-0.95026
-1.39366
-0.45550
-1.30554
-1.03391
-1.34887
-1.27088
-0.79253
-1.47351
-0.63601
-1.35159
-0.57676
-0.25655
-2.06862
-1.81276
-0.73035
-1.10951
-1.40915
-1.05471
-0.63631
-1.46882
-1.71567
-0.19851
-0.93056
0.06688
-1.70950
-1.82135
-1.32044
-1.75718
-0.43877
-0.71436
-0.55987
-1.81700
-1.48808
-1.16263
-0.91285
-1.37411
-0.92794
-0.79551
-1.09562
-1.31157
-0.51571
-1.03218
-1.78804
-0.47008
-2.06897
-1.83122
-0.66530
-0.92084
-1.31346
-0.01045
-1.73936
-0.28055
-1.80483
-0.86913
-1.64269
-1.76941
-1.17748
-1.66392
0.15622
-1.00182
-1.00197
-0.95519
-2.12468
-1.47946
-1.95707
0.04172
-1.27696
-1.72247
-0.44690
-0.65082
-1.74381
-1.53036
-1.98464
-0.99628
-1.38045
-0.53731
-1.66249
-1.77190
-0.77895
-1.35982
-1.90515
-0.72782
-1.22874
-1.54824
-0.98742
-1.63333
0.29424
0.25886
-1.08050
-0.74053
-1.70639
-0.51453
-0.99065
-0.64994
-1.57897
-1.60807
-1.52070
-0.96255
-0.22714
-0.47176
-1.50604
-1.34041
-1.89031
-1.71789
-0.99624
-1.00249
-0.16721
-1.40803
-1.21481
-1.15877
-1.29169
-0.84941
-1.57050
2.14410
-1.27974
0.67409
-0.25540
-1.09366
-0.98177
-1.31326
-1.43661
-1.98648
-1.10757
-0.71173
-0.82695
-0.85568
-2.13624
0.74643
-0.98445
-1.29287
0.00650
-1.01780
-1.68495
-0.63084
0.80243
0.19974
-1.35939
-0.63345
-1.79275
-0.37861
-0.74832
-0.78339
-2.01559
0.59314
-0.34316
-1.43485
-1.40527
-1.04913
-0.80135
-1.32641
-0.52412
-1.47547
-0.51006
-0.54969
-1.24823
-0.57608
0.40971
-0.19012
-0.88730
-1.64876
-0.60733
-1.20779
-1.19756
-1.73209
-1.90104
-2.12773
-2.11397
-1.40483
-0.87335
-0.89223
-1.13613
-0.38131
-1.73071
-0.77457
-1.26770
-0.89260
-0.24849
-1.83001
-1.85248
-1.25141
-1.61972
-0.99322
-0.83763
0.68435
-1.57611
-1.26100
-1.54944
-0.25655
1.10658
-2.11717
-0.83454
-0.65920
-1.26958
-1.67815
-1.19848
0.20867
-0.18346
1.25189
-1.83313
-1.85472
0.03099
-1.34031
-1.61876
0.03900
-1.10857
-0.45038
-1.24304
-0.72876
-1.41951
-0.24680
-0.59981
-1.42628
-0.49635
-1.89871
-1.67944
-0.59774
-1.13160
-1.60961
0.13865
-1.10014
-0.97653
-1.65064
-0.73812
-0.91652
-1.24191
-1.32393
-1.29658
-1.03646
-0.31125
-1.29923
-1.68389
-0.31112
-2.05797
-0.40038
0.58233
-0.00998
-1.13503
-0.14223
-1.41715
-1.53112
-1.59679
0.11137
-1.21610
-1.25899
-2.06764
-1.43746
2.06549
0.08527
0.20257
-1.64422
-1.87257
-0.59151
-1.69449
-1.57579
-0.58115
-1.50402
-0.99857
-1.50429
-1.62981
-1.37395
0.13787
-1.51924
-0.73668
-1.75584
-1.45628
-1.50551
-1.77029
-0.74506
1.12243
-1.09640
-1.29345
-1.48848
-1.57097
-1.74128
-0.29053
-1.34511
-0.85711
-0.92337
-1.08564
-1.13975
-0.53664
-0.35183
-1.62844
-1.21074
-1.70644
-1.15040
-0.76781
-0.99395
-1.63601
-1.22589
-0.97295
-1.13872
-1.56709
-0.76574
-1.75654
-0.79050
-1.30970
-1.00365
-1.16476
-2.13671
-0.43351
-0.42349
-1.36929
-1.16529
-0.93676
-1.01089
-1.87666
-1.68293
2.31434
-0.35861
1.06077
-1.08879
-0.88328
2.03744
-0.75630
-0.29940
-2.12208
-1.82276
-1.22018
0.48474
-1.69421
-1.52891
-0.30035
-1.70891
-1.30410
-0.84933
-0.01549
-0.58633
-1.44669
0.52526
-0.62822
-1.56751
-1.11966
-0.82956
-1.48643
-1.03630
-1.34999
-1.50490
-0.93940
-1.82502
-0.67134
0.26454
-0.83726
-1.51058
-1.47772
-1.34319
-0.92025
-1.95867
-0.47753
-0.95552
-1.93262
-1.72628
-1.57945
0.31775
-1.67615
-0.49997
-0.35521
-1.66500
-1.32117
-1.45071
-1.62580
-1.74216
-0.18253
-1.22707
-0.13752
-0.30217
-1.99023
-0.21639
-2.00856
-0.84073
-1.86862
-0.54310
-0.01644
-0.50173
-1.61515
-1.19778
-1.59125
0.76510
-1.85285
-1.55624
0.26919
-0.11204
-0.87170
-0.35776
1.09661
-1.35784
-0.34701
-1.90221
-1.19535
0.24690
-1.81075
-0.40281
-2.04447
-0.20146
-1.73430
-0.68866
-1.34204
-2.05635
-1.48013
-1.55612
-0.20477
-1.02189
-0.77000
-1.11203
0.11604
-1.07858
-1.51530
-1.79161
-1.67396
-1.92393
1.16396
2.09829
-2.07655
-2.08094
-1.47829
-1.50976
-1.67921
0.79410
-1.01810
-1.04289
1.42206
-1.82941
1.14670
-1.25074
-0.91476
-0.55667
-0.00340
-1.59902
0.19468
-2.07180
-0.80659
-0.62155
-1.70544
-1.73252
-1.92939
-0.90633
0.02183
-1.21417
-1.40757
-1.37316
0.44452
-0.46543
-1.16581
-1.60417
-0.98237
-1.61411
-0.54573
-1.19478
1.74329
-0.75545
-1.38618
-0.27217
-2.05978
-1.73716
1.67934
-1.67882
-1.13865
-0.91393
-0.82738
0.26065
-0.86878
-0.92226
-0.53819
-1.37569
-1.72377
-1.57339
-1.46396
-1.55262
-1.75296
-1.60189
-0.69245
-1.42658
-1.88706
-0.72994
0.02518
-1.62926
-1.92420
-0.85779
-0.24079
0.23987
-1.04182
-0.57672
-2.08918
-0.84202
1.05378
-0.94941
-1.33760
-0.94599
-0.69455
-1.19756
-0.86671
-1.85817
-0.78351
