-0.45013
0.63055
-1.68712
-1.84115
-1.32079
-1.61877
-2.13783
-1.00746
-1.63789
-1.03165
-1.43754
-1.06110
-1.85545
-0.93164
-1.03601
-1.47137
-0.52282
-0.84963
-2.01008
-1.51850
-1.81306
-1.76866
-2.05852
-1.70209
-1.18068
-1.80038
-1.80527
-0.97640
-1.24209
-2.03727
-1.78413
-2.12530
-1.20791
-1.88052
-2.02809
-1.28812
-1.82163
-1.87939
-1.61891
-1.63467
-2.06743
-0.95153
-1.23185
-0.39649
-1.19849
-1.62864
-1.41077
-0.20314
-0.84130
-1.78104
-1.33877
-1.13377
-1.96115
-1.47319
-1.13348
0.14155
-1.06057
-1.90620
0.21576
-1.19905
-1.59557
-0.84952
-0.38819
-1.75244
-0.37082
-2.01094
-1.55491
-1.45664
-1.21527
-1.21513
-0.90225
-0.33559
-0.90355
-1.28051
-0.87494
-1.80984
-1.65715
-0.87325
-0.91837
0.23822
-1.43730
-1.28236
-1.06033
-1.14698
-0.59076
1.02354
-1.23806
-1.74591
-1.80098
-2.03117
-1.50872
-1.27073
-1.27534
-1.53710
-1.17012
-1.22781
-2.06678
-1.99783
-1.29246
-2.01301
-2.13726
-1.72477
-1.41418
-2.13777
-0.77176
-1.38074
-0.73407
-1.76677
0.42360
-1.02039
-1.82566
-0.70888
-1.40002
-0.94755
-0.90720
-2.09324
-1.48182
-1.20547
-1.17587
-1.16471
-1.72803
-2.13504
-1.87334
-1.92734
-0.67048
-1.08521
-1.99621
-1.52526
0.08770
-1.49254
-0.26696
-1.99312
-1.07550
-1.77152
-2.03569
-2.11981
-1.60132
-1.41856
-1.85813
-1.31318
-0.96066
-1.33163
-1.84206
-1.75233
-2.12669
-2.11863
-1.05649
-1.55653
-0.76940
-1.21436
-0.93331
-1.77123
-1.15368
-1.55885
-0.65400
-1.59179
-1.27604
-1.69904
-1.31346
-1.69620
-0.62085
-1.45213
-0.47604
-0.34512
-0.60718
-1.54424
-0.70654
-1.22606
-1.58602
-0.91743
-2.05566
-1.47062
-0.78364
-0.85313
-1.75914
-0.34327
-1.63941
-0.38838
1.22260
-0.13478
0.46676
-1.42681
