1.07166
3.40823
6.61976
6.61976
4.66278
6.61976
6.36311
2.41933
1.58464
2.26515
2.80204
4.89458
2.20690
4.79443
2.46857
0.94100
4.40791
2.96385
5.03926
4.43029
5.35373
4.28893
2.14287
3.12126
3.38917
2.37411
1.76047
4.76014
2.77908
2.51150
3.96163
1.95800
1.54308
3.05426
1.80288
2.54001
2.26214
0.05925
0.35923
1.73303
4.17596
2.12886
-0.02837
1.95604
0.88245
2.14054
2.44078
1.37059
1.74310
3.99372
4.93243
2.20698
2.59787
2.51375
3.61185
5.67508
1.71932
3.71232
1.25879
5.51997
4.00289
2.93580
1.76200
3.82799
5.20839
1.63516
3.22406
1.16590
4.46143
6.61976
1.92714
3.30293
2.58089
5.18247
3.70674
5.13568
1.53756
3.21480
3.11485
3.61989
3.53109
2.10848
6.02801
3.50305
3.28913
1.13434
3.40771
2.20390
5.04170
0.70735
2.81860
0.58988
4.41240
2.07751
2.36741
0.13577
3.04826
3.04123
5.59773
2.92361
2.81086
2.76406
1.74474
4.19078
2.27237
3.04476
0.88811
1.81876
-1.59375
3.79418
4.96421
6.02277
4.63309
2.02840
3.70959
4.66726
5.46691
5.28610
2.12530
2.00458
1.48938
4.39910
6.14441
0.63746
2.04400
6.56262
4.03497
2.87042
4.60684
1.66289
4.56225
2.88226
4.91228
0.95454
4.08740
3.66643
4.32393
1.69780
2.51935
2.35485
5.33983
0.78122
3.24643
5.67859
1.48690
4.84052
3.86890
1.89642
3.25021
1.22532
-0.43203
4.96492
4.47798
3.95868
3.02635
3.93202
2.82431
0.84609
1.71363
1.89044
0.19677
1.03316
4.69114
0.84289
3.20470
-0.59017
-2.01898
3.09209
-1.77496
2.19130
2.36569
0.67607
1.99234
1.67541
4.84987
4.30107
1.79703
2.55341
2.70206
2.92857
2.64396
0.71628
2.97852
-2.12402
