9.59820
7.19209
6.37688
8.02869
9.86385
10.15212
6.97853
1.84407
9.56008
7.75009
3.06007
4.71688
10.15212
4.32835
8.12816
7.55712
10.15212
2.55311
-2.92205
5.46199
5.75081
6.10385
6.08914
7.65528
6.03725
9.79395
6.79946
3.38826
5.52588
9.58630
9.17154
10.15212
5.17766
3.25051
1.67821
2.18963
7.82050
7.83470
2.48063
5.96346
4.15024
10.15212
7.34379
6.10336
5.89322
6.02983
5.28804
5.79726
6.07092
7.73460
7.19528
4.75312
10.15212
8.60182
4.64475
7.26514
8.08089
10.15212
10.15212
4.77110
4.67307
7.41199
6.95365
10.15212
4.12557
6.10070
6.27995
8.12387
7.04830
4.62892
9.47475
7.47361
4.21081
7.26113
1.96919
0.83076
6.58515
5.04240
-1.69041
1.17008
6.49024
6.68493
4.25265
8.98123
3.78129
2.70529
5.40996
7.25105
5.29779
5.83668
7.00805
2.14648
4.15858
0.87842
2.73146
4.03503
5.87165
5.57451
0.45713
0.30941
6.04416
5.35786
1.74862
4.51238
5.99175
7.08306
5.90724
8.33627
4.56106
10.15212
9.28416
10.09260
6.63860
10.15212
5.64174
10.15212
7.52426
9.02034
4.62006
5.29103
7.87719
7.54498
8.15157
10.15212
8.50980
8.32056
5.01766
5.34881
3.71612
0.74694
9.87556
6.79823
4.48787
8.87089
4.55466
6.94179
8.41100
4.15400
3.97526
5.14841
10.15212
10.15212
10.15212
5.20057
5.89862
4.25626
-1.33857
-0.64230
0.65322
10.15212
9.23200
8.49647
7.56452
1.12740
10.15212
5.05088
5.93340
5.52101
10.15212
7.46691
3.10601
8.28148
10.15212
6.86192
6.68135
8.21601
8.15410
10.15212
9.51429
5.93739
8.49732
8.67629
4.59908
4.43653
7.81404
6.24390
6.74370
2.90847
