0.22544
-3.08113
-3.22885
-3.00294
-5.25854
-2.10396
-3.61420
-2.29082
-2.91147
-2.92682
-2.95269
-3.41438
-3.01410
-1.07789
-3.23006
-3.19799
-2.01358
-3.53472
-3.81274
-5.17777
-3.42928
-3.78785
-3.23385
-4.44506
-3.08409
-3.66823
-3.26019
-4.23778
-0.05381
-3.95533
-4.27070
-2.81910
-3.71936
-3.26372
-4.94784
-2.25103
-0.68323
-2.44826
-1.83622
-4.07619
-2.49986
-2.98319
-1.91533
-2.20814
-3.01569
-4.06733
-3.17266
-3.46097
-2.09399
-4.93996
-2.97954
-4.29174
-3.13021
-1.78911
0.27195
-3.77096
-3.35270
-1.14213
-2.19209
-2.18896
-1.32695
-2.38359
-3.28203
-5.03638
-3.06158
-4.11268
-3.35978
-2.86634
-3.20364
-2.29380
0.05762
-1.64174
-1.11862
-1.81210
-0.42443
-3.84757
-1.36855
-2.82755
-4.04099
-4.46969
-2.77513
-2.41233
-3.70508
-0.05453
-5.02716
-3.17572
-2.03870
-1.50716
-2.84520
-2.80825
-5.45668
-4.27284
-1.92652
-2.28732
-1.84676
-2.67549
-2.30529
-2.06639
-3.22578
-4.97582
-2.03240
-0.40019
-4.43007
-2.90615
-3.88489
-4.19131
-3.04662
-2.46462
-1.89146
-2.63765
-1.85195
-1.31763
-2.73656
-2.95591
-3.70238
-3.10113
-2.81977
-4.06155
-2.29664
-2.41023
-2.11156
-3.48542
-1.11896
-4.15318
-3.98050
-3.96695
-3.49100
-2.55302
-1.13603
-3.21498
-3.10603
-0.81637
-0.19618
-3.97526
-2.15816
-1.62079
-3.48081
-3.98157
-3.15988
-1.39252
-3.70312
-2.41922
0.36447
-1.00638
-2.24031
-3.11787
-4.47505
-4.16890
-2.30282
-3.30655
-1.96812
-1.81000
-4.35796
-0.84068
-2.64289
-3.73669
-3.04147
-5.35649
-0.90439
-2.01333
-3.35286
-4.04671
-2.57208
-4.77033
-2.74057
-3.60755
-2.44809
-2.16140
-3.22833
-1.08152
-3.57002
-4.57688
-3.35159
1.52394
-2.02978
-3.30533
-3.14878
-4.00610
-4.18829
-3.95001
-3.55663
-0.82354
-2.45976
-2.30769
-4.00731
-4.26050
-5.42424
-1.02077
-3.34335
-3.70838
-2.10803
-4.22078
-1.30319
-2.64258
-4.52424
-3.00727
-2.76272
0.06873
-1.35190
-0.87497
-1.55666
-3.26358
-4.18797
-2.92365
-2.34141
-3.48682
-1.74380
-0.05531
-2.65906
-3.74418
-1.70199
-1.77269
-2.64614
-2.45605
-2.99834
-4.37336
-4.89460
-3.87382
-1.27621
-2.36870
-5.28676
-3.41968
-1.21853
-2.07577
-1.25788
0.30355
-2.14429
-5.03451
-4.27701
-2.09747
-1.80613
-1.82885
-3.62310
-2.22848
-3.18832
-2.96834
-4.12648
-3.55961
-3.67105
-3.74364
-2.84632
-2.79393
-3.49079
-3.82830
-2.35239
-2.52167
-3.40827
-3.34324
-2.64326
-4.66356
-2.65970
-1.01640
-0.45059
-2.33737
-4.01552
-3.66709
-2.01621
-0.29720
-2.79802
-3.39270
-3.29153
-3.66590
-3.68745
-2.27112
-2.27679
-4.89946
-3.20035
-3.12027
-2.82881
-1.35785
-3.06118
-2.47742
-2.98009
-5.26043
-3.91336
-2.36225
-2.73027
-2.37826
-3.29799
-2.61018
-4.94290
-2.01439
-2.34818
-1.52482
-4.68885
-0.47092
-2.80365
-3.91058
-4.53716
-4.29655
-4.89474
-1.47126
-4.78887
-3.02113
-4.82866
-5.24288
-1.97081
-2.02658
-2.54859
-2.69859
-3.32029
-4.42105
-1.49443
-3.34569
-3.99463
-2.69543
-1.69838
-3.67741
-2.82916
-3.44580
-3.82569
-3.00733
-3.83574
-3.60778
-3.75659
-1.95865
-2.28262
-2.99159
1.69074
-2.81850
-3.54122
-3.92458
-2.02023
-3.32137
-1.35176
-3.99858
-3.62890
-2.93745
-4.40392
-3.22440
-3.44332
-4.04174
-1.57119
-2.93358
-2.22849
-3.56967
-2.69833
-3.17397
-2.69639
-3.61746
-3.91225
-3.00058
-3.88598
-3.84230
-4.10941
-3.43521
-2.42149
-3.02933
-3.02856
-4.44411
-3.28619
-3.58193
-3.05721
-3.31477
0.54279
-3.36088
-0.33404
-2.04800
-4.80512
-4.27262
-4.74494
-2.30827
-3.57056
-2.69208
-2.84518
0.38915
-2.64029
-5.44716
-3.87098
-1.54338
-2.65353
-1.28837
-2.96859
-2.89742
-3.75793
-3.40583
-3.78434
-4.86866
-3.68865
-3.29966
-2.73746
-4.06834
-2.04700
2.07413
-2.20989
-3.30383
-3.86460
-2.40175
-4.06242
-5.15293
-3.98766
-3.22462
-0.87386
-3.52880
-3.58367
1.89539
-2.03397
-3.62590
-1.99449
-0.59427
-5.17640
-1.44704
-3.71895
-2.65833
-2.21822
-1.94458
-2.42891
-3.49273
-0.30876
-2.35049
-1.37044
-1.78230
-5.58342
-3.24074
-0.54302
-4.38156
-2.49838
-2.14357
-1.23105
-1.96991
-2.17666
-2.21090
-2.17793
-3.58355
-2.84491
-2.78833
-3.17939
-3.50599
-2.83859
-4.50801
-4.11400
-4.69111
-2.32027
-3.22031
-5.19414
-1.50942
-4.12188
-2.73029
-2.65999
-4.29652
-2.14693
-3.49381
-4.73953
-4.33404
-4.82695
-2.01574
-2.43755
-1.64436
-0.81160
-1.75052
-2.54348
-3.12342
-2.71868
-2.98999
-3.75027
-1.87275
-3.35111
-1.30625
-1.30434
-2.91130
-4.94377
-4.52890
-1.12114
-3.36686
-1.97873
-3.45558
-3.54579
-4.18893
-2.73061
-1.98734
-4.49687
-4.52094
-2.38375
-3.55846
-4.45912
-2.25860
-1.81471
-3.07472
-4.29996
-2.76624
-3.50044
-2.37087
-3.52129
-4.30250
-2.54875
-2.38182
-2.93888
-2.53612
-3.76956
0.36917
-3.19579
-3.40910
-2.40707
-3.66440
-3.24793
-2.25177
-1.38966
-5.13767
-3.19291
-2.43555
-3.20949
-4.96912
-3.94566
-3.35743
-2.17360
-2.72345
-4.27183
-4.20050
-1.52489
-1.42876
-3.85329
-4.30968
-4.75648
-2.27741
-2.20215
-2.09706
-4.27485
-3.63429
-0.03056
-3.35702
-4.47300
-3.39834
-2.61713
-1.59290
-2.50912
-4.05910
-2.20762
-4.37068
-4.11503
-1.92682
-2.72761
-3.69481
-2.78209
-3.92701
-1.79446
-3.07516
-2.72632
-3.61476
-4.18123
-3.16905
-3.11700
-1.88904
-4.82465
-3.92596
-1.25037
-2.31947
-4.10809
-3.66922
-2.28554
-3.03763
-4.46801
-0.23343
-4.47781
-3.85184
-1.79562
0.78434
-0.27015
-1.27627
-3.68345
-3.83021
-4.02063
-2.40095
-2.11026
-2.90316
-1.76515
-2.79052
-2.41570
-4.86567
-4.13240
-1.80603
-3.77094
-4.90164
-0.91260
-4.60236
-3.47653
-4.31025
-2.39034
-1.60136
-2.60234
-1.92759
-2.85042
-4.23725
-3.08366
-1.68669
-4.15225
-2.68878
0.29044
-4.13649
-1.39011
-0.88094
-3.59212
-2.18312
-3.57323
-3.66154
-3.17548
-3.63654
-1.42554
-4.15352
-3.92133
-2.89684
-3.06620
-2.74514
-1.62682
-3.60480
-3.55373
-4.00004
-1.99165
-1.53213
-2.11598
-3.80867
-4.34829
-5.09067
-1.09883
-3.01849
-3.16642
-0.14668
-0.72198
-3.12764
-4.36838
-4.80522
-0.96806
-4.14912
-4.36151
-4.15308
-2.32933
-3.52433
-3.02000
2.70898
-3.15512
-3.86342
-1.99728
-5.33388
-4.68043
-2.11854
-2.42862
-2.80099
-0.64291
-2.19747
-1.33136
-3.63239
-3.94134
-3.44577
-2.02716
-2.77284
0.29765
-2.04263
-1.14606
-2.05333
-2.09577
-0.94020
-3.71580
-2.15903
-3.03879
-1.34171
-2.71697
-3.56340
-4.16100
-3.47769
-3.57845
-3.88677
-3.35150
-2.36654
-2.82320
-2.29198
-2.53143
-3.39315
-2.80278
-2.41250
-4.26635
-5.16215
-4.76420
-3.97520
-4.94372
-3.66308
-2.73690
-3.11923
-2.53058
-2.39700
-1.94774
-2.60249
-4.04674
-3.64141
-2.82802
-3.56407
-1.94684
-4.36841
-3.78212
-4.78643
-3.31970
0.32620
-3.64700
-1.82228
-0.41376
-4.38589
-4.06282
-5.31528
-4.83105
-1.07235
-3.86882
0.11976
-2.82843
-1.22911
-1.21561
0.38496
-2.33604
-2.99099
-4.18123
-2.47378
-3.78138
-5.43544
-4.37871
-1.18853
-3.75480
-1.59684
-3.55980
-4.54106
-3.02279
-4.26720
-3.52973
-3.57377
-2.80043
-4.20315
-3.66126
-2.21543
-2.19290
-2.34085
-3.67086
-3.59723
-4.78795
-3.34009
-0.96743
-1.49045
-2.59350
-3.83287
-2.39735
-3.41108
-2.06129
-2.95754
-3.84322
-2.39639
-4.41341
-4.72352
-4.41045
-0.39445
-3.80790
-1.37101
-2.35298
-4.29199
-1.41853
-1.96095
-3.46719
-2.56621
-0.51728
-1.94663
-2.47951
-3.47793
-0.98491
-2.00362
-2.03557
-4.69877
-2.99225
-4.55729
-4.16894
-4.07174
-1.89368
-3.22898
-3.60500
-1.90737
-3.95847
-1.56828
-3.56496
-2.49156
-3.17449
-2.98452
-0.93995
-1.38991
-3.74260
0.39999
-2.86629
-1.86837
-1.64067
-3.13071
-2.13712
-4.40401
-3.85372
-3.23787
-2.25931
-4.12840
-1.41121
-3.16088
-4.93837
-3.74275
-1.71640
-2.99125
-1.60402
-0.35501
-1.61485
-2.15660
-3.76424
-4.96148
-1.50886
-2.01745
-3.76760
-3.11089
-3.22776
-0.82478
-2.97584
-2.17433
-1.83065
-2.61540
-2.44895
-2.32095
-0.57533
-3.35404
-2.59683
-5.49275
-4.18728
-4.45961
-1.31503
-5.30928
-3.46441
-2.09779
-2.38065
-3.67001
0.10482
-4.38140
-1.59719
-3.37001
-2.05744
-0.10755
-4.71038
-2.41937
-4.75319
-1.35181
-3.15744
-3.49734
-3.70364
-5.35622
0.08286
-3.65906
-3.40287
-2.06772
-4.42796
-0.24027
-2.17520
-3.17578
-5.53296
-4.50206
-5.02350
-3.22348
-2.87734
-2.46339
-2.17734
-5.60434
-3.62189
-3.37434
-4.16008
-3.09877
-5.31100
-5.20415
-5.46656
-1.46764
-3.21465
-1.83445
-2.06066
-1.55306
-3.17001
-0.80082
-4.47676
-4.47437
-2.47459
-4.91123
-2.45159
-5.54383
-3.83552
-0.71865
-0.58260
-2.99401
-3.34045
-3.49950
-1.26934
-2.79135
-3.55245
-3.11863
0.14227
-2.08309
-2.47747
-2.66395
-5.29284
-3.68917
-2.54080
-4.71419
-1.94546
-3.75429
-0.56731
-4.00476
-2.78318
-2.52535
-4.39963
-3.79010
-2.51837
-3.00415
-1.90361
1.11656
-1.59966
-4.74772
-4.09431
-4.74922
-0.12275
-1.90054
-1.89063
-4.35120
-4.01152
-4.84199
-4.20661
-3.01243
0.79252
-3.88821
-3.65357
-2.02286
-4.38731
-2.94406
-2.04218
-0.56059
-2.30781
-1.74418
-4.58054
-4.49217
-1.58581
-4.34122
-4.46270
-4.63881
-4.00183
-2.18551
-3.79997
-1.47770
-1.19357
-4.58335
-0.54908
-2.73573
-4.89851
-1.63928
-5.06979
-4.99738
-3.71883
-4.99121
-0.43305
-2.06020
-2.69682
-1.76154
-2.77590
-0.27253
-1.97452
-3.55366
-4.50244
-3.49428
-3.41878
-4.50899
-3.79058
-2.49798
-0.57981
-2.54118
-3.80659
-2.93447
-0.70929
-3.08200
-2.88777
-3.13741
-5.33334
-4.69642
-4.25098
-3.93434
-5.40439
-4.41858
-4.05624
-3.36676
-2.65647
-2.78018
-2.04823
-0.36322
-2.64684
-3.59132
-1.56449
-6.03742
-4.98896
-3.68386
-2.87788
-2.30174
-0.92526
-1.52488
-4.31346
-2.09162
-1.35371
-2.06574
-2.30318
-2.08688
-3.86235
-0.56768
-2.96130
-5.84847
