-3.00294
-2.10396
-2.01358
-3.42928
-3.08409
-4.23778
-3.26372
-4.94784
-2.49986
-3.17266
-2.97954
-3.06158
-3.35978
-4.04099
-3.17572
-2.03870
-4.27284
-4.43007
-2.90615
-2.95591
-2.81977
-3.49100
-2.55302
-3.98157
-4.47505
-5.35649
-4.77033
-3.35159
-3.55663
-1.02077
-3.34335
-1.30319
-2.64258
-4.18797
-2.92365
-4.89460
-5.28676
-4.12648
-2.84632
-3.49079
-3.34324
-2.33737
-3.29153
-2.27679
-3.12027
-5.26043
-3.91336
-4.94290
-4.29655
-4.82866
-5.24288
-2.69543
-3.44580
-3.60778
-3.32137
-4.40392
-4.04174
-3.91225
-4.10941
-3.02856
-3.28619
-4.27262
-2.30827
-3.87098
-3.78434
-3.68865
-4.06242
-3.98766
-3.62590
-1.44704
-2.35049
-5.58342
-0.54302
-4.50801
-4.11400
-3.22031
-2.65999
-4.73953
-4.82695
-4.94377
-4.18893
-4.49687
-3.55846
-2.76624
-3.50044
-3.52129
-2.40707
-5.13767
-2.72345
-1.42876
-4.30968
-4.47300
-2.20762
-3.69481
-3.07516
-1.88904
-3.03763
-0.23343
-4.47781
-2.11026
-1.80603
-3.47653
-3.08366
-3.63654
-4.15352
-3.06620
-1.99165
-1.09883
-0.96806
-4.15308
-1.99728
-5.33388
-2.11854
-3.94134
-3.47769
-3.88677
-4.26635
-5.16215
-4.76420
-3.66308
-4.36841
-3.78212
-5.31528
-4.83105
-2.47378
-5.43544
-4.54106
-3.52973
-3.67086
-4.78795
-2.06129
-4.41341
-4.41045
-4.29199
-2.99225
-4.16894
-4.07174
-2.49156
-2.25931
-4.93837
-1.50886
-3.11089
-5.49275
-4.18728
-3.37001
-0.10755
-4.75319
0.08286
-4.50206
-3.62189
-5.20415
-1.46764
-2.47459
-4.91123
-3.83552
-3.68917
-2.78318
-4.09431
-4.84199
-3.88821
-4.49217
-4.46270
-4.00183
-4.58335
-4.99738
-0.43305
-3.41878
-3.79058
-4.69642
-4.25098
-4.41858
-4.05624
-4.98896
-3.68386
