-1.80635
-3.52853
-3.05516
-1.76532
-3.35222
-3.29536
-2.40088
-1.70585
-1.92801
-2.97010
-1.34949
-2.56037
-3.45975
-0.64065
-0.40350
-1.99367
-2.97401
-1.95265
-2.10778
-2.66867
-3.15310
-4.15896
-2.48492
-1.71196
-1.93400
-3.15008
-3.16823
-2.15094
-2.80673
0.17661
-1.87499
-2.25279
-2.64317
-3.44937
-0.72334
-1.92265
-1.37537
-0.47360
-1.67206
-2.98912
-3.56602
-3.30733
0.99132
-1.16631
-1.77093
-1.88572
-2.53705
-1.79067
-3.58053
-3.65637
-2.48201
-3.04389
-1.36027
-3.28786
-3.64823
-1.06887
-3.48121
-3.17016
-0.88656
-1.36039
0.39510
-2.17045
-3.28105
-1.01677
-3.10337
-3.74483
-3.38763
-2.62056
-2.86392
-1.92972
0.45533
-2.48968
-2.76987
-2.97367
-2.49393
-2.15832
-2.03133
-2.01949
-1.58115
-1.67750
-0.21468
-4.22995
-3.16376
0.03259
-0.59752
-3.57371
-1.91114
-2.16895
-1.78467
-2.07748
-2.44968
-3.25376
-2.47312
-1.09578
-3.98947
-2.12373
1.22489
-3.20969
-2.84095
-3.01072
-2.27665
-3.68686
-1.60825
-2.66703
-3.12788
-3.82615
-2.55018
-2.08982
-2.10739
-1.36355
-3.24478
-1.21687
1.66101
-3.19592
-2.15832
-1.69953
-2.35575
-2.54255
-1.96832
-2.79132
-1.86238
-1.93741
-3.58312
-2.50470
-0.22150
-3.62691
-1.22483
-1.50898
-2.81678
-2.37803
-2.77642
-1.87690
-3.00409
-1.13156
-0.69893
-3.46921
-2.10758
-0.92063
-3.08454
-1.70558
-2.32400
-3.28296
-2.12205
-3.20684
-3.52218
-2.89924
-0.55187
-2.31629
-3.54815
-2.82811
-1.59330
-2.81562
-2.34634
-3.84314
-0.87691
-2.90325
-2.95662
-0.39629
-1.33931
-3.86620
-3.92413
-1.81467
-1.91320
-3.31700
-1.43496
-1.44305
-2.94462
-1.86488
0.33525
-2.56486
-2.50156
-3.24644
-1.55674
-3.67429
-2.96741
-1.56272
-1.94239
-2.83501
-2.28036
-2.74372
-1.31283
-3.95801
-1.93601
-1.06245
0.04528
-2.36465
-2.32909
-2.57915
-1.72284
-3.37575
-1.85360
-2.41197
-2.49161
-1.48936
-2.47487
-1.92361
-1.85575
-2.66416
-2.68737
-2.61517
-2.37728
-3.12186
-1.83337
-3.02997
-0.34475
-2.92084
-3.90509
-2.10794
0.62853
-1.46737
-1.99461
-3.55149
-3.71849
-2.29832
-0.22585
-3.84323
-3.07748
-2.63536
-2.70315
-3.17594
-2.98177
-1.92085
-2.43638
-2.42755
-3.07483
-0.86732
-2.41967
1.10730
-2.80854
-3.94810
-2.34262
-0.74438
-1.82727
-2.60159
-3.03759
-1.47105
-3.59160
-1.41111
-2.96984
-1.82280
-1.44680
-2.52640
-2.26720
-2.09272
-2.98031
-3.20466
-3.41532
-2.09965
-2.97521
-3.27333
-1.65117
-1.85197
-1.82950
-2.15640
0.52461
-0.71624
-3.45658
-2.09951
-0.32359
-1.99039
-1.93243
-1.89457
-2.82689
-1.46268
-3.37283
-2.28515
-1.16917
-2.55463
-3.14047
-3.46524
-2.34377
-0.44169
-3.27908
-1.14700
-2.11916
-1.95116
-2.05117
-1.23245
-3.51417
-3.08896
-2.78073
-1.02199
-3.93002
-2.66169
-2.55644
-2.80964
-1.39778
-1.23220
-2.60516
-2.43916
-3.66454
-1.70042
-3.50669
-1.58644
-1.75383
-1.43322
-1.66379
-0.31078
-2.83040
0.08541
-2.34231
-0.09677
-2.40451
-3.04811
-3.91794
-3.09481
-2.79271
-3.64945
-1.90402
-1.17914
-1.10505
-3.62620
-2.33587
-3.72365
-2.74917
-0.98241
-1.17425
-2.90519
-1.70199
-2.29214
-1.43939
-1.75645
-1.69116
-2.80678
-2.22015
-3.07130
-1.36709
-2.15157
-3.39315
-2.83619
-2.00024
-2.25873
0.78530
-1.77868
-1.83849
-2.72933
-3.00138
-2.58317
-3.57016
-3.31011
-0.96170
-2.67286
-0.19807
-0.88712
-1.21398
-2.60513
-3.14034
-2.77374
-2.92508
-1.72609
-2.12439
-2.47523
-2.59387
-3.16879
-2.45320
-3.08938
-1.43656
-2.92718
-3.12714
-3.16711
-1.36708
-3.17709
-1.45454
-3.53205
-3.49535
-2.25659
1.40986
-2.59972
-2.54922
-2.58385
-1.39013
-3.18072
-2.68859
-2.56888
0.57009
-2.16601
-2.33073
-2.96714
-2.29275
-3.27832
-1.40613
-1.89005
-3.67488
-0.98616
-2.85262
-3.76993
-1.99258
-3.21778
-2.16530
-2.82972
-2.79480
-1.93364
-2.17017
-1.73427
-2.69745
-2.63752
-1.91195
0.65657
-2.32696
-1.06208
-1.43631
-3.01169
-2.87409
-2.17702
-3.15942
-1.51167
-1.70640
-1.61584
-2.92644
-3.40588
-0.23748
-3.35236
-3.19575
-2.76380
-2.07102
-3.07759
-3.22307
-2.68565
-1.31258
-1.51794
-2.00871
-3.27131
-2.06943
-2.74998
-2.24195
-1.65534
-2.11926
-1.09584
-1.01502
-1.99823
-2.47838
-0.33484
-3.05709
-2.14456
-2.03014
-3.50470
-2.33227
-2.06901
-2.00873
-3.13742
-2.62437
-2.13220
-2.24259
-1.56176
-2.68937
-2.39884
-1.20739
-3.06980
-1.28717
-1.77972
-2.83081
-2.79549
0.23385
-3.22068
-3.95689
-2.33842
-2.68902
-1.00868
-3.64930
-1.86289
-1.58593
-2.76350
-2.64299
-2.66765
-2.32911
-2.68926
-0.00982
-2.42691
-2.21611
-2.94412
-3.54407
-3.53022
-1.02948
-2.14985
-3.27380
-2.86703
-1.04679
-2.08312
-2.72101
-1.06939
-1.77673
-1.58244
-3.60790
-2.48898
-2.26599
-3.14986
-2.69192
-2.89752
-3.95466
-3.46588
-2.54438
-1.74407
-2.69562
-2.58099
-2.72189
-2.67774
0.14763
-3.08786
-2.29773
-3.15761
0.20010
-2.19698
-2.73804
-1.11553
-1.02374
-3.76979
-1.40954
-3.00476
-3.37487
-2.90732
-2.30541
-2.26033
-2.47256
-3.73325
-3.44780
-1.30255
-3.20330
-3.51750
-2.60760
-2.02280
-1.68709
-1.78465
-1.69694
-0.83079
-3.08799
-2.45469
-2.27720
-1.23213
-2.04838
-2.95765
-3.24639
-2.98463
-3.43664
-3.56523
-3.87487
-2.80021
-1.75468
-3.27121
-3.05599
-1.51379
-1.97326
-1.36441
-2.99869
-2.74559
-3.37902
-2.45923
-2.67423
-2.70275
-0.98276
-2.35306
-2.57565
-3.73960
0.33557
-3.89355
-2.06592
-3.33072
-2.07220
-1.70463
-2.16537
-2.61952
-3.00993
-0.72359
-2.18342
-1.20663
-1.70430
-2.99197
-1.86194
-2.83495
-1.07624
-2.47276
-4.23203
-1.84013
-0.59958
-1.90718
-3.66183
-1.69529
0.34122
-2.38432
-2.20179
-2.98475
-1.26713
-2.45180
-2.02113
-3.06319
-2.90329
-1.37325
-2.75388
-2.88029
-1.61464
-3.02089
-2.48516
-1.62187
-3.19527
-3.19984
-0.80410
-2.99092
-2.73657
-2.19038
-0.55436
-2.91251
-2.95190
-2.11680
-2.42331
-2.62822
-3.82277
-3.90278
-2.47847
-3.05575
-1.98725
-2.54327
-3.29951
-2.67473
-2.86492
-1.65699
-3.11018
-2.59346
-2.07558
-2.94846
-2.43201
-2.40629
-2.85374
-2.91875
-0.05399
-1.38630
-1.05061
-1.68723
-2.74824
-0.71028
-2.66150
-2.17868
-1.13255
-2.04157
-0.30090
-3.69724
-1.73155
0.32118
-1.84666
-2.07178
-1.01628
-2.92687
-3.38937
-4.19762
0.51244
-3.88393
-3.13509
-3.17411
-2.18425
-2.18011
-0.89152
-2.28736
-3.25891
-1.30513
-3.33265
-3.32059
-3.63184
0.90421
-3.28734
-3.80063
-2.96189
-2.02390
-3.14916
-2.22477
-2.16645
-3.29247
-0.36844
-2.78671
-3.05756
-1.96472
-2.36164
-3.41058
-1.12268
-2.33256
-3.54657
-3.50185
-3.37442
-3.09709
-2.36896
-0.44599
-2.14783
1.24347
-0.03187
-1.97713
-1.62784
-3.52869
-2.98323
-2.93662
-0.94176
-3.19323
-4.01701
-2.59798
-3.07073
-2.76237
-3.60968
-0.61813
-3.58127
-1.58362
-2.38402
0.21796
-2.80262
-1.12291
-2.88177
-1.50528
-1.90607
-1.45697
-2.95965
-1.04543
-1.69286
-3.03012
-0.82575
-1.29846
-1.23262
-2.76342
-1.70426
-3.56502
-3.06414
-3.83504
-2.19670
-1.50260
-2.07989
-2.28084
0.72771
-0.62982
-1.93605
-2.91357
-3.00121
-2.68837
-2.31435
-1.96431
-1.50724
-3.20610
-3.15775
-1.74000
-3.57636
-0.85075
-4.21325
-2.81604
-2.96595
-1.79486
-3.01035
-2.18115
-2.62582
-2.76587
-2.94698
-2.10915
-1.32458
-2.27737
-2.25953
-0.97583
0.21873
-2.88839
-3.21300
-2.70810
0.89534
-3.56493
-3.37950
-3.39107
-4.04774
0.47074
-2.12247
-3.43478
1.14469
-2.92335
-2.40302
-2.60025
-1.25325
-2.08670
-1.84750
-3.69818
-3.12416
-3.51796
-2.29675
-0.82176
-2.34836
-3.47271
0.82973
-1.12741
-3.18913
-0.85885
-3.24077
-2.02029
-3.63867
-3.30220
-1.49948
-3.50781
-2.65540
-1.97325
-2.26638
-2.79884
-0.42671
-3.67314
-2.78044
-2.76705
-2.27973
-0.75892
-2.34456
-2.73213
-1.86200
-3.38701
-1.69839
-2.85223
-0.74822
-3.86041
-2.58937
-3.32577
-3.63270
-2.24371
-2.11455
-1.60418
-3.13134
-2.51666
-2.79724
-2.78880
-3.25675
-2.92927
-2.72057
-2.70087
-2.50483
-1.03561
-2.04869
-2.54758
-1.10664
-3.82579
