-2.24288
-1.76986
-2.64013
-2.21038
-0.88481
-4.14895
-4.21847
-3.06252
-3.89063
-3.59735
-2.38341
-3.35427
-4.01839
-3.91119
-3.08815
-3.17989
-3.07605
-2.55250
-3.91891
-2.04163
-1.37233
-3.69621
-3.47435
-3.22839
-3.63937
-3.04100
-3.52841
-4.03654
-1.78067
-3.83749
-4.18317
-2.41531
-2.92680
-2.81369
-2.98574
-2.30933
-4.13651
-2.17109
-0.89787
-4.02105
-4.06478
-3.43589
-3.55673
-4.02319
-3.45911
-0.88675
-1.23473
-2.38782
-3.27774
-2.12859
-4.15769
-1.48624
-2.55605
-0.52000
-3.39118
-2.05049
-3.55861
-2.58819
-3.03153
-3.25729
-3.51994
-4.11693
0.61427
-2.32576
-1.57921
-2.56568
-1.15097
-3.21643
-3.55987
-3.34679
-4.04091
-1.38293
-3.45171
-3.35017
-3.10411
-3.99654
-3.06962
-4.03865
-1.73881
-4.20825
-3.05724
-2.37983
-2.73026
-4.13667
-3.35559
-2.67781
-3.99808
-3.64971
-3.22595
-2.28990
-2.78282
-1.15660
-0.97382
-1.68906
-2.15265
-4.14966
-4.11625
-3.28018
-2.93419
-3.45949
-3.82846
-4.22634
-2.30045
-2.93777
-3.77218
-3.38187
-3.60999
-3.65398
-3.91261
-1.97481
-2.41390
-1.69040
-2.83057
-2.94316
-1.14706
-0.08943
-2.95816
-3.60612
-2.95951
-2.41617
-4.14887
-2.81628
-4.14018
-3.66470
-3.37484
-2.74325
-2.99523
-3.63836
-4.05551
-0.45973
-2.59751
-3.75979
-3.53029
-2.82343
-3.35004
-2.97617
-1.63396
-3.14382
-2.63160
-3.38726
-2.99663
-1.93563
-1.71063
-3.17947
-0.39826
-3.93766
-3.13514
-4.18383
-3.75328
-3.71515
-4.10174
-3.53491
-2.97689
-0.93229
-1.73109
-3.99359
-0.91176
-2.57329
-4.01854
0.28632
-1.51419
-2.23084
-2.80922
-3.16296
-3.43907
-4.10894
-2.83034
-4.09747
-3.79553
-3.51876
-3.15674
-2.16197
-1.33789
-3.06370
-2.27557
-3.13626
-2.55328
-3.31732
