5.85096
7.35391
3.45454
1.33993
7.81438
0.74270
4.79023
6.60400
6.37903
7.34135
6.76983
10.94043
8.71447
6.69298
5.56574
9.97984
1.12352
4.32944
7.63683
8.98354
10.94043
10.94043
5.05340
2.04020
5.15572
10.94043
7.97949
10.94043
7.06488
10.94043
10.94043
5.00732
9.87160
10.94043
6.57142
10.70834
10.94043
7.23321
6.81005
2.57682
4.50336
5.71959
5.93123
7.35675
9.06771
3.24513
10.94043
7.09317
9.63837
4.39126
6.72630
8.85668
7.76554
4.99072
2.14943
8.47112
5.57967
9.15869
10.94043
9.45357
5.99534
10.94043
8.58791
7.50140
10.94043
10.94043
6.84444
5.25929
8.71861
7.55914
7.17376
10.94043
5.89034
9.28476
8.75634
8.15497
6.15204
7.23185
10.94043
2.41775
6.81271
6.24356
3.57572
8.73018
7.08810
10.94043
10.94043
7.30115
10.94043
8.36583
-0.93647
5.12939
4.73572
2.97707
6.02239
10.94043
6.96427
10.94043
10.94043
0.56465
9.40680
6.29565
6.15764
10.79206
7.55502
5.84990
5.41265
6.91774
7.43643
4.18817
10.94043
1.53715
0.56025
10.94043
10.94043
10.94043
10.94043
9.74035
10.94043
10.94043
9.40819
10.94043
6.39113
7.72501
10.11675
10.94043
10.45663
7.54052
8.45012
7.98101
3.20061
7.24760
6.68694
10.94008
5.49540
6.42036
7.30938
-1.30593
8.14676
6.33609
-2.20210
5.44984
2.59442
5.69648
6.07204
8.78080
8.83514
9.34634
10.53828
10.94043
6.35584
4.94570
8.44632
7.80092
7.03607
7.75844
7.26781
6.94122
5.01779
10.94043
5.24811
2.72132
3.91299
10.29627
4.56692
1.91044
8.53106
8.08896
8.84656
5.21080
5.28516
7.51712
2.41007
4.13975
7.44263
7.57321
8.17184
10.82653
2.31404
9.29463
3.12153
6.90651
3.79956
