-1.53420
5.74436
2.42099
0.77925
4.20621
3.74863
4.29535
2.51521
4.60499
6.11973
-2.44242
5.31954
2.05063
0.36669
3.84225
3.28447
1.16200
5.76968
7.89577
4.85497
2.47483
0.75877
1.15264
6.93574
1.51209
2.79990
2.82381
3.89255
2.26561
4.56141
0.68346
3.34325
1.51334
6.55888
0.42277
4.26046
3.73657
3.62271
3.93125
4.43273
3.29567
3.25735
2.30244
3.58078
3.11824
6.51047
6.67073
2.13782
1.83128
3.60613
1.78817
5.17939
3.30623
1.70563
8.62523
8.41590
4.12281
6.08386
2.61478
2.81159
7.32661
-0.08699
5.43426
3.86496
2.47129
-2.19852
3.79678
4.73643
3.04429
5.29574
7.26713
2.59380
3.12070
3.35875
7.36778
6.87051
3.51874
6.12751
1.79888
1.31653
3.76092
1.11703
0.41754
2.73426
3.54795
4.95901
6.93313
0.99000
4.20945
2.97400
3.71727
1.00499
3.54217
0.63969
0.24744
0.86018
5.24924
2.94872
1.93511
5.87396
2.54982
7.02524
2.25537
4.55424
6.47915
0.41991
1.87890
0.44058
6.79330
6.10149
2.46053
4.60414
7.27515
5.85530
5.85397
8.42908
5.80793
-0.33073
6.36738
8.62523
6.90408
8.14714
2.58264
3.35220
-0.19460
2.82908
3.70920
2.19892
3.62418
7.07265
7.01079
4.10943
6.31398
3.89229
3.39587
6.54615
4.13985
4.51497
5.17596
5.78853
4.03147
3.50518
4.21852
1.72634
5.60342
-2.43622
-3.04252
-1.42573
0.64266
-4.40344
-2.16464
2.03454
-0.21604
-2.32288
-2.39249
-1.61085
-2.99154
-3.41831
-1.60014
-2.89931
-0.73287
0.65291
-2.54738
-2.62313
7.31261
-2.08250
5.65452
-1.71529
4.80708
-1.22366
1.09116
-2.64854
5.87564
-3.56661
0.34326
-0.03372
-4.16752
-0.86686
-1.18069
-0.29446
2.04939
-2.30385
