-1.76377
-2.93274
-3.18244
-3.06343
-3.16723
-1.28593
-2.88243
-2.22355
-2.07689
-2.46205
1.83464
-2.68847
-3.19154
-1.55177
-3.03549
-0.52806
-4.16536
-2.66590
-2.96300
-1.41009
-1.05312
-2.39586
-2.07866
-3.23336
-2.27904
-2.09320
-1.97215
-1.31229
-2.88430
-2.59069
-0.49510
-2.40068
-2.17260
-3.88120
-1.54831
-2.07121
-1.85536
-2.55224
-2.21247
-3.93081
-0.85908
-0.67802
-2.92779
-1.20041
-2.87722
-1.13237
-2.14209
-2.53567
-4.27827
-3.90749
-2.40958
1.23706
-1.80794
-4.08620
0.13739
-1.37111
-2.49580
-1.10354
-2.46990
-3.09229
-2.79175
0.22099
-3.88994
-1.80773
-3.78872
-2.92260
-2.62145
-2.42086
-2.55974
-2.53256
-3.11521
-2.48356
-0.67820
-2.73961
-3.33355
-3.88986
-1.97222
-2.17649
-0.82778
-4.07885
-1.33716
-2.81273
-2.92062
-0.96070
-0.97252
-2.78504
-0.91024
-1.08207
-2.83138
-3.82715
-2.22832
-2.16982
-0.74993
-1.76226
-2.45468
-3.59721
-2.94928
-2.67604
-1.61351
-2.74605
-0.83381
-2.45303
-2.15124
-1.83515
-0.69097
-1.75552
-2.66820
-2.61121
-1.01491
-3.97285
-1.51572
-2.91075
-2.67390
-1.66779
-3.59724
-0.93716
-2.59794
-2.94202
-2.27468
-1.43567
-2.65216
-2.28713
-2.60762
-4.04242
-2.36305
0.88919
-2.49014
-2.81948
-2.69652
-2.54211
-1.72337
-4.44996
-1.58830
-1.37072
-2.49698
-3.36231
-1.76263
-0.39773
-2.05974
-3.82518
-2.13106
-1.53843
-4.14416
-1.95019
-0.82233
-1.80424
-2.25281
-3.30554
-2.85057
-1.01833
-2.92000
-1.69803
-2.48352
-1.32955
-2.12529
-3.54143
-1.44693
-1.62042
-1.77087
-2.37199
-0.83748
-2.79039
-2.20471
-2.55870
-1.90087
-3.56160
-1.14415
-2.63778
-2.67015
-2.71192
-2.41410
-2.61127
-3.00058
-1.92227
-2.66506
-3.12985
-0.91316
-2.28181
-1.31239
-2.49799
-1.00546
-1.11198
-2.77404
-2.64758
-1.18496
-2.43299
-3.05444
-2.53965
-1.12404
-1.37834
-3.17640
-3.65471
-4.33307
-3.26380
-1.45422
1.13888
-1.28494
-0.99655
-2.75622
-4.04977
-2.26894
-1.47247
-2.96189
-0.59066
-2.41946
-2.03081
-0.10008
-2.07896
-2.86629
-2.48094
-3.17280
-1.78932
-0.56285
-2.02274
-2.07901
-2.68836
-1.88122
-3.75107
-2.71143
-2.92335
-2.87147
-2.98051
0.08908
-1.18169
-2.73871
-3.77254
-1.20645
-2.40759
-3.52680
-2.58026
-4.07412
-2.96266
-2.35492
-2.27495
-0.24040
-2.30681
-3.01553
-2.99193
-0.52374
-1.48959
-3.48750
-2.60954
-0.45427
-2.24098
-2.14798
-3.47683
-3.68917
-2.03296
-3.97616
-1.35675
-2.02416
-2.31194
-2.69275
-2.67243
-1.92231
-2.07563
-1.99080
-3.33488
-2.76664
-3.02341
-2.23496
-2.09828
-4.78566
-2.25355
-2.74557
-3.67709
-3.33563
-2.50989
-2.77109
-0.46235
-1.46755
-2.92906
-1.90885
-3.69577
-2.98871
-1.73804
-2.95129
-1.27719
-1.40643
-2.62128
-2.95910
-1.39194
-2.08457
-1.43071
-2.77067
-2.43536
-0.58224
-2.46411
-2.46729
-2.78027
-2.91853
-1.51972
-1.68617
-3.70152
-3.64197
-2.64291
-2.34862
-0.96924
-1.76010
-2.89895
-2.33378
-2.83544
-0.06189
-1.57625
-0.21831
-3.29463
-2.20910
-1.93053
-2.32542
-2.25949
-3.07400
-2.53734
-0.40481
-2.43200
-2.12958
-3.57933
-2.26731
-0.01103
-3.88195
-4.02215
-3.08842
-3.05809
-1.69930
-2.99332
-1.87632
-2.49707
-3.56067
-1.01269
-0.98843
-3.37253
-3.55625
-3.74467
-2.08177
-2.13470
-2.19534
-1.96425
0.82694
-4.28299
-3.42527
-3.09368
-2.17548
-0.95736
-0.50241
-2.54603
-0.08778
-2.66238
-4.69966
-2.91418
-1.50815
-2.51094
-2.57363
-3.42050
-2.59928
-3.24436
-1.02484
-2.11127
-3.11895
-1.13545
-0.87731
-2.04993
-2.44705
-2.59413
-3.47896
-2.89582
-2.29684
-2.35170
-2.22942
-1.79096
-1.48706
-2.27504
-1.68792
-2.65137
-0.61155
-1.25836
-3.45710
-1.34695
-2.65920
-2.12298
-1.35634
-0.34959
-3.61416
-1.80359
1.65232
-1.49881
-1.86830
-2.71170
-0.76057
-2.63319
-1.21909
-2.52012
-1.61107
-1.98691
-3.22090
-1.76356
-2.07635
-1.71529
-3.16786
-3.29418
-2.17210
-1.73096
-3.09454
0.81809
-2.42686
-3.79484
-3.39608
-2.22273
-4.25736
-3.84922
-2.60616
-2.74294
-2.49850
-1.90193
-2.85200
-3.52993
-2.02761
0.02543
-2.94341
-2.40782
-2.11469
-2.72453
-1.93377
-1.64247
-2.80349
-0.51317
-1.97321
-2.75542
-0.43358
-3.51689
-2.15107
-2.57296
-2.93201
-2.22261
-2.65763
-2.94974
-3.05645
-2.94000
-2.93630
-3.28432
-0.02644
-2.42163
-1.19386
-2.81461
-2.48741
-1.68279
-1.93846
-3.13048
-2.51553
-3.09399
-2.49450
-2.07407
-3.70740
-2.23760
-3.99108
-1.93827
-3.61481
-1.47004
-3.76241
-3.24614
-2.97092
-2.44628
-0.89943
-2.51005
-1.05506
-1.51019
-2.05032
-2.23595
-1.72560
0.48048
-0.15860
2.11279
-1.23436
-4.71809
-2.09293
-2.91061
-2.60074
-2.35783
-2.29310
-3.13546
-3.06890
-3.19691
-3.51436
-1.61105
-2.44715
1.05624
-2.62985
-1.58765
-3.06158
-1.49515
-1.06963
-4.26007
-3.58955
-1.25138
-2.79456
-1.76838
-4.08622
-0.78944
-3.94024
-2.62743
-2.74897
-2.58969
-4.24673
-0.74414
-2.94373
-3.69398
-2.50790
-2.81603
-1.84768
-0.77622
-2.09425
-2.31796
-2.14740
-3.10057
-1.54205
-1.22697
-3.11639
-4.51729
-3.42733
-3.25854
-3.80770
-1.66762
-3.94992
-2.52928
-1.84395
-2.42328
-0.21122
-1.46287
-2.65109
-3.22907
-2.39252
-2.21409
-2.04108
-3.62706
-3.88939
-3.88039
-2.49728
-3.21484
-3.48270
-2.91540
-1.97419
-2.26427
-4.05831
-0.51263
-2.24788
-1.19885
0.34978
-1.93256
-3.01543
-2.84281
-3.07307
-1.08893
-3.07712
-3.52681
-0.07445
-0.48679
-1.82982
-3.79066
-3.27212
-2.50703
-3.93923
-2.98380
-1.75897
-1.59713
-0.21855
-2.34517
-1.92464
-2.40960
-2.68211
-2.00970
-2.83939
-3.58375
-3.31664
-0.28306
-2.94496
-3.99478
-1.82913
-1.84582
-2.48582
-1.86620
-1.31902
-2.17437
-3.29043
-1.25865
-3.65478
-4.16455
-1.54650
-1.36388
-2.34240
-2.45168
-1.59160
-1.09070
-2.97201
-2.34788
-1.37905
-1.26129
-3.19240
-0.77187
-1.64431
-1.75375
-2.23259
-1.89704
-3.05150
-1.96004
-0.15773
-3.20288
-1.91255
-1.56644
-0.83798
-3.48974
-3.70223
-1.57729
-2.23648
-0.85775
-3.20852
-1.76109
-0.71071
-1.71192
-0.52434
-1.89382
-2.18466
-1.59414
-2.78259
-3.66202
-2.98071
-0.93665
-1.78977
-1.89955
-2.48932
-2.79273
-1.20389
-2.03373
-3.15609
-2.64747
-1.87422
-3.58257
-0.73264
-1.93687
-2.16897
-1.96011
-3.51268
-2.49375
-3.10718
-2.55997
-1.33496
-3.21614
-2.87282
-2.10396
-3.11487
-1.15781
-2.11491
-2.68067
-3.07082
-3.17580
-4.03529
-3.28386
-1.92229
-1.85083
-2.66817
-1.83029
-0.57287
-2.39403
-1.57856
-3.58032
3.10058
-1.39524
-2.90699
-2.43223
-1.56504
4.26086
-2.16452
-2.63683
-3.08044
-2.46966
-2.02072
-2.08251
1.11263
2.64996
-4.78143
-0.04168
-2.86288
-2.44242
-2.10372
-3.32234
-3.04887
3.71654
-4.20947
-2.12382
2.45406
-3.70747
-4.48194
-2.54229
2.26453
-3.04325
-2.80020
-1.56623
-1.49892
-2.50092
0.52899
-2.32240
-3.51080
-1.49936
-3.12046
-3.27254
-2.24455
0.56763
-3.25857
-4.18145
1.75067
-1.90070
3.19897
-2.41463
-2.68776
-2.11917
-3.59903
0.81440
-3.70826
-2.73357
-4.11951
-1.88790
-3.47469
-1.81412
-2.24937
-1.71718
-2.37614
-1.05449
-0.10295
-3.52110
-0.91582
0.19234
-3.12435
-2.00694
-2.21420
-3.07084
3.27575
-3.37384
-2.83984
7.10045
-4.16209
-2.89475
-1.31465
-2.55167
1.42324
-4.51020
-3.47904
-2.82062
-3.98733
-2.10333
-2.06484
0.10353
-0.85102
-2.02716
-0.81198
-1.75133
-2.83125
8.16101
-4.64253
-4.20685
-2.46348
-2.05994
-0.88547
-0.66057
-1.99216
3.63509
-2.44491
-1.92139
-3.01248
-2.76349
-2.15405
4.26208
-3.97674
-1.42437
-2.37853
-2.15156
-1.59902
-1.20264
-3.41383
-2.77185
-2.09657
-1.20085
5.21390
-3.85572
-2.00743
-1.98045
4.33132
-3.72653
-0.03466
-0.36523
-2.28784
-4.66689
-1.96558
-1.83328
-2.53655
1.23087
-3.15973
-2.52038
-3.24248
5.46470
-2.82859
-0.69510
-2.31131
-2.02735
-2.12297
-2.31332
-2.55450
0.99501
-2.63230
-3.69169
-1.93727
-0.26205
-0.89754
-2.59560
-2.86933
-1.50176
-3.28453
-1.81397
-4.37911
-2.34213
-2.94457
-2.25659
-3.61253
-2.33775
