-3.28986
-3.03201
-4.35253
-3.53227
-3.44887
-4.42729
-3.26794
-2.85920
-2.49418
-2.89570
-3.80099
-2.10466
-2.23866
-3.10923
-3.97702
-4.35321
-3.09771
-3.55839
-3.23265
-3.23177
-4.31151
-3.42827
-3.73888
-3.97204
-2.38884
-4.48922
-2.29633
-4.30010
-4.27734
-3.54822
-4.32657
-3.39171
-2.24891
-3.88856
-3.23738
-3.17484
-1.94854
-2.82607
-3.81662
-2.17163
-1.23114
-3.36420
-0.28063
-2.36127
-2.60426
-2.69911
-1.90169
-4.77307
-3.25067
-2.40428
-3.11500
-2.80564
-4.07600
-3.59642
-3.29952
-4.02641
-3.98018
-4.43359
-2.83276
-3.71850
-3.31545
-4.16941
-2.29390
-3.10889
-1.95075
-3.72194
-2.94437
-4.28144
-4.25838
-2.50701
-2.74791
-2.69539
-2.47703
-3.30122
-2.78375
-2.17341
-3.99289
-1.58089
-1.46327
-0.10908
-4.03737
-3.13354
-3.08443
-2.53758
-3.59586
-3.89009
-0.88513
-3.31982
-3.43151
-2.86752
-4.18804
-3.34753
-2.91974
-2.76257
-1.06128
-1.40751
-2.19068
-3.29817
-2.79606
-4.23642
-4.00807
-4.87129
-3.34701
-4.26065
-3.44664
-4.17008
-4.72181
-3.11372
-4.17266
-0.69906
-3.13474
-5.37707
-3.55227
-3.51922
-3.00258
-5.22908
-3.04164
-2.77130
-1.35237
-4.44048
-2.04827
-1.79763
-3.61667
-4.34904
-1.43678
-3.43716
-3.72936
-4.12215
-2.95071
-2.24260
-3.58728
-4.32869
-1.66797
-4.64446
-2.76980
-4.70405
-2.84555
-4.02057
-3.72393
-3.17569
-2.17936
-3.45096
-3.19029
-4.40297
-2.93251
-3.37817
-2.25161
-1.76665
0.16378
-1.58804
-2.47457
-2.08819
-1.32134
-0.77618
-2.15356
-0.77842
-3.08266
-3.33439
-2.70796
-1.74090
-1.39856
-3.88551
-3.47401
-0.28716
-1.97323
-1.61954
-1.73038
-0.73039
-2.94718
-0.57887
-4.28857
-1.81953
-3.89761
-3.31882
-1.86549
-0.70417
-1.02233
-4.04901
-2.62160
-2.05885
