-1.87150
-2.03201
-1.28016
-1.92785
-2.50686
-1.62123
0.34897
0.34353
-0.84620
0.00618
-1.87765
-1.08096
-0.96432
0.34551
-0.65008
-2.39948
-1.46336
-2.00468
-2.12913
-1.93389
-1.18592
-1.87739
-2.53747
-2.44612
-1.57582
-1.42448
-2.53777
-2.41900
-2.53756
-2.51133
-2.30228
-1.58598
-2.13976
-2.01614
-2.08641
-2.18603
-1.19603
0.40469
-1.74256
-1.22567
-1.50209
-2.42829
-2.03201
-2.00553
-1.52063
-2.15448
-1.67826
-1.83166
-1.35954
-1.69604
-2.36866
-2.01463
-1.28595
-1.57864
-2.33072
-2.34854
-1.87966
-2.08588
-1.75808
-1.28828
-2.53762
-1.66142
-1.91276
-2.23237
-0.77346
-2.49437
-2.34183
-2.44659
-2.20196
-2.13470
-2.53454
-1.29559
-2.26641
-0.74437
0.00945
-0.74822
1.77225
0.97756
0.80947
-1.23502
0.91932
-0.49858
-0.96969
-0.65444
1.16362
-2.42435
-0.94118
-1.02943
-1.20331
-1.07987
-1.78512
0.62521
1.11548
-0.72763
-0.58758
-0.86756
-1.54546
-1.39060
-1.57609
-2.33582
-1.97168
-0.97765
-1.65333
-2.12723
-2.04660
-1.76961
-2.41490
-2.12203
-1.58233
-1.68425
-0.54155
0.03827
-1.60056
-1.66916
-1.80852
-1.52185
-0.98227
-0.78849
-0.72304
-2.41647
-2.09332
-0.84287
-1.51528
-0.94981
-1.73551
-2.31352
-1.35335
-1.74892
-2.04016
-2.04569
-0.55694
-2.30032
-0.79565
-1.67567
-1.31760
-1.14684
-1.62143
-2.36877
-1.81456
-1.69687
0.00018
-2.02001
-1.98246
-1.51133
-0.17669
-0.60048
-1.41039
-1.79074
-0.61272
-1.52012
-1.40015
-1.55079
-0.19285
-1.66079
-1.36759
-1.73481
-1.82409
-0.84947
-1.08083
-2.44680
-1.95253
-1.04565
-2.11337
-1.83425
-1.46506
-1.58293
-0.97892
-1.33069
-2.29337
-1.66160
-1.19772
2.50950
-2.18205
-2.03801
-2.36404
-1.93295
0.47996
-1.69594
-2.10758
-1.67386
-2.25133
-0.05451
-1.15696
-1.80863
1.20844
-0.33019
-2.02096
-1.14140
-1.72228
-1.34872
-0.57995
-1.63151
-2.02153
-1.55546
-0.56046
0.21704
-2.16517
-2.34523
-2.31353
-1.57521
-2.16768
-1.81167
-1.77768
-1.39472
-0.39504
-1.89631
-1.62491
-1.93490
-1.52694
-0.68847
-2.07433
-2.34280
-2.21669
-0.94042
-1.03855
-0.52467
-1.91141
-0.25099
-2.36350
-2.37866
-2.41745
-2.41670
-1.32576
-1.94022
-2.43639
-1.87607
-1.37521
-1.86454
-1.51310
-2.08030
-1.40895
-2.30371
-2.18763
-1.95134
-1.18022
-0.41054
-0.90929
-1.57861
-1.34960
-0.43698
1.43778
-0.66633
-1.81378
-1.94685
-1.29061
-1.73665
0.07223
-0.87099
-1.74826
-1.43295
-1.47371
-1.51735
-1.22360
-0.94887
-0.56621
0.05617
-2.25131
-1.03221
-0.49875
0.24706
-1.91576
-0.53019
-2.53570
-2.18868
-1.01097
0.07312
-2.09722
-1.39887
-0.64593
-0.21995
-0.42755
0.27332
-2.09770
-1.19988
-1.92602
-1.93031
-1.32467
-2.43295
-1.96629
1.25243
-1.28687
-2.05822
0.69596
-0.83680
0.13517
-1.96390
-1.68686
-1.25051
-0.41538
-1.73423
-1.92211
-2.06195
-1.73523
-0.20703
-0.70265
-0.78103
-1.87352
-1.07140
-1.60238
-0.19731
-0.93628
-0.91801
-1.80823
-0.56488
-0.84605
-1.43434
-1.77930
-0.22150
2.82612
-1.86719
0.07982
-2.13683
0.46520
0.40389
-2.38821
-2.50492
-1.94969
-2.13679
-1.95097
-1.62548
-1.93777
-1.43553
-2.15157
-2.50598
-1.97367
-2.01323
-0.87707
-1.77472
-0.41833
0.03724
-0.61892
-0.75758
-1.53592
-0.96608
-0.36086
-0.93751
-0.43290
-0.41718
-0.30995
-1.65410
-1.61181
0.42803
-1.15290
-2.01119
-0.82044
