2.39001
2.48590
5.49134
7.76234
2.02435
4.45587
3.06828
3.76903
3.40343
2.12212
0.57358
1.71889
3.25602
2.44885
0.68890
-0.42766
2.17871
5.90787
7.76234
1.58188
6.08552
5.81051
5.35287
7.76234
-1.01824
5.45597
3.41589
5.21553
4.96178
7.76234
4.92851
5.10173
4.75111
5.64055
4.49386
2.35891
4.75220
2.41226
6.34168
4.58420
4.66852
3.74180
5.03776
7.76234
6.94387
0.23312
5.08981
0.32846
3.87116
6.01284
7.10601
1.46306
5.31408
5.89499
6.05346
1.15042
4.54433
3.01338
2.31055
3.31098
5.63026
5.38744
7.76234
3.46528
6.03148
7.76234
2.63940
7.20047
3.32783
5.17993
3.37925
4.87846
3.90976
5.35928
3.43634
3.04692
1.74553
-0.55952
0.90107
-0.59155
1.31096
2.73194
0.34547
3.73248
2.25674
1.34585
-0.26503
-0.52402
2.16381
-2.05159
2.31119
1.76235
1.38852
0.76670
-1.27319
3.50474
5.43474
5.43308
2.17873
2.99144
6.71903
0.51684
5.30754
5.97715
5.05479
1.62397
5.10414
6.20280
6.50116
0.45059
2.79904
3.96068
0.39697
2.54206
3.16878
0.10882
3.63885
0.97540
5.27683
2.44621
3.20183
3.32528
0.03965
2.15098
4.31194
2.26896
1.21563
0.72090
1.25904
1.28556
4.38604
4.41526
3.63858
7.28038
2.90973
4.35149
1.26514
2.95179
0.86392
3.74773
5.41277
5.76499
1.31808
5.26730
4.30166
4.71111
1.62192
0.30334
2.14619
0.51402
2.03693
-0.90473
2.76499
1.17231
0.30909
-0.03109
2.50993
2.28445
7.63527
-0.92166
2.94979
-1.32608
2.23477
0.02528
3.12251
2.35840
4.33450
2.97360
0.64532
0.93758
3.66144
3.89284
7.22162
7.50378
1.49779
2.35837
4.34794
3.86977
3.59871
4.90458
0.02857
4.02757
1.82910
4.40263
2.21058
1.54159
4.91342
1.79972
0.94335
1.75002
1.83115
1.31771
1.11345
2.06974
-0.43594
0.71026
1.31682
1.78229
4.16416
0.74661
4.16792
-0.90703
2.74539
5.59172
4.77099
3.72550
6.42155
1.07480
4.42721
7.46077
3.52323
2.72056
2.05349
0.72395
3.62990
4.93960
-0.40953
0.95833
1.44172
-0.38007
3.27605
2.30547
2.21712
6.76066
3.82782
2.27683
-0.35297
1.08564
6.48948
-0.51073
5.84916
4.42979
2.53820
2.37410
3.13653
4.30555
0.98932
1.42770
0.46047
0.09895
1.31227
3.28719
1.10689
1.08588
-0.11110
5.47404
3.11217
0.86345
1.28030
-0.10275
0.67845
0.37869
1.46172
0.14166
2.82889
2.34278
4.07996
0.68472
1.73127
3.60355
-1.01727
1.17548
2.57411
1.20164
2.08118
3.29028
2.66105
3.21420
2.63874
0.62603
3.14224
2.79992
0.17557
5.14883
1.95791
6.22706
2.33476
-1.02468
1.17805
3.02963
3.47914
2.00660
1.68148
1.63953
2.33142
1.81466
3.51000
2.98165
2.73704
1.83506
1.86403
3.11755
3.59547
2.79155
3.33969
1.92311
-0.24087
2.68855
1.21574
1.80302
3.89692
0.65756
3.83830
3.89479
5.10450
3.24847
0.77304
0.30455
5.09683
1.57760
1.12786
0.02406
1.38369
2.47246
3.38583
3.61016
5.10149
0.87720
7.76234
3.88662
5.41586
5.13969
4.95931
2.86986
6.28433
4.92665
3.13523
3.29496
5.52144
5.05883
1.96358
1.46366
-0.95387
4.26145
2.01612
2.01395
2.06146
2.09187
1.50791
-0.70932
1.38172
0.67349
3.17767
1.62353
1.40364
-0.70373
1.81616
1.11115
-0.32798
