-1.51660
-2.34333
-1.87150
-2.32063
-2.03201
-1.62820
-0.88202
-0.73977
-0.49504
-1.66200
-1.52417
-1.73771
-2.43118
-1.29603
-1.28016
-1.92785
-0.94551
-0.96562
-0.01881
-2.02997
-0.08844
-2.14332
-2.50686
-1.62123
-1.58684
-0.99902
-0.42104
-1.48700
-0.76760
-0.96799
-1.54868
-2.07520
-0.56061
0.34897
-2.19979
-0.94085
-1.04703
-0.07688
-1.86599
-0.27992
-0.87991
0.34353
-0.02586
-1.26492
-2.41893
-1.38545
-0.84620
-1.40897
-1.85048
-0.77422
-0.97263
-1.59737
-2.12492
-1.63103
0.00618
-2.49134
-0.38906
-1.87765
-2.16300
-1.12669
-0.97796
-2.26389
-1.97015
-1.08096
-1.31514
-1.14879
-1.80833
-0.96432
-2.00447
-1.77560
-0.96344
0.34551
-2.44454
-0.65008
-0.78892
-2.07220
-0.70051
-0.90944
-1.31502
-0.57947
-1.44723
-2.39948
-1.96908
0.46531
-1.87836
1.98015
-2.52858
-2.03299
-1.19265
-2.26981
-1.58701
-1.84279
-0.98443
-1.80427
-0.35710
-2.28900
-1.96168
-1.84092
-1.46336
-1.49536
-2.17173
-0.82090
1.37506
-2.00468
-2.12913
-0.72881
-1.45802
0.57712
-1.34016
-2.35203
-0.54433
-1.93389
-1.26772
-1.91716
-1.43835
-2.23180
-1.18592
-0.38021
-1.21635
-0.99461
-1.17334
-0.71186
-1.90457
-1.87739
-2.53747
-1.88638
-1.38322
0.37154
-1.60241
-0.54124
-1.74988
-2.50167
-1.91536
0.24100
-0.85047
0.96528
-2.25653
-1.69145
-2.43483
-1.24966
-2.44612
-0.78480
-1.57582
-1.18090
-1.37092
-1.87624
-1.53947
-1.42448
-0.56637
-1.10087
-1.26003
-1.38097
-1.07833
-2.19081
-2.34570
-1.68488
-1.19608
-1.09334
-2.53777
-1.13182
-2.41900
-1.86172
-1.82298
-2.53756
-2.10157
0.35187
-1.24715
-1.43136
-2.51133
-1.95043
-0.38779
-2.30228
-1.58507
-1.85696
-0.71859
-1.58598
-1.74798
-1.04889
-0.19953
-1.77938
-1.60905
-2.13976
-1.35094
-1.46530
-0.08919
-0.38175
-1.11221
-2.15062
-2.15999
-1.24306
-2.01614
-1.28464
-2.32393
-2.08641
-1.04005
-1.91245
-1.51009
-2.18603
-0.52045
-2.35243
0.57693
-1.19603
-2.32809
-2.33151
0.40469
-1.12238
-0.71972
-0.61448
-1.26208
-0.29515
-1.73063
-0.92960
-1.60951
-1.40267
-1.44535
-0.81028
-1.74256
-1.75069
-1.85089
-1.22567
-0.13993
-1.50209
-2.46114
-2.42829
-1.96898
-0.98319
0.20977
-2.00371
-1.58605
-0.50053
-1.87804
-2.08685
-2.41131
0.16753
-2.03201
-2.00553
-1.52903
-0.67259
-1.16946
-1.77359
-0.89486
-1.67340
-1.15134
-1.52063
-1.30697
0.82465
-0.18498
-2.10245
-1.25974
-1.02415
-1.84367
-0.50362
-2.15448
-1.29948
-1.76947
-0.23472
-1.96366
-1.54748
-1.98345
-1.24515
-1.67826
-0.58791
-1.39440
-1.83166
-2.33189
-1.60609
-1.09657
-1.35954
-2.32169
-1.84251
-1.31019
-1.69604
-1.25539
-1.79544
-2.36866
-0.32825
-1.11193
-0.95578
-1.31071
-0.01402
-1.46482
-2.49539
-1.79437
-2.01463
-1.79214
-0.68236
-1.05176
-1.87751
0.27811
-1.28595
-2.50211
-0.76633
-2.44127
-0.41726
-1.29415
-1.57864
-1.90257
-0.13905
-2.28260
-1.04951
-2.35616
-1.08266
-0.69532
-1.21077
-1.12051
-1.58052
-2.33072
-1.55193
-1.11452
-1.27633
-2.34854
-1.91555
-1.87966
-1.59879
-2.08588
-1.29178
0.95569
0.10914
-1.07219
-1.33724
-2.01169
-2.03005
-1.87453
-0.81351
-1.39767
-0.72022
-2.43693
-1.69266
-1.75808
-2.53089
-1.28828
-1.81321
-2.53762
-1.31620
-1.66142
-1.71275
0.20049
-1.77588
-2.34035
1.03994
-2.25409
-1.83114
-1.82770
-0.86973
-1.60631
-1.91276
-2.23237
-1.86309
-2.31931
-1.01674
0.38850
-1.49113
-1.33341
-0.77346
-1.66539
-1.98324
-1.63335
-2.50545
-2.49437
-2.11459
-2.34183
-1.19262
-1.58168
-2.38950
-1.39567
-2.44659
-1.13508
-2.10382
-2.03423
-2.43121
-2.20196
-1.90929
-1.84543
-2.13470
-0.81054
-2.05936
-0.99793
-1.21155
-1.98088
-1.41532
-1.18955
-2.26371
-1.07900
-2.53454
-0.98040
-2.24362
-1.93953
-2.31848
-1.29559
-0.83876
-1.18081
-2.18374
-2.18137
-0.53544
-2.26641
-1.54319
-0.74437
-0.18395
-2.44181
-0.41290
-2.39383
-0.34015
0.00945
-0.51963
-0.74822
-0.81583
-1.40691
-2.11687
-1.52855
-1.49267
-2.10358
-1.43110
1.77225
-2.38082
-0.12592
-1.19811
-2.48698
-0.92011
-1.29076
0.97756
-1.89472
-1.31417
-1.63905
-0.64523
0.80947
-2.08341
-2.49189
0.44824
0.05424
-1.23502
-1.69687
-1.17635
-0.56749
0.68750
0.91932
-1.59834
-1.73093
-1.34950
-1.55117
-1.24838
-0.49858
-1.64823
-1.08568
-1.53141
-2.50591
-0.27293
-0.96969
-1.71646
-1.43356
-0.65444
-1.96647
-0.34562
-0.73954
-0.85126
-1.06415
-0.47042
1.16362
-1.19795
-2.42435
-1.45703
-1.74174
-1.90835
-0.59521
-1.89951
-1.32355
-0.94118
-1.02943
-1.58943
-1.77807
-0.99490
-1.53417
-1.56232
-2.17081
-1.20331
-1.05942
-1.40886
-1.75940
0.96826
-1.44649
-1.36570
0.34455
-0.34991
-2.08912
-2.08818
-1.88873
-2.13771
-1.07987
-1.78512
-1.42675
-1.83852
-2.18173
0.62521
-1.02800
0.10003
-1.44457
-2.46789
-2.24993
-0.86676
1.11548
-1.61679
-1.52781
-2.17483
-2.47239
-0.92479
-0.72763
-2.01921
-0.58758
-1.24822
-1.43048
-0.65487
-0.86756
-2.16997
-0.11704
-2.22411
-2.01594
-1.54546
-1.90366
-1.51351
-1.19365
-1.75583
-0.94790
-2.25780
-1.49512
-2.09233
-1.39060
-1.60435
-1.57609
-2.12600
-0.24540
-1.20430
-0.17074
-2.33709
-0.01412
-1.38112
-1.16174
-1.66201
-2.33582
-1.93317
-1.43547
-1.62404
-0.77370
0.49211
-2.29070
-1.21132
-1.24035
-2.22826
-1.66678
-0.38854
-1.97168
-2.50708
-0.97765
-1.02124
-1.62699
-1.29906
-0.67925
-1.65333
-2.49299
-1.76619
-1.53974
0.02443
-2.12723
-2.04660
-2.03374
-1.87579
-2.02653
-1.23527
-1.40711
-1.59185
-1.76961
-2.53726
-1.27566
-2.41490
-1.41477
-2.12203
0.44455
-1.79194
-0.96053
-1.69026
-1.91637
-2.36923
-2.02459
-1.58233
-1.18676
-1.56341
-1.63688
-1.68425
-2.45350
-0.41972
-1.43832
-0.51389
-1.59478
-2.46865
-1.53308
-1.03359
-0.66038
-0.43331
-1.58323
-1.20204
-1.59947
-0.74947
1.56159
-0.86353
-2.13839
-1.77558
-0.67595
-2.09066
-2.00903
-1.10140
-0.54155
-0.28033
-0.82348
-1.74763
-1.29569
0.03827
-1.80864
-1.60056
-1.69390
-0.23329
-1.61369
-0.98570
-1.19635
-0.81693
-2.27383
-1.29615
-1.53741
-0.42641
-1.80647
-1.66916
-1.42563
-0.42098
-1.80852
-2.02392
-0.89344
-1.41999
-0.72405
-0.81229
-2.36477
-1.52185
-1.50758
-0.98227
0.12518
-1.70765
-2.29931
1.28124
-0.94215
-1.05847
-1.87375
-1.97002
-2.14574
-0.78849
-0.72304
-0.91145
-1.76530
-2.03428
0.51624
-0.38489
-1.23432
-1.51963
-0.74501
-1.88422
-2.01715
-0.25840
0.27314
-1.72385
-2.32695
-1.13829
-1.38254
-2.17874
-2.00464
-2.41647
-2.09350
-1.83430
-0.49313
-2.09332
-1.69220
-0.84287
-2.51693
0.12521
-0.81309
-0.96771
-1.96339
-1.72964
-1.69404
-1.22729
-1.83858
-1.51528
-0.94981
-0.64808
-1.82998
-1.19859
-1.62604
-1.73551
-1.13222
1.06746
-1.09575
-1.35264
-1.49324
-0.25247
-1.52784
-1.28278
-1.13369
-2.31352
-0.73191
-0.73048
-1.67835
0.14440
-1.96990
-1.70869
-0.97359
-0.29371
-1.35335
-0.19295
-2.04248
-0.94785
-2.34630
-0.90609
-1.74892
-1.83894
-2.04016
-1.98512
-1.78982
-2.29945
-2.04569
-1.97629
-0.55694
-2.33177
-1.68527
-0.51372
-0.97856
-1.19739
0.94720
-1.86042
-1.09575
-1.47631
-1.48963
-2.44139
-0.07009
-0.93088
-1.06703
-2.30032
-0.79565
-1.67567
-1.56779
0.27546
-1.02488
-1.39864
-1.79599
-1.12966
-1.20627
-1.70479
-1.66844
-0.85527
0.44580
-1.82915
-2.08796
-2.04666
-0.19531
-1.86105
-1.31760
-1.14684
-1.40372
-0.24641
-0.70593
-1.23210
0.33101
-1.62143
-1.90854
-0.77860
-2.36877
-1.53912
-1.81456
-1.33485
-0.38837
-2.19692
-2.13997
-0.69148
-0.69815
-2.15657
-1.94438
-1.88300
0.18224
0.15861
-1.03779
-1.69687
-1.80987
-1.33346
0.00018
-1.97662
-0.36834
-1.49047
-0.84507
-0.44435
-1.17712
-2.08175
-1.60987
-2.02001
-2.05782
-0.92746
-1.98246
-0.42590
-1.59275
-1.51133
-0.17669
-1.96318
-1.73606
-2.08392
-1.19901
-1.10378
-1.01017
-1.90673
-0.90693
-0.07485
-0.91257
-2.02473
-1.42016
-1.82384
-1.44904
-0.60048
-1.98145
0.66847
-1.41039
-1.53463
-0.82977
-1.79074
-1.38738
-0.61272
-1.70755
-0.98683
-2.46137
-1.88736
-1.80301
-1.52012
-1.94956
-1.15248
-0.50208
-2.11095
-0.28473
-1.40015
-2.18528
-1.73139
-1.64941
-0.70843
-1.30954
-1.55079
-1.16130
-1.99479
-1.53730
-1.75675
0.45444
-1.84893
-0.19285
-1.74896
-1.66079
-1.04298
-1.73222
-2.09849
-1.31765
-0.91931
-2.02513
-2.34957
-1.79153
-0.53613
-2.03268
-1.74502
-1.78919
-0.24146
-1.42700
-1.36759
-1.05847
-1.73481
-1.70164
-2.25851
-1.92474
-0.82655
-0.01378
-2.43094
-0.94858
-1.95458
-0.78240
-0.71390
-1.82409
-1.48867
-1.49181
-1.89716
-0.86369
-1.57120
-1.92371
-0.84947
-1.08083
-1.50436
0.46048
-0.57559
-2.25074
-1.88959
-0.83847
-2.44680
-1.95253
-0.49987
-0.90114
0.40823
-1.61111
-0.77759
-1.04565
-2.11337
-1.58589
0.03296
-0.78924
0.45780
-1.20198
-0.55617
-1.51832
-1.08118
-0.08084
-1.56046
-1.83425
-0.96664
-2.04242
-1.46506
-1.67286
-2.39898
-1.50264
-1.19848
1.84716
-0.84575
-1.76717
-2.46651
-1.28619
-1.58293
-0.97892
-2.49885
-1.05512
-1.17436
-1.58284
-1.74435
-1.12068
-1.33069
-2.38798
-2.29337
-1.70195
-1.38712
-1.66160
-0.04941
-0.23927
-1.70065
-0.98157
-2.05377
-0.37938
-1.19772
-0.60289
-2.04355
-1.10027
-1.17914
-0.39807
-1.24011
2.50950
-2.49392
-0.73086
-1.81752
-0.75222
-2.18205
-2.15202
0.20379
0.27705
-1.94009
-0.50212
-2.19654
-1.09547
-1.25083
-1.30337
-2.03801
-2.36404
-1.98721
-1.93295
-2.17593
-1.51453
-1.54816
0.47996
-1.46442
-2.08900
-0.62407
-1.83373
-0.95977
-1.35319
1.11390
-2.21635
-2.51555
-2.08904
0.22267
-1.69594
-2.10758
-1.67386
-1.96697
-2.25133
-0.41922
-0.22998
-0.57629
-1.74052
-1.21727
-1.54438
-2.34699
-2.02424
0.23933
-1.80168
-2.25259
-1.41511
-1.67272
-1.31458
-0.05451
-2.05015
-1.72519
-1.15696
-1.29343
-0.83694
-0.58916
-0.45047
-1.80863
-1.70565
-1.85223
-0.17721
1.20844
-1.40413
-2.40655
0.02339
-1.36797
-2.05516
-0.33019
-1.24353
-2.02096
-2.36032
-0.43421
-1.25500
-1.73429
-0.59113
-1.14140
-2.25728
-1.72228
-0.88676
-1.40734
-0.75949
-1.67275
-0.84532
0.10858
-0.59006
-1.78114
-1.34872
-1.39883
-1.38428
-2.53835
0.95633
-2.05892
-1.01702
-2.18287
-1.61105
-2.07392
-0.23114
-0.45893
-0.57995
-1.63151
-1.63856
-1.52786
-0.83306
-1.69030
0.43423
-1.44206
-2.02153
-1.46698
-1.39043
-1.05877
-2.37607
-1.37978
-1.81811
-0.99800
-1.55546
-1.37217
0.00307
-0.56046
-1.46554
-2.12820
-0.41547
-1.79053
-2.17081
-1.12861
0.21704
-2.16517
-1.66947
-1.50845
-2.08225
-1.52650
-2.29940
-1.35810
-2.34523
0.10893
-2.19371
-0.22286
-1.25399
-0.59406
-2.23691
-1.33463
-0.59851
-1.33675
-2.52756
-1.43944
-2.03573
-2.31353
-0.86290
-1.57521
-1.33662
-1.76530
-2.02593
-1.05534
-0.59042
-1.39606
-2.18890
-1.55471
-0.51862
-2.39980
-1.12989
-1.98889
-1.70584
-2.16768
-1.81167
-1.69649
-1.77768
-2.12997
-1.32650
-1.44312
-1.49819
-2.46656
-1.23025
-0.65560
-1.39472
-1.96790
-2.07807
-0.39504
-0.90490
-0.96341
-2.08711
-1.89631
-2.26149
-1.12387
-0.39880
-1.64550
-1.41364
-1.75784
-1.62491
-1.93490
-2.08638
-1.67407
-1.14692
-0.33483
-1.87468
-1.66415
-1.43725
-1.31435
-1.81894
-0.79128
-1.52694
-1.50997
-0.68847
-2.33942
-0.43841
-1.25280
-0.37754
-2.07433
-1.92276
-0.85500
-1.61554
-1.26421
-2.02143
-0.41415
-1.88981
-1.61067
-2.34280
-1.91151
-1.86566
-2.21669
-0.47471
-1.87429
-1.20472
-0.95033
0.29921
-0.79361
-1.95488
-0.94042
-1.23377
-1.04242
-1.55799
0.85304
-1.55336
-2.06212
-1.31779
0.64643
-1.03855
1.52568
-1.23583
-1.52898
-0.67613
-0.52467
-0.02366
-0.81714
-1.17171
-0.80617
-1.83074
-1.60146
-1.42884
-1.76424
-0.79960
-1.60189
-1.16597
-1.17278
-1.91141
-2.24722
0.08751
-2.12366
-1.81409
-0.25099
-0.22913
-1.03076
-2.36350
-1.69504
-1.13226
-1.68861
-2.37866
0.43651
-2.06304
-2.19616
-2.41745
-1.98064
-1.07549
-1.57999
-2.12387
0.34384
-2.41670
-1.34387
-0.19912
-1.98708
-2.18654
0.66755
-1.28907
-1.56322
-1.32576
-1.72225
-0.44539
-0.19903
-2.15888
-2.14300
-2.21699
-1.94022
1.00338
0.38378
-2.10233
-1.99053
-2.43639
1.20722
-0.87695
-2.08369
-1.84292
-1.25988
-1.09802
-1.87607
-1.37521
-1.62856
-1.64889
-0.84050
-1.86454
-1.44820
-0.85744
-2.06001
-0.43708
-1.81399
-1.60507
-1.84769
-0.50376
-0.96940
-1.60231
-2.16405
-0.68134
-1.51310
-2.20487
-1.14606
-2.08030
-1.69294
-1.40169
-1.40895
-1.28223
-0.93763
-1.85628
-1.48133
-2.30371
-0.54604
-2.18763
-1.06808
0.23474
-1.01803
-1.75565
-0.69592
-1.48851
-2.30326
-1.95134
-0.65013
-0.59585
0.46452
-1.18022
-1.51702
-1.19847
-0.95794
-2.01040
-1.18802
0.26154
-0.41054
-1.53369
-0.90929
-2.07436
-2.15672
-1.93378
-1.57861
-1.20781
-1.50390
-1.87423
-2.46134
-0.50464
-0.81904
-0.87574
-2.39770
-1.34960
-1.06949
-1.92144
-0.48028
-0.43698
-2.19889
-1.28360
-1.97591
0.58447
-2.48040
-1.84524
-1.21206
-1.24973
0.51252
1.43778
-0.66633
-1.42963
-1.11024
-1.81378
-2.04071
-1.94685
-1.73546
-0.07980
-1.89272
-1.73740
-1.61140
-1.51030
-1.59713
-1.56619
-1.45048
-2.03439
0.01524
-1.29061
-1.38279
-1.89889
-0.14241
-1.52821
-0.56744
-0.71106
-0.98393
-0.27553
-1.73665
-2.00897
0.35551
-1.58882
-1.17947
-1.44572
-1.74928
-0.47894
-2.00960
-0.91959
0.07223
-2.03496
0.01399
-1.27209
-1.40725
-1.11889
-1.14829
-0.87099
-1.74826
-1.97077
0.48271
-2.46291
-0.19082
-0.31462
-1.45877
-0.64021
-1.43295
-2.10015
-1.47371
-1.99747
-1.14058
-0.95708
-2.20222
-1.64481
-0.96284
-1.51735
-1.22360
-1.92330
-1.75339
0.05458
-1.10012
-1.40622
-1.67610
-1.40561
-1.19035
-0.59230
-1.96722
-1.08292
1.99229
-1.05936
-2.01479
-0.70306
-0.94887
-0.56621
-0.99152
-1.25528
-0.77724
-1.63675
-1.28736
-2.07899
-1.30610
0.05617
-2.25131
-1.53639
-1.65824
-1.27690
-1.43223
-2.22447
0.65795
-1.03221
-0.65909
-1.26472
0.10643
-2.10632
-0.17163
-1.11015
-2.06706
-2.28258
-0.49875
-1.44641
-1.18001
-1.52788
0.24706
-1.25012
-1.19830
-2.39150
-1.61465
-2.30781
0.35886
-0.26348
-1.61961
-2.19474
-1.91576
-2.06028
-0.53019
-1.13981
-1.78455
-1.69347
-1.16580
-1.61075
-2.53570
-2.18868
0.60522
-1.42415
-2.11171
-1.03037
-0.77960
-1.29647
-1.69478
0.89856
-1.01097
-0.78325
-2.37449
0.07312
-1.76942
-1.33491
-1.58990
0.20606
-2.44126
-0.80641
-0.22169
-1.88859
-1.87453
-1.75363
0.06588
-2.09722
-0.88897
-1.33339
-1.39887
-2.53829
-0.68585
-0.64593
-1.39335
-1.84371
-1.78550
-2.23837
-0.21995
-1.73709
0.54241
-1.96851
-0.93004
-0.74343
-2.18699
-2.11233
-1.25923
-0.42755
-1.38845
-1.37386
-1.96556
0.27332
-2.08454
-2.34880
-1.81927
-1.42678
-2.09770
-2.44080
-1.27214
-1.19988
-1.22495
-0.09363
-2.29140
-1.92602
-0.67113
-0.81643
-1.99743
0.06125
-1.30394
-1.59350
-1.29525
-0.96567
-0.02935
-1.93031
-1.52812
-0.70044
0.27695
-1.32467
-2.28557
-1.17390
-1.07945
0.84071
-2.27916
0.55937
-1.64788
-2.43295
-1.96629
-1.97894
-2.30391
-0.99221
1.25243
-1.75848
-0.21772
0.55149
-1.13975
-2.01049
-0.62115
-1.28687
-2.05822
-1.52577
-2.02159
-0.31206
-2.43921
-1.44289
0.69596
-1.73895
-1.35573
-0.76549
-1.69970
-1.97986
-0.75661
-1.40550
-0.89839
-0.83680
-0.87603
-0.28414
-1.68097
0.13517
-1.96390
-1.23987
-1.68686
-2.01410
-1.25626
-0.37347
-0.44164
-0.58039
-1.35709
-1.14625
-2.21540
-0.90939
-1.29642
-2.06299
-0.45446
-1.25051
-0.41538
0.20735
-1.97842
-1.73423
-1.92211
-1.22412
-1.39524
-2.35758
-1.70399
-1.49751
-2.20856
-0.38716
-2.32054
-0.45678
-2.06195
-0.53110
-1.71809
-1.32209
-1.82436
-1.73523
-0.90815
-2.06853
-1.67865
-2.04990
-0.58691
-1.29431
-0.20703
-0.70265
-1.16103
-1.40007
-0.84702
-0.20936
-0.64431
-0.51343
-0.58494
-0.78103
-1.12347
-0.45788
-1.09480
-1.32087
-1.87352
-1.17935
-0.36156
-0.96965
-1.07140
-1.48471
-0.92131
-1.67794
-1.12867
-1.87230
-2.06785
-1.66279
-1.60238
-2.39281
-2.11058
-1.02845
-0.19731
-1.73566
-1.08047
-0.93628
-2.06161
-2.03715
-2.41402
-0.91801
-1.91936
-0.10880
-2.12161
-1.22229
-2.13322
-2.30170
-1.80711
-2.34824
0.46096
-1.80823
-2.33369
-1.42900
-0.56488
-1.80925
-1.92716
-1.06947
-1.08476
-0.84605
-1.91958
-1.83629
-1.16913
-1.43434
-1.63773
-1.52892
-0.78607
-1.77930
1.83560
-1.42783
-2.34825
-0.98373
-0.22150
-1.72198
-2.32423
-0.56485
2.82612
-1.90822
-1.64219
-1.14029
3.86479
-0.79958
-1.81880
-1.09516
-1.41190
-1.85766
-1.51941
-0.96387
-1.76453
-1.86719
-1.02612
-1.00021
-1.65138
0.07982
-1.12299
-0.13819
-2.12763
-2.26351
-2.13683
-2.31352
-0.85765
0.46520
-2.31814
-1.76079
-2.16783
-1.23320
-2.21825
-0.75806
0.40389
-2.04654
-1.73474
-1.65146
-2.38821
-0.75726
-1.34363
-2.17086
-1.02517
-1.32962
-1.14921
-2.50492
-2.28101
-1.35143
1.18965
-2.18758
-1.20284
2.63237
-2.09400
-1.05484
-1.98974
-1.94969
-1.15623
-2.13679
-1.95097
-2.40649
-0.41751
-1.53756
-1.16213
-1.12366
-2.25328
-1.70238
-1.62548
-1.73136
-0.41132
-1.47490
-1.22294
-1.64412
-2.00138
-1.64164
-1.93777
-1.43553
-0.45479
-2.15157
-1.68190
-0.39016
-0.29006
-0.81698
-1.37492
-0.96776
-1.71501
-0.70523
-2.47106
-2.50598
-0.98228
-0.86611
-1.97367
-1.08550
-1.88390
-2.29710
-0.83346
-1.41553
-1.07382
-2.01323
-0.76322
-2.23950
-1.16034
-0.87707
-1.73452
-1.77472
-1.26662
-1.77555
-0.30034
-2.09207
-1.81973
-1.15400
-0.41833
-0.88998
0.29133
-0.69735
-0.47916
-0.25165
-0.38208
-1.67857
-0.61318
-0.00181
-1.39701
0.03724
-1.57667
-0.61892
-2.04585
-1.78205
-1.13882
-2.39182
-0.75758
-1.47711
-1.53623
-1.93508
-1.53592
-2.28407
-1.18679
-1.18522
-1.60602
-0.96608
-0.72129
-1.41929
-0.40570
-2.25845
-1.07840
-0.72280
-2.50653
-1.44645
-2.18699
-0.36086
-1.63378
0.78876
-2.15389
-1.51389
-2.17157
-0.24667
-0.93751
-0.43290
-2.42276
0.13028
-1.36794
-1.90374
-1.25797
-1.06620
-2.19446
-0.41718
-0.30995
-1.50987
-2.20059
-0.55033
-1.65410
-2.18118
-1.42548
-1.41836
-1.61181
-1.15090
-0.98456
-1.64157
-1.98840
-0.67400
-1.57336
-0.50051
-1.81463
-1.07664
0.42803
-1.42855
-1.15290
-0.69407
-2.14180
-1.60546
-1.23858
-0.62477
-1.01848
-2.09787
-1.58406
-2.01119
-1.90086
-0.79978
-0.78418
-1.79148
-0.93908
-1.20179
-1.67667
-0.83190
-0.40949
-1.92884
-1.77960
-1.56094
-0.82044
