6.83708
0.44232
6.51134
5.40354
1.03482
4.09620
4.83626
4.78857
6.47342
0.57231
5.54032
5.82637
1.34803
0.02806
3.39769
0.78579
5.49854
3.24093
1.20104
5.82705
3.88704
3.02488
4.31648
1.05910
3.03975
5.24811
4.28571
5.82296
4.60500
5.12352
-0.31925
1.01802
2.56405
2.89471
5.22926
0.76264
5.83920
1.16166
3.03613
2.41770
3.76797
5.40553
6.41649
2.08045
-0.10655
-1.28487
3.68673
1.95287
3.07252
4.96649
3.36510
3.44467
1.74097
-0.92660
4.38827
-0.21141
5.31824
1.91999
1.76276
-0.53613
6.55105
4.22513
1.48926
3.31892
2.33579
3.22990
3.10430
3.24268
0.91016
1.51453
4.56620
0.87900
3.69894
1.31784
1.63664
6.26659
3.48928
1.90582
2.98279
0.79809
7.08011
0.82284
4.01514
-2.24865
2.23007
5.64152
-0.20386
3.36535
3.20661
1.88227
4.96516
4.39662
1.54422
-1.84341
0.69353
5.00651
1.00268
0.07217
5.67200
0.99535
3.25000
1.81957
4.02746
1.20413
2.86021
1.43909
1.27624
-0.91462
0.88076
3.02965
3.18700
1.59387
1.23835
2.62653
-1.38385
2.23881
0.76753
2.31535
4.27582
2.50940
5.04130
2.45881
0.81479
-1.54286
1.03841
4.72703
4.52067
1.27429
5.70293
1.11897
1.41985
3.32840
3.24940
7.08011
3.65933
0.25818
4.82215
3.37641
-1.03091
0.80668
2.64776
3.04718
0.76038
3.91983
7.08011
2.83543
0.07351
7.05538
0.44259
3.54349
5.12283
-1.72687
-1.92306
1.40899
1.63322
6.68099
-0.06616
1.50076
1.32592
4.59170
1.41857
-1.23776
2.07191
2.09113
-0.54722
3.88591
-1.28516
6.38095
2.53651
0.23913
2.48859
3.36004
5.75050
4.25397
1.94912
1.52156
0.10053
1.42247
2.00915
3.11599
3.07694
3.15502
3.19068
3.97446
1.97771
3.80707
2.47372
1.98450
0.73374
-0.27729
2.11513
0.98015
1.83665
1.53492
0.95134
3.32911
3.59101
2.37027
7.08011
0.75198
