-3.63893
0.07789
-3.26728
-1.84974
-2.94719
-2.54257
-3.33388
-2.20540
-3.86029
-3.31717
-1.16903
-3.04607
-2.67825
-2.05207
-2.20680
-3.42493
-3.25311
-1.51501
-3.54757
-1.60910
-2.64227
-2.37730
-3.15123
-3.56406
-2.69836
-1.46182
-2.35775
-3.06290
-2.62931
-3.38745
-3.50330
-1.99426
-2.64003
-3.25072
-3.44644
-1.67916
-3.62271
-4.03723
-2.55041
-3.05780
-1.26938
-4.16415
-3.18108
-2.98847
-4.07781
-3.06640
-3.15369
-2.46613
-2.92999
-3.00325
-1.77328
-0.50859
-3.13350
-2.69244
-2.16298
-3.66313
-0.61877
-0.50511
-2.12745
-2.69188
-2.72262
-2.45212
-2.68908
-0.31997
1.33479
-2.19048
-1.07705
-3.34516
-2.64756
-3.01751
-2.40527
-3.46315
-3.78108
-2.51875
-0.93203
-2.80710
-0.47853
-1.41236
-1.93383
-2.41482
-1.39761
-2.63141
-0.97910
-3.20187
-3.30827
-2.52621
-2.86656
-1.64115
-2.20567
-3.26094
-1.15388
-0.53053
-3.05259
-2.88393
-2.78470
0.10575
-2.81823
-0.10160
-3.50970
-1.37548
-3.91685
-3.21563
-2.05765
-4.08652
-4.21081
-1.61005
-3.39111
-1.77424
-2.36955
-2.51542
-2.97606
-3.49272
0.19234
-1.78923
-2.15532
-2.13974
0.13723
-2.85347
-2.22468
-1.61801
-2.93580
-2.26110
-2.41273
-2.62423
-4.28391
-1.30982
-0.54119
-2.38065
-2.26623
-2.12783
-3.30688
-3.06237
-0.84461
-3.33617
-3.38006
-2.46679
-3.92683
-2.35674
-1.26289
-2.34998
-2.73336
-2.65343
-2.89063
-1.39168
-2.67795
-3.94566
-4.04570
-0.91841
1.14246
-1.56244
-2.98441
-2.63364
-2.70494
-3.57307
-4.09401
-2.70963
-2.18993
-3.24505
-1.42861
-1.44274
-3.32610
-1.78368
-1.35471
-3.12486
-1.09575
-2.43399
-2.92688
-4.36708
-2.31355
-3.53144
-3.24173
-2.47620
-1.72009
-1.47081
-2.98340
-3.51765
-1.57054
-1.86622
-4.10128
-3.22447
-3.75090
-0.56097
