-2.75443
-2.53009
0.32354
-2.14385
0.09912
-3.53779
-4.08298
-2.40515
-1.54979
-2.33094
-2.93547
-1.96533
0.29511
-2.27362
-2.83238
-2.05208
-1.60988
-3.24292
-0.28192
-0.00745
-1.26846
-3.15032
-1.38952
-2.83537
-2.34788
-2.60714
-1.75013
-1.40175
-1.00721
-1.42775
-2.75813
-1.21783
-1.27674
-1.94500
-2.89107
1.72588
-1.04161
-1.35261
-4.81079
-3.25995
-2.46757
-2.56478
-2.75775
-2.99596
-0.62651
-0.25911
-0.33089
1.15895
-0.75784
-1.41206
-1.77196
-0.77977
-1.90426
-2.01183
-3.09982
0.90512
-3.65167
-2.48423
-1.77235
-1.72735
-0.83284
-3.12962
-1.57882
-2.11207
-1.72159
-1.35932
-1.55043
0.09888
-1.70546
-2.81208
-1.76844
-2.40362
-2.65380
-0.96208
-0.75297
-1.46378
-2.88131
-3.06153
-1.64239
-0.72089
-2.99802
-1.15225
-2.90549
0.43562
-3.07257
-2.17426
-2.58638
-1.62882
-1.70785
-1.06636
-2.91040
-1.11990
-0.96636
-2.01110
-1.81530
0.08762
-0.34417
-2.74374
-2.71220
-2.60307
-1.24302
-1.49723
-0.58107
-1.53239
-0.53206
-2.57058
-2.79434
1.15359
-4.32500
-1.48827
-1.46695
-3.88651
-2.97968
0.09849
-0.39831
-1.32305
-1.55002
0.42514
0.20410
-1.42473
-0.64172
-1.63820
-0.28397
-2.30308
-2.47745
-2.30576
-0.55148
-0.10316
-2.53704
-2.01217
-3.59204
-0.74493
-1.10525
-3.10331
-1.37415
-1.00170
-0.28779
-1.90220
-0.79130
-3.13030
-2.02665
-2.96362
1.55199
-2.30894
-1.04191
-1.27736
-0.95180
-1.60442
2.36744
-1.41407
-2.47824
-0.08120
-1.46893
0.50222
0.18991
-1.84506
-1.80281
0.69388
-3.41889
-1.36532
-1.67120
-2.43085
-0.40932
-2.11752
-2.30598
-2.48179
-3.09395
-2.31733
-2.77542
-2.54237
-3.08721
-3.20512
-1.49432
-2.39780
-2.31107
-1.76897
-1.03729
-2.41334
-0.77225
-2.07076
-1.99391
-0.78931
-0.42746
-3.02729
-0.20346
-2.23898
-1.14631
-2.24625
-0.98055
-1.76719
0.76510
-2.77708
-3.30325
-1.83770
-1.09891
-1.73416
-2.25963
-0.97832
-1.91595
-0.07223
-3.45527
1.55539
-2.92342
-2.80960
-2.29903
-0.31316
-1.93538
-1.96742
-0.58993
-1.51138
-1.26407
-2.19466
-0.90993
-0.76786
-2.40773
-2.47360
-0.36376
-1.69486
-3.15138
-2.31995
-0.34638
-0.49796
-2.54257
-1.74333
-1.49630
-0.69276
-3.15654
-3.48656
-0.72111
-1.23272
-3.59812
-1.86541
-2.85376
-2.00944
-0.48032
-0.63404
-0.81149
-0.59263
-0.73754
-0.91104
-3.49412
-2.15493
-0.96739
1.04730
-3.00692
-0.70192
-2.93495
-1.00303
2.12205
-1.73404
-2.69067
-0.60393
-1.28821
-1.93861
-2.37167
-1.28470
-1.81155
-1.92313
-0.14285
-1.75582
-1.79718
-1.53484
-2.42195
-3.48000
-1.17312
-2.56658
-1.75497
-2.34666
-2.37114
-2.05555
-0.99140
-1.50242
-2.58030
-1.76503
-1.48227
-1.02878
-2.24711
-1.21807
-2.02612
-0.97936
-1.47137
-0.14257
-1.58600
-3.30521
-3.73387
-1.68640
-1.69266
-1.73458
-3.04370
-0.30933
-2.58790
-3.00185
-2.64593
-4.05034
-2.61219
-1.38390
-1.55095
-2.09605
-0.71006
-1.89633
-0.54717
-2.46265
-2.91770
-1.32021
-2.88653
-1.29386
-2.22938
0.73810
-2.83049
-2.72833
-2.44939
-2.11600
-2.66281
-2.65602
-2.36362
-3.04393
-0.97239
-2.29742
-0.50455
-1.48406
-2.52795
-2.61125
-1.79059
-1.42704
1.19532
-1.08492
-1.15905
-0.70624
-0.10234
-2.50352
-2.97859
-3.31442
-0.12588
-4.19128
-2.57854
-0.53405
-1.90471
-3.12447
0.06852
-2.02983
-0.46587
-2.31264
-2.01937
-2.73395
-0.18767
-3.25804
-2.33270
-1.43265
-1.15146
-2.27833
-3.19965
0.65004
-2.84815
-1.69519
-3.46323
-1.42690
-2.62750
-3.05538
-2.80950
-1.92269
-3.42766
-2.11267
-2.27593
-1.57987
-0.90959
-2.38274
-4.03599
-2.68915
-1.44310
-2.61401
0.34638
0.14170
-2.05774
-2.51357
-1.87280
-2.11472
-1.58152
-1.44232
-0.98704
-1.79769
-1.60879
-1.70914
-2.02839
-0.32557
-1.36198
-2.32494
-1.85386
-0.94166
-2.13495
-2.89954
-1.41224
-0.90544
-1.17632
-2.12417
-1.35009
-0.32551
-0.62051
-1.18864
-1.78427
-2.39050
-2.33812
-1.76583
-2.36533
-2.24295
-2.05597
-3.46604
0.54821
-1.22810
-2.35456
-2.77259
-1.30263
-1.49232
-2.77076
-1.92249
-1.67275
-1.65004
-3.12177
-0.59736
-2.66547
-2.66541
-3.86877
0.86378
-0.84401
-2.10335
-1.20631
-2.03798
0.39344
-1.52284
-1.83653
-0.22985
-0.84230
-2.76338
-2.32368
-2.33254
-2.70884
-1.95885
-0.38399
-1.81408
-1.89544
-2.83018
-2.15620
-2.14552
-2.94367
-2.00414
-0.27836
-2.44988
-2.60108
-1.24513
-2.01832
-1.45588
-2.06186
-2.12246
0.49909
-3.65285
0.61283
-3.46456
-1.21854
-1.40859
-2.15654
-0.36263
-1.26534
-1.72212
0.93739
-2.30302
-2.54468
1.22382
-2.27541
-1.64113
-2.73754
-1.33671
-0.32728
-3.32476
-2.33483
-3.09801
-2.44062
-1.93410
-0.32450
0.45869
-2.54454
-1.00546
-1.38909
0.06126
-0.86699
-1.44606
-0.78171
-2.10763
-1.40257
-1.23671
-2.69438
-2.41382
-0.96030
-0.21670
-2.24061
-1.50853
-0.27882
-1.75388
-1.21519
-3.04008
-1.33197
0.00611
-1.45734
-1.60014
-3.44117
-1.09955
-0.78193
-1.82731
-2.21819
-1.85200
-1.57088
0.33227
-3.15960
-0.62611
2.38590
-0.54924
-3.93380
-4.26578
-1.14212
-3.12160
-2.05753
-1.47995
-1.68200
-1.28124
-0.62249
-1.88257
-1.62226
-2.66648
-0.61166
-0.99617
-1.79537
-2.11626
-2.72196
-3.66901
-0.17324
-1.87102
-3.32744
-1.05597
-3.89990
-1.61051
-1.70277
-3.67025
-1.07397
-2.70340
-1.77799
-2.07412
-2.58233
-2.28831
-2.60704
-2.50125
-0.88597
-1.68135
-1.43018
-2.32834
-2.64016
1.89048
-3.69685
-2.24325
-0.62873
0.05329
-1.58094
-0.88360
0.90202
-2.43072
-3.05304
-3.73183
0.45422
-2.51369
-2.16534
0.03529
-0.52903
-2.36138
0.00950
-1.70993
-1.76117
-2.94945
-2.46677
-1.51983
-1.49772
-1.38568
-1.22282
-2.20013
-2.33739
-1.79814
-0.99210
-2.37375
-2.25218
-0.77482
-0.19763
-2.92127
-1.34856
-2.45579
-1.80391
-2.82354
-1.03502
-1.20305
-1.37570
-3.32130
-1.30778
-1.67855
-1.46505
0.02238
-0.51219
-1.40290
-3.24855
-1.19039
-2.23498
-2.22399
-0.68049
-2.43430
-2.71503
-1.77345
-2.76868
-1.22906
-1.45251
0.57748
-1.71108
-2.34662
-0.98884
-3.32661
-3.04678
-2.27676
-2.80388
-1.12292
-1.36638
-1.83793
-2.12780
-1.69306
-4.01573
-0.16304
-2.26550
-0.95731
-2.79563
-3.45782
2.07422
-2.28356
-2.84291
-3.28858
-2.19603
-0.51640
-1.80038
-0.14814
-1.50675
-3.14268
-2.55775
-2.17222
-1.02786
-0.67912
-1.08247
-1.17353
-0.98267
-3.56166
-0.50758
-0.21125
-1.81301
-0.56113
-1.54530
-0.77544
-2.74673
0.30486
0.15720
-0.75664
-2.31010
-0.89265
-1.73158
-2.71414
-2.49790
0.40069
-2.38448
-1.12326
-1.95537
-1.23261
0.02229
-1.40209
-1.15691
0.38683
-2.41847
-2.49434
-1.93617
-2.89029
-2.04919
-1.84081
-2.91259
-2.11360
-1.26562
-2.32427
-2.50993
-3.02770
0.45058
-1.65678
-0.07079
-1.56996
-0.39206
-3.05246
-0.87852
-0.15577
-2.42299
-1.46805
-1.32274
-0.79300
-3.04283
-1.13967
-2.89084
-1.80999
-1.69096
-2.52837
-0.57177
-0.45821
-1.26883
-3.33458
-2.55877
-1.58251
0.34035
-1.38108
-2.55881
-0.20611
-2.35441
-3.76129
-2.90023
-3.02628
-0.67740
-1.80606
-2.73311
-2.37800
-1.97817
-0.07613
-1.17289
-3.51976
-0.04264
-1.73866
-2.51809
-2.36898
-1.00007
-0.61689
-0.08422
-1.60435
-0.56669
-1.51513
-1.11313
-2.84532
-2.93215
-2.21000
-1.61309
-4.52416
-0.63340
-2.55561
-3.08863
-1.78860
-2.56448
-2.99713
-3.17875
0.74867
-3.41325
-1.56384
0.45204
-1.00908
0.86138
-2.01858
-2.45836
-2.43712
-1.26862
-2.65029
-1.13986
-1.92803
-1.09361
-2.56695
0.70342
-0.63850
-1.94797
-1.33132
-1.32041
-1.94326
-0.97818
-1.23961
-0.65766
-1.20587
-0.84942
-2.27071
-1.57905
-0.57806
-1.83292
-2.48482
-0.07692
-0.27222
-3.42230
0.02392
-2.56398
-2.98816
-3.42108
0.07985
-2.57733
-1.10945
-1.26024
-1.97793
-2.68956
-2.45811
-2.51945
-2.82518
-0.57330
-2.46048
-1.29483
-1.69447
-2.16916
-3.59168
-2.15263
-1.47258
-1.65895
-2.22526
-0.92138
-3.02023
-2.14548
-1.84077
-3.38372
-1.19694
-1.21684
-2.05066
-0.59390
2.13376
-1.55820
-0.76987
