2.29061
-3.07180
-1.60928
-2.16046
-2.99020
-1.43162
-0.98671
-3.47183
-1.28443
-1.99551
1.41670
-2.18239
-2.36834
-1.70081
-2.26407
-3.04943
-1.46994
-1.21915
-1.80310
-2.01783
-2.32351
-2.85476
-2.16665
-0.73581
-0.93128
-3.35899
-1.11141
-2.15615
-2.07739
-1.89652
-0.39048
-1.80090
-2.05149
-2.43868
-0.77633
-1.23531
-3.49646
-1.97548
-4.68693
-2.46522
-1.38286
-3.49307
-1.10723
0.75504
-2.11923
-1.90799
-1.40572
-1.61679
0.36675
-1.65486
-1.90782
-1.24726
-1.32986
-1.50946
-0.41110
-2.45684
-1.47185
-0.51738
-3.69906
-0.98318
-1.59847
-1.86464
-0.86335
-2.71427
-2.63675
-1.73395
0.07472
-1.45462
-0.34723
-2.97569
-1.11728
-2.09155
-1.25919
-1.27574
-2.35148
-1.87534
-2.00170
-2.41871
-1.23908
-1.07898
-0.16667
-0.90237
-3.60570
-3.90642
-3.18166
-2.39709
-0.69016
1.11192
-3.49226
-2.14659
-1.56740
-3.51046
-1.56799
-1.05507
-2.52271
0.52589
-2.02504
-2.42206
-2.30044
-1.10392
-1.95420
-1.60457
-2.12740
-1.44237
-1.59017
-2.83712
-1.34941
-2.80061
-3.02322
-1.14865
-3.16136
-2.82135
-1.12813
-1.63330
-0.56754
-1.90028
-0.04021
-1.25555
-1.30567
-1.27825
-1.31026
-3.00751
-0.40479
-2.74930
-1.88967
-1.87593
-3.05478
-1.92172
1.46678
-1.00315
-1.02951
-1.43293
-1.60122
-0.31946
-1.47101
-1.09279
-1.97109
-2.05013
-1.56368
-1.63636
-0.84369
-0.55759
-3.06776
-2.43298
-2.00024
-1.55465
0.91931
-3.19146
-1.14849
-1.55090
-1.04350
-0.04312
0.29804
-3.12632
-3.45366
-1.38648
-1.06538
-1.96186
-1.18331
-1.36208
-0.37236
0.18088
-4.09847
-1.84024
-0.38372
-2.88217
-2.79411
-1.06165
-0.53059
-3.30422
-2.13419
-0.80105
-1.52339
-2.51255
-1.84542
-3.18990
-1.29884
-3.06640
-2.29791
-1.88063
-0.95933
-2.13349
-0.58113
-2.58975
-1.54190
-2.30462
-0.46550
-2.72703
-0.81306
-2.25709
-1.00987
-1.73048
-2.05353
-1.56142
-0.34682
-1.46453
-2.82731
-1.21177
0.21433
-1.89162
-1.46451
-3.08421
-1.52503
1.07791
-0.41335
-3.03225
-2.61530
-0.68916
-1.82200
-3.09393
0.14144
-1.11492
-0.09172
-0.96599
-2.46099
-2.35654
-1.89725
-1.98844
-2.02638
-2.52233
-0.81193
-2.24908
-0.55648
-1.42255
-0.77956
-2.63213
-1.04639
-1.56588
-2.77428
-1.37705
-1.53107
-1.44152
-3.02031
-1.44564
-2.17599
-0.74641
-2.04235
0.68541
-0.77062
-2.79730
-1.36367
-2.26572
-1.92657
0.68940
-1.41157
-2.87332
-0.59379
-2.85776
-2.71394
-0.68591
-1.22382
-2.18008
-2.06193
-2.75190
-1.56708
-2.99304
-2.82061
-2.59143
-3.49672
0.51360
-2.28808
-1.52126
-2.20465
-1.35706
-2.16834
0.17433
-2.46394
-0.53519
-1.53611
-0.64882
-1.41084
-1.60707
-1.87459
-1.18088
-2.65650
-0.44489
-2.87786
0.29968
-1.95881
-2.66674
-1.28786
-3.21754
-2.17166
-0.26347
-0.22989
-2.04271
-1.66256
-2.95560
-2.70842
-0.99219
-1.80556
-1.29841
-1.86716
-1.84873
-1.46894
-1.80254
-2.93138
-1.75043
-1.99512
-3.01923
-0.86401
-2.83899
0.45186
-2.28833
-0.68374
-1.30196
-0.62732
-0.87703
-1.17417
-3.68210
-2.26798
-1.49402
-2.08910
-1.71709
-2.41820
-2.49311
-1.86989
-2.47589
-2.01713
-1.99846
-1.15391
-1.28508
-2.66622
0.29965
-2.63111
-2.27736
-2.76823
-0.45844
-1.97865
-3.23264
-1.04437
-1.20278
-2.16294
-3.31701
-3.48940
-1.52670
-1.82081
-0.34252
-3.50445
-2.13887
-1.51686
0.27814
-0.97644
-1.67648
-2.09876
-2.44425
-1.95264
-1.92856
-1.60792
-1.61235
-2.19989
-3.77158
-1.17653
-0.22369
-0.67612
-2.22485
-0.41970
-2.63017
-2.94715
-2.83377
0.18310
-1.93098
-2.78115
-2.59322
-0.47414
-2.42261
0.53889
-2.27408
-1.03590
-2.95194
-2.11462
-0.91276
-3.23737
-2.17997
-1.36716
-2.54205
-1.13007
0.52787
-1.25767
-3.20945
-2.76546
-3.00589
-1.04843
-2.21769
-1.23641
-2.35171
-2.08217
-2.16678
-1.69567
-3.18105
-0.50526
-1.91635
-1.31622
-1.29176
-1.67989
-1.94091
0.44079
-2.22280
-0.48375
0.05661
-1.33807
-2.83939
-3.66821
-0.98102
-1.39312
-2.78290
0.34691
-2.37870
-2.41471
-1.59972
-1.55257
-0.03668
0.72641
-2.23078
-2.53266
-0.54540
-2.11571
1.57265
-3.79640
-2.31420
-0.69695
-2.66349
-1.91020
-2.35215
-2.50959
-1.65391
-1.28719
-2.13929
-0.99086
-2.16462
-2.69447
-2.92768
-1.48429
-1.30290
0.75586
-0.92975
-2.02700
-1.18338
-1.19903
-3.28184
-1.76871
-0.86855
-2.68132
0.45267
-1.62732
-1.25383
-0.97401
-1.21086
-1.94150
-1.66425
-3.39268
0.77120
-1.02597
-1.62989
-2.90479
-2.02332
-2.91378
-1.52677
-1.44609
-0.28066
-1.01375
-2.29528
-0.10916
-3.71757
-1.29561
-3.01912
-1.74343
-1.75736
-2.13682
-1.53800
-2.83270
-2.03887
-1.05046
0.06566
-3.44519
-2.16139
-3.61116
0.30026
-2.68725
-2.26359
-2.76324
-0.84583
-2.59435
-1.10400
-0.82116
-0.50291
-2.44762
-0.97389
-2.65885
-1.44197
-1.12855
-2.98885
-2.68279
-2.50126
-1.26855
-2.74799
-2.35623
-0.93853
-1.86951
-0.91503
-2.40767
-1.54875
-1.24733
-2.48476
-1.50966
-3.50148
-1.88148
-1.42737
0.46960
-3.15193
-2.61050
-1.73594
-0.29873
-3.80382
-1.37456
-3.31909
-3.21305
-3.08683
-0.40388
-3.04425
-2.25265
-1.34379
-2.29662
-1.51768
-1.76718
0.26198
-1.92069
-1.40687
-1.02194
-0.16307
-1.44860
-3.27766
-3.00032
-0.57147
-1.25862
-3.13572
-1.95538
-2.53026
-2.74675
-3.19976
-1.41938
-2.20662
-1.99904
-0.94936
-1.51264
-2.65962
-2.29787
0.27862
-1.23530
-1.19464
-2.55396
-2.05324
-2.16207
-0.89440
-1.61289
-1.61729
-3.15526
-2.37012
-4.39608
-2.51115
-2.72531
-0.75518
-1.09674
-3.00398
-2.68528
-0.66456
-2.11762
-0.51418
-0.13999
-1.34207
2.02733
-0.04070
-0.56885
-2.79059
-0.52711
-1.23578
-1.62140
-3.01393
-2.97963
-2.37618
-1.50710
0.07725
-2.79866
-0.64240
-3.12960
-2.57089
-2.65862
-1.95454
-1.43445
-0.59808
-0.89902
-2.16686
-2.26364
-2.52077
-1.33263
-0.96186
-0.54028
-3.12914
-2.36649
-1.17851
-1.97942
-1.05836
-2.32334
-1.89343
-1.07805
-1.46037
-1.36678
-2.03739
-2.85630
-3.32394
-3.12014
-2.70741
-2.89717
1.11719
-1.23990
-1.29092
-2.10768
-1.45400
-2.48761
-2.14058
-0.13585
-1.12630
-1.23498
-0.88962
-2.39124
-1.08032
-0.83276
-1.48428
-1.27691
-2.26322
-1.87648
-1.04075
-0.66080
-2.02743
-1.58641
-0.73244
-2.43552
-1.59585
-2.67746
-2.00368
-2.90545
-2.69055
-1.74679
-2.14822
-1.64622
-2.02384
-1.42584
0.90779
-3.61814
-3.22724
-1.75278
-1.95474
-1.70862
-2.21246
-1.76145
-0.24821
-1.76612
-3.34480
1.14558
-2.50291
-2.49044
-2.81071
-2.01334
-1.90343
0.25821
-2.28633
-2.53614
-2.40488
-1.41483
-1.71337
-4.03639
-2.14843
-1.18955
-2.82058
-2.97129
-0.90031
-1.23663
-2.54259
-0.39113
-1.01570
-0.53077
-0.42174
-3.26539
-1.05724
-2.22749
-0.92169
2.04385
-1.17101
-1.50512
-2.33025
-2.25348
-1.21562
-3.14763
-1.42937
-0.89629
-1.68209
-2.41204
-1.99620
0.90217
-2.11757
-2.59956
-2.94162
-2.34711
0.81931
-2.54685
-1.17420
-1.51013
0.79397
-1.74081
-2.23955
-3.48561
-1.42705
-2.44185
-2.15723
-1.54710
-3.06764
-1.13669
-1.47565
-3.15739
0.99806
-2.14593
-0.07105
-0.48887
-1.16734
-1.35964
-1.86590
-0.64360
-1.64590
-1.87953
-2.17227
-4.04657
-3.32345
-0.88786
-0.80950
-2.45363
-2.62886
-2.71127
-1.27167
-0.80643
-1.43410
0.67251
-0.17412
-1.83327
-1.16305
-1.99965
-1.94923
-1.61947
-2.73232
-2.55418
-3.07166
-1.95038
-0.71258
-2.28077
-2.25117
-3.38113
-0.95073
-3.07396
-1.14135
-2.42075
-1.88805
-0.89980
-1.29824
-3.17949
-1.74692
-2.22559
-2.35917
-1.64733
0.37119
-2.36838
0.00615
-0.56715
-1.66619
1.19774
-1.23649
-0.30083
-0.96477
-2.25673
-1.90534
-0.50338
-2.84510
-2.17597
-2.91223
-1.98740
-3.02253
-1.60647
-0.88204
-1.77606
-1.94225
-2.14817
-1.61019
-3.73953
0.40009
-0.63453
-2.75589
-0.97292
-0.30760
-2.32241
-2.49930
-1.90179
-2.87517
-3.16295
-1.68670
0.15953
-2.43756
-1.07526
-1.67498
-3.72021
-2.64832
-2.33767
-0.16483
-2.76727
-2.29651
