-3.39862
-2.06863
-1.99222
-1.16139
-2.48107
-3.55361
-1.94268
-3.43662
-2.75187
-3.52425
-2.33292
-3.03581
-2.15570
-1.78374
-2.07993
-1.34815
-1.62978
-1.50363
-1.58763
-2.04781
-2.14127
-1.86971
-2.86825
-1.97897
-2.94176
-2.92159
-3.00340
-3.85294
-2.41617
-2.56889
-3.25879
-4.46052
-1.31728
-2.71562
-3.35473
-3.60942
-1.37592
-2.42686
-2.63715
-1.58013
-3.03123
-2.54405
-1.55118
-2.50413
-1.32547
-1.49795
-3.43769
-3.73184
-2.54871
-2.88742
-1.72236
-3.06469
-1.28716
-2.00111
-2.27687
-3.58752
-2.87310
-3.41984
-2.01858
-3.31337
0.13417
-0.66556
-1.23987
-1.89383
-3.88509
-2.42910
-1.89271
-3.51437
-2.51631
-1.52773
-3.80334
-1.16473
-1.63404
-1.97982
-0.63183
-2.39268
-2.16286
-2.16268
-2.66982
-2.31024
-2.63288
-1.85984
-2.04175
-4.20653
0.14238
-3.76739
-2.10200
-1.51450
-0.55429
-1.95994
-1.99643
-1.49494
-2.57799
-0.42872
-2.23575
-1.72685
-2.28673
-1.80935
-3.67861
-3.23790
-3.65529
-1.52567
-3.33056
-2.16462
-3.36648
-2.76895
-1.85036
-1.29779
-0.57764
-0.76816
-2.40290
-2.33486
-3.55047
-1.23597
-3.12365
-2.86420
-2.91147
0.08802
-2.33646
-2.40765
-1.59668
-3.75818
-3.14134
-2.12061
-2.27640
-3.48551
-1.69997
-3.59850
-2.46171
-2.32873
-2.63645
-3.03657
-1.31610
-3.10458
-3.21499
-2.69026
-1.00446
-3.00145
-2.60573
-2.04473
-2.57783
-3.28179
-1.87249
-0.09600
-1.57920
-2.44335
-4.10106
-2.11715
-2.51420
-2.58262
-2.88079
-1.53559
0.26518
-2.45515
-3.82573
-1.45796
-3.14080
-2.44685
-2.28845
-1.73860
-2.83767
-2.31108
-2.53507
-1.67428
-3.96327
-3.36150
-3.62432
-2.49822
-2.03049
-2.24692
-3.13118
-2.87285
-3.13236
-1.90722
-1.79468
-1.69348
-0.92298
-2.14902
-3.47807
0.33781
-2.56218
-2.65437
-3.46654
-1.64574
-2.78888
-1.18897
-2.77056
-2.23029
