0.88142
1.86997
3.43942
2.26278
2.84980
0.21790
3.66697
3.88050
2.02388
4.71732
3.67123
4.62797
5.00975
-1.15501
2.16058
4.42515
3.59587
2.29072
4.00233
1.92169
1.78925
4.43238
2.44160
4.54589
4.63244
4.00825
3.77617
2.74897
4.87126
-0.00530
3.97966
-1.31496
1.34676
0.01870
3.40195
3.47149
2.69386
5.09653
2.74607
-0.50469
1.74312
-0.17501
-0.65399
0.37189
3.27992
4.85753
1.00916
3.56677
0.88775
3.39806
2.17801
0.40604
1.62202
0.40884
2.30453
5.36941
2.39398
-0.27154
0.45174
2.61020
4.79747
5.88460
1.02373
1.91425
2.27667
1.17772
3.77502
-2.23234
0.71525
3.05494
3.59999
3.33558
2.47817
1.52553
2.25943
1.30350
2.05579
1.98476
3.07359
0.38880
4.86205
5.16248
1.91033
-0.85742
4.71063
2.02276
1.07286
5.26973
3.29601
2.15508
3.53217
2.29269
1.24353
3.27611
0.62609
-0.18638
-1.55768
2.59137
2.20056
1.31882
4.45530
3.49833
1.71076
2.66551
1.90594
-0.06821
2.36225
1.97954
2.61079
0.66034
1.39553
1.48067
2.10695
-0.17814
-1.23283
-1.68744
2.21354
0.61523
1.49633
0.18195
2.72930
1.73301
2.98200
2.54548
2.95581
6.60429
4.69689
0.05921
3.53490
2.71193
2.95713
3.27746
1.29856
0.64145
0.66021
1.64267
3.77819
2.54065
2.42488
2.07169
4.03824
2.18176
3.64374
4.11732
4.53565
3.25794
0.02067
0.61475
4.51488
2.96902
0.62560
2.41385
2.70367
1.22260
4.53005
0.49069
0.31064
4.09416
2.42360
1.31926
4.56567
3.04133
4.80646
2.43558
2.65544
1.03585
1.35054
2.73434
2.93870
2.60131
-2.42833
1.80055
2.19580
2.98855
2.35071
4.77292
1.14362
0.95793
1.40435
1.31387
0.94951
0.95350
2.69458
1.69001
3.46273
6.60429
4.94364
4.05482
2.19159
1.34654
3.81696
0.92879
2.64671
2.57085
1.47694
3.81968
2.82050
1.43778
4.62014
2.44593
