-2.08439
-2.26179
-3.40900
-2.99856
-4.25469
-2.81550
-2.03571
-2.04009
0.03055
-1.55443
-3.42643
-2.04408
-2.58715
-1.01246
-2.53090
-2.90012
-2.27124
-1.82514
-3.68300
-2.23730
-2.14370
-1.69529
-3.12102
-2.07351
-3.99095
-0.08285
-0.70795
-3.14967
-2.82286
-2.04597
-2.58496
-1.22908
-1.93729
0.11211
0.96359
1.24285
-3.23480
-4.54621
-3.26252
-3.70379
-2.35677
-1.62131
-3.05006
-1.88405
-2.58430
-2.75807
-2.52904
-3.62008
-1.60432
-2.36141
0.27210
-1.68672
-0.95996
-2.22667
-0.94980
-3.27607
-1.74131
-1.76569
-3.44546
-1.46281
-1.69208
-0.48428
-3.01294
-2.05492
-1.74594
-1.39716
-2.44996
-1.18073
1.67420
-2.67138
-2.06728
-2.38212
-2.32447
-0.13064
-1.94016
-0.40700
-2.53971
-0.69823
-2.71150
-0.27018
-2.72782
-4.23785
-3.98734
-1.67650
-2.25123
-3.04846
-2.00106
-1.48591
-2.84335
-1.84810
-1.23771
-2.55831
-1.95412
-2.74824
-2.64984
-3.35124
-0.79524
-3.56855
-3.05879
-1.59875
-3.99992
-1.61418
-3.07770
-2.77138
-2.28791
0.30151
-1.79210
-3.08433
-1.45590
-2.16928
-3.37549
-2.64581
-0.89522
-0.95229
-3.28389
-3.34438
-0.57437
-1.37932
-2.37909
-1.74687
-2.70238
-2.13548
-0.68357
-2.74051
-2.80914
-1.87644
-3.12200
-3.03671
-2.10902
-1.44832
-0.97952
-2.28842
-2.85709
-3.58790
-0.66304
-1.90159
-2.83446
-3.34400
-0.10634
-2.44816
-2.25960
-1.14204
-1.15968
-3.92695
-3.21226
-4.25052
-3.03389
-3.18285
-1.50734
-0.93107
-0.48404
-2.15664
-0.25765
-3.32463
-3.00217
-0.19019
-1.94826
-3.16090
-1.77845
-0.59276
-3.22649
-1.93601
-2.75779
-3.55980
-2.23626
0.00487
-0.78377
-0.12156
-2.11524
0.54180
-3.94223
-2.52943
-2.26141
-3.10790
-0.66690
-1.23087
-2.34107
-3.27961
-1.72511
0.74316
-1.79654
-2.63777
-2.33622
-3.47047
