4.65645
-2.52776
-2.18751
-0.35973
-1.83945
-3.79753
-2.08439
-3.05373
-1.49223
-2.53132
-2.26179
-2.21967
-3.26504
-2.34727
-2.39695
-3.40900
-1.13809
-0.69696
-2.99856
-1.17380
-2.58918
-4.25469
-2.81550
-0.82853
-1.72788
-0.12750
-3.03644
0.77389
-2.15746
-4.64205
-1.07022
-2.69439
-0.87588
-2.03571
-2.60515
-3.11530
-4.38950
-2.04009
-2.65558
-2.46320
0.03055
-1.69370
-0.93195
-3.67194
-1.55443
-3.10670
-0.51663
0.31689
-0.47351
-3.58091
-3.42643
-1.68104
-3.13271
-1.95037
-1.65004
-1.16118
-1.51506
-2.86080
-1.17758
-2.04408
-2.58715
0.31947
-4.27091
-1.36223
-1.42816
-1.01246
-0.67064
-1.96048
-0.77758
-1.69504
-2.80937
-2.96620
-2.53090
-1.99670
-3.60614
-0.26556
-0.78072
-1.69287
-0.65697
-2.90515
-2.90012
-1.72431
-2.27124
-1.48000
-2.03661
-2.37272
-3.01381
-1.82514
-2.22725
-1.72959
-3.60848
-0.95965
-0.69352
-2.40569
-2.68930
-3.68300
-1.26559
0.85886
0.09679
-2.50811
-1.99166
-1.10447
-2.04397
-2.89645
-0.73537
-2.23730
-2.70943
-0.61340
-3.41951
-2.14370
-0.43697
-2.65670
-1.69529
-3.12102
-3.23960
0.30163
-1.87317
-0.50140
-2.92924
-1.43207
-1.60358
-2.07351
-1.61935
-1.62076
-1.25239
-2.11378
-1.82220
-2.06347
2.13080
2.66989
0.03766
-0.49894
-2.43972
-3.99095
-1.45647
-0.08285
-1.51198
-3.58386
-0.06387
-3.81695
-3.09277
-0.70795
-3.14967
-3.47005
0.03978
-5.39735
-2.48924
-1.20617
-0.99436
1.88846
-1.73272
-2.82286
0.60480
-3.32088
-1.76465
-2.04597
-0.91806
-1.84097
-2.58542
-1.28905
-1.89576
-1.57415
-2.58496
-1.68199
-1.22908
-2.03039
-3.24175
0.69855
-1.22389
-1.48188
-3.88081
-1.93729
-0.16425
-2.72967
-0.79337
-2.01337
-2.94800
-2.69822
0.11211
-2.16834
-3.10417
-0.20543
-3.60715
-2.86352
-1.11515
-2.58178
0.96359
-2.85077
-2.44792
-3.44167
-1.64104
-1.31182
-3.35390
-3.38400
-1.71560
1.24285
-1.47389
-1.77682
0.24050
-3.23480
-3.06428
-0.75067
-0.75642
-1.64685
-0.47263
-3.20981
-1.28185
-1.13528
-4.54621
-3.26252
-3.70379
1.49666
-1.92784
-1.58020
0.14921
-2.35677
-1.23403
-2.83944
-0.40283
-1.54745
-1.74897
-0.82591
-1.70597
1.01455
-2.49942
0.05818
-0.83148
-0.85607
-2.60882
-1.62131
-3.81298
-3.05006
-1.22412
-1.29844
-1.88405
-1.52774
-2.43684
-2.05880
0.65312
-1.30867
-2.22564
-2.32421
-2.58430
0.71069
-0.78862
-2.54591
-0.71784
-1.89769
-1.35859
-1.86748
-1.91299
-3.08409
-1.64858
-2.75807
0.38793
-0.49776
-2.51678
-2.17897
-1.16075
-2.52904
-2.88800
-3.62008
0.95104
-0.76230
0.76688
-0.32879
-2.56878
-1.60432
-1.24210
0.83204
-0.41469
0.91789
-1.57044
-4.17254
2.40030
-2.68943
1.31791
-2.36141
-2.37259
-3.88723
0.27210
0.26879
-0.71351
-1.75484
-2.97776
-1.68672
-1.95365
-2.26267
-0.88985
-2.24155
0.75704
-2.33140
-2.65789
-0.95996
-1.82700
-1.01818
-0.34785
0.84088
-0.20421
-2.22667
0.56262
-1.23260
-2.35163
-1.71288
0.31011
-2.38570
-0.94980
-0.98945
-0.56205
-1.01318
-1.43941
0.19779
-2.68748
-0.05174
-3.51376
-2.01573
-0.43143
-2.37677
-3.09292
-1.66730
-3.27607
-1.22430
-2.10183
-0.75612
-0.23604
-2.10155
-1.88505
-2.26695
-1.74131
-2.38567
-0.94536
-1.90655
-1.76569
-3.07683
-2.90131
-1.71745
-1.19253
1.96723
-2.30089
-2.07266
-0.24202
0.19234
-1.26582
-3.13652
-1.61689
-4.30153
-3.44546
-4.52372
-2.35082
-1.46281
-2.88389
-0.64620
-1.19711
0.27749
-4.53313
-1.69208
-2.26755
-2.35297
-2.02198
-0.48428
-1.45769
-3.01425
-3.01294
-2.05492
-1.35780
-1.47796
1.58847
0.19495
-0.97593
-3.32366
-1.74594
-2.54963
-0.51851
-1.33925
-0.49836
-1.55229
-0.48332
-0.97288
-1.39716
-2.65774
-0.56794
-2.56041
-0.72002
-3.75242
-2.44996
-1.59727
-1.97056
-1.64460
-1.04571
1.52730
-1.18073
1.67420
-0.93932
-0.29193
-1.36118
-3.53531
-0.91740
-1.92045
-4.15015
-2.67138
-2.06728
-3.93421
0.66342
-0.05442
-1.86178
-2.15335
-2.38212
-1.86363
-0.49516
0.84662
-3.21108
-0.60482
-0.78485
-2.32447
-3.85323
-1.58116
-0.93517
-1.58622
-1.38058
-0.13064
-1.94016
-1.55020
-3.40959
-1.55720
-1.25286
-1.01572
-3.69920
-0.48755
-1.21406
0.31486
-0.40700
-1.55365
-3.19579
-3.24850
-0.65096
-3.13769
-1.83817
-2.53971
0.28317
-3.55225
-0.69823
-1.46768
-1.51442
-2.68627
-0.94954
1.50524
0.08821
-5.08889
-2.71150
-1.20169
-0.92095
-1.81760
-0.27331
-1.75308
-3.28682
-3.21424
-1.49771
-2.30857
-0.27018
-3.38682
-2.72782
-2.88276
-3.48886
-4.23785
0.02530
-1.49534
-3.98734
-0.89579
-0.63191
-0.74875
-1.35870
-1.02377
-1.78820
-1.54491
-1.67650
-2.25123
-2.74344
-2.92275
-0.97939
-4.22785
-3.04846
-0.20526
-3.28893
-0.95392
-3.68152
-2.52200
-1.23173
-2.00106
0.29347
-2.07207
-2.79852
-1.58721
-1.17670
-3.58142
0.89821
-1.48591
-3.39105
-2.84335
-0.83602
-1.55397
-1.00466
-1.46708
-0.80998
-4.48348
-1.84810
-1.25109
-2.59678
-3.27233
-1.23771
-1.61880
-1.74495
-0.66617
-2.52252
-2.55831
-2.03833
-1.51373
-1.85758
-1.61494
-1.89839
-1.95412
-0.57470
-2.74824
-1.04604
-3.01027
-2.64984
-0.95125
-0.63278
-2.35857
1.23141
-0.93497
-2.09880
-2.54450
-2.10675
-4.16053
0.56125
-1.57318
-3.35124
0.91530
-1.86845
-2.51653
-0.79524
-1.74807
-2.53023
-1.72697
-2.47442
-0.17566
-0.64532
-3.56855
-1.14842
-1.88739
-0.96345
-0.95702
-1.03520
-1.32990
-3.05879
-1.22545
-1.00964
-0.23352
-1.59875
-1.81921
-3.01530
-2.29515
-0.74355
-1.55392
-1.52497
-1.36410
-0.16686
-3.99992
-2.35264
-1.16904
-1.61418
-2.86192
-3.07770
-3.29975
-2.20808
-2.17223
-1.56178
-1.82404
-0.36196
-2.77138
-0.95489
-0.64653
0.71246
-0.86139
-2.28791
-0.99166
0.82889
0.30151
-1.58216
-2.02087
-3.36826
-1.79210
-2.51967
-2.10700
-1.69019
-3.08433
-2.18198
-1.25879
-0.22313
0.72181
-1.45590
-2.02639
-2.42993
-2.16928
-2.89791
-0.91204
-3.00810
0.51471
-3.85653
1.00084
-2.97898
-2.24176
-2.75306
-3.37549
-4.65170
-3.14548
-2.42261
-3.13049
-2.64581
0.60915
-0.89917
-2.11964
-0.89522
-1.45551
-1.09925
-1.37911
-1.51942
-1.80317
-0.84484
-2.41317
-0.95229
-3.74437
-0.71255
-3.59401
-1.13999
-0.78234
-1.75394
-2.16653
-3.28389
-2.31801
-3.34438
-2.83492
-0.57437
-1.26611
-3.68015
-1.37932
-0.73367
-2.04996
-4.17288
-0.87925
-2.37909
-0.69797
-3.14057
-1.97417
-1.74687
-3.05913
-0.81104
-1.06282
-0.04082
-1.94718
1.82236
-1.09085
0.62081
-2.70238
-1.63077
-2.38819
-3.23173
0.17245
-2.13548
-1.11495
-0.68357
0.77387
-2.50753
-2.55181
-2.74051
-1.30219
-2.14078
-2.32955
-0.77899
-1.13245
-1.77140
-2.80914
-3.72427
-2.90457
-1.49898
-2.02699
-1.57846
-1.87644
1.81734
-2.03748
-3.05580
-1.96153
-2.21746
-0.79905
-3.12200
-3.03671
-1.60243
-2.71430
2.51975
-1.39442
-1.73829
-3.79810
-3.35720
-2.10902
-1.11047
-1.44832
-1.84507
-0.51399
-0.57393
-1.65479
-2.26827
-0.97952
-2.28842
-0.26812
-0.22105
0.72561
-2.66245
-2.03545
-0.33854
-2.32748
-3.40239
-2.85709
-2.80748
-1.46073
-1.67677
-0.18812
-2.06998
-1.38250
-3.58790
-0.88367
-2.87067
-0.71101
-2.57580
-0.70479
-2.61888
-1.66608
-0.66304
-1.19077
-3.30404
-2.90172
-3.85748
-3.03283
-1.21701
-1.18964
0.88010
-1.53841
-0.52814
-0.76013
-1.90159
-2.44586
-2.83446
-3.34400
-1.26973
-0.46794
-3.02864
-2.60927
-0.10634
-1.72305
-3.07999
-1.86877
-2.44816
-1.30659
-2.25960
-2.08102
-1.89596
-0.95167
-2.28114
-0.46759
-2.30049
-1.93143
-1.47097
-1.14204
-3.66487
-1.53588
-1.83892
0.11891
-3.27577
-1.14509
-1.06970
-1.15968
-0.17658
-2.65439
0.36187
-2.92168
-1.58061
-3.92695
-1.81335
-3.21226
0.91435
-2.22346
-0.69137
-2.41633
-2.38029
0.59899
-0.92603
-4.25052
2.76338
-2.34829
-1.85249
-3.03389
-0.95558
-2.20238
-3.81711
-2.24704
-3.42869
-3.18285
-1.50734
-2.36786
-0.73578
0.30309
-1.49963
1.58376
-2.32884
-1.91076
-4.07642
-0.93107
-1.87569
-1.49989
-0.48404
-0.80063
-1.96835
-3.79702
-2.55770
-1.58334
-1.32203
-1.79723
-2.15664
-1.85052
-1.61343
-1.87041
-0.25765
-3.32463
-2.54918
-2.52106
-1.63388
-0.95640
-2.74883
-0.05782
-2.53594
-3.00217
-3.30562
-1.74458
-1.57542
-0.47119
0.89326
-3.24156
-2.36231
-0.19019
0.51997
-3.54721
-2.57454
-2.51457
-0.59236
-3.35458
-1.94826
-3.16090
-0.74511
-1.38494
-1.59747
-3.74177
-1.77845
-0.22020
-1.33574
-1.47526
-2.81730
-0.59276
-1.11561
-2.30473
-1.18321
-2.12061
0.26370
-1.96269
-0.82140
-3.02209
-3.22649
-1.93601
-0.97218
-1.95973
0.33454
-1.84001
-2.97072
-1.68507
-0.28679
0.14347
-4.30285
-2.75779
-2.12801
-3.55980
-3.29101
-0.84825
-2.33546
-1.44443
-1.74636
-0.22053
-1.52175
-0.26659
-2.23626
-1.54624
0.00487
-1.86091
-2.30287
-0.92391
-3.68693
-0.78377
-1.65090
-2.15626
-0.12156
-0.93656
-2.28501
0.27673
-0.82178
-2.53792
-1.64370
-2.13575
-1.82273
-2.11524
-0.37779
-1.89795
-1.10091
-2.62289
-1.11334
-2.70958
-2.01982
-0.77794
-2.74982
0.54180
-1.22655
1.10740
-2.86185
-1.06027
-3.01554
1.34278
-1.14484
-1.67574
-1.37460
-3.94223
-2.57531
-2.06604
-1.78866
-2.52943
-2.26141
-4.13360
1.08203
-2.47733
-1.39316
-1.54247
-2.76316
-2.59608
-3.10790
-2.69180
-2.89253
-4.45392
-0.66690
-0.20873
-1.23087
-1.01241
-3.55318
1.19768
-2.01277
-3.02925
-2.34107
-3.27961
1.57165
-1.13782
-0.19909
-2.68882
-1.54036
-0.13003
-1.96115
-2.36494
-1.43522
-0.57930
-1.58319
-1.27510
-1.72511
-2.02503
-3.06856
-4.23754
-0.81247
0.74316
-3.64159
-1.09587
-1.65541
1.28145
-2.89735
-1.48648
-1.57747
-1.79654
-2.69386
-2.63777
-0.62180
-3.31864
-2.33622
-3.61617
-2.31053
-1.89523
-3.47047
-1.45404
0.17711
-3.16204
