5.28174
2.83040
3.00486
3.09766
1.22430
6.79925
6.69610
-0.45985
3.50977
0.80314
6.10336
-0.56347
1.61860
3.23316
1.46092
4.28772
2.87156
0.68470
6.06458
1.72145
1.00127
-0.56428
1.93824
0.01440
-0.32209
0.57942
-1.02096
-2.19043
0.83320
-2.03172
1.65495
1.72510
3.05308
1.14588
2.25900
0.04755
2.12417
0.32620
4.56576
-0.03649
4.86383
4.54846
3.65721
-0.90295
-1.57277
-1.01918
0.62224
-0.10510
0.44371
2.26029
2.05726
-0.12235
0.17459
0.68141
5.39835
4.81566
-1.50380
1.96287
2.64334
3.04935
1.04145
0.00568
0.77171
-2.33678
-0.00314
0.07776
-1.46956
-0.96466
2.79945
4.14822
0.78567
0.99892
2.80188
1.86473
-0.20180
4.79915
1.14423
-0.31972
0.82758
4.66328
4.79978
3.33298
1.34225
-0.04167
-1.35080
-0.61925
0.98745
0.77067
1.92413
0.07769
1.27358
3.88488
-0.99278
0.94084
5.99548
0.35688
1.18480
0.89939
0.56080
2.46252
2.80668
5.00893
1.61549
1.96348
-0.31749
3.02982
-0.15599
3.65417
2.08704
0.93372
0.09992
3.07516
4.10705
0.66179
0.93291
2.66670
5.57716
0.65494
2.83157
1.99502
2.76499
3.04379
1.84637
2.38943
3.77232
2.92760
0.27858
5.49390
3.20704
0.70857
0.60747
4.19355
3.03851
3.33972
0.76336
1.78498
1.71020
2.63501
0.53917
0.01479
1.43589
4.22674
2.92326
-0.01450
1.49755
4.02177
0.81843
1.75005
-1.02757
3.23006
1.50052
2.23088
3.75187
1.64197
4.79012
1.27716
0.47649
0.97488
2.39571
5.11316
5.61349
4.22341
4.15311
3.55694
3.03206
-1.32838
1.70318
3.28568
0.55107
0.59024
3.50131
4.43972
5.06356
-0.56732
4.33420
-1.86020
-0.17273
6.17665
1.05658
4.26871
2.35515
-0.13053
0.13623
0.22596
1.25468
1.33084
2.35920
3.74798
-0.72223
3.30633
2.15678
-0.01973
0.96048
2.07579
2.29972
2.79339
1.78504
1.71555
3.32338
2.49251
