-1.87500
-4.38526
-3.34424
-2.02063
0.08634
-2.53178
1.44537
-2.92319
-4.00059
-4.25593
-4.07917
9.02388
-0.77651
-3.00896
-1.58059
-1.46980
-2.59897
-1.73051
-3.91929
-1.87426
-3.01481
-2.45078
-3.50311
-1.57320
-3.62469
-1.80674
-3.35059
-1.42991
-2.53088
-2.62280
-1.55871
-1.20771
-0.81430
0.32598
-3.07240
-3.13642
-3.43625
-2.41177
2.30565
-1.87808
-2.06658
-2.49817
-2.79931
-2.98282
-1.56693
-3.96582
-3.60998
-2.16614
-1.52641
-2.42231
-2.09102
-3.37185
-2.20526
-2.85597
-2.42283
-1.39308
-3.02736
-3.08945
-2.92475
0.32623
-2.92651
-2.19409
-2.86682
-2.14952
-2.56642
-2.30532
-2.99234
-3.05483
-2.53023
-0.30269
-1.84550
-1.57550
-1.29610
-1.80713
-2.72833
0.00529
-1.70917
-0.66900
-1.24799
-2.79355
-3.19710
-2.45737
-1.81138
-1.47305
-2.54506
-2.94598
-3.62385
-4.09956
-2.28403
-3.53345
-3.67806
-0.07720
-3.46429
-3.55818
-0.65498
-0.82326
-3.26961
-3.19154
-0.78345
-3.32893
1.52653
-2.99447
-0.76518
-1.97812
-1.40079
-2.50958
-2.90150
2.58134
-2.70713
-2.54369
-3.84707
-4.47613
-3.78025
-3.39236
0.28597
-2.15678
-2.18090
-3.01736
-0.46042
-3.49114
-3.18964
-2.68602
-2.02053
-0.96361
-3.22168
-1.36204
-2.72568
-2.99298
-2.63256
-0.44376
-3.82285
-2.57239
-1.55339
-3.40995
-1.67108
-1.24094
-0.83863
-3.39324
-2.43505
-2.64695
-2.05065
-3.40166
-1.58456
-3.03888
-3.62448
-2.26879
-1.90835
-1.67004
-2.98828
-1.64962
-1.28243
-2.76905
-2.17039
-1.84340
-2.45699
-2.49608
-3.35564
-2.25080
-2.92247
-2.67335
-2.57455
-2.01949
-2.36902
-2.64580
-2.29675
-4.15025
-3.28688
-1.53891
-2.68492
-2.21201
-1.95617
-2.76849
-2.43712
-2.92932
-3.02930
-2.30626
-2.45517
-2.25451
-1.78843
-3.19319
-1.70620
-1.87470
-1.57843
-3.08798
-2.09180
-4.06433
-2.67682
-2.60417
-3.37071
-0.72784
-3.76464
-2.64098
-2.02994
-1.24724
-1.87005
-1.09348
-3.86327
0.57493
-2.12162
-1.16693
-2.66895
-1.04178
-4.14755
-2.79078
-0.03202
-4.23263
-3.97906
-2.38203
-2.54057
-2.02106
-0.01673
-3.50811
-2.90183
-2.40057
-3.78417
-3.70750
-3.01186
-3.64296
-2.96568
-3.47146
-3.86515
-3.48796
-3.40223
-2.86190
-2.31694
-2.63594
-0.51996
-2.90165
-3.54551
-3.14229
-3.67426
-2.73572
-3.10853
-1.60638
-3.05589
-2.51837
-1.44606
-1.25068
-3.99676
-3.18073
-2.06568
-2.79886
-3.54747
-1.29148
-2.17068
-1.12728
-1.89438
-3.06942
-1.97492
-1.41487
-3.12684
-3.27483
-2.00803
-0.84378
-3.51310
-1.08733
-1.40559
-0.72954
-2.71949
-2.17667
-2.30373
-3.15983
-2.57813
-2.49222
-2.18336
-1.77087
-2.40994
-1.56359
-3.85010
-1.19919
-3.51085
-3.03409
-2.54874
-2.67781
-3.18631
-2.07572
-3.30349
-2.04163
-1.96168
-2.17216
-1.67657
-1.93842
-2.58233
-3.75119
-1.35705
-3.28555
-3.80349
-3.65531
-2.85244
-2.68761
-2.18410
-3.56370
-1.50915
-0.82608
-2.92551
-2.96031
-4.19931
-3.01813
-4.49812
-0.07758
-1.58863
-3.13677
-2.24598
-3.85606
-1.64493
-1.52529
-0.31500
-3.43807
-1.99315
-2.62202
-1.56361
-4.12828
-2.85997
-3.05771
-2.23738
-1.65834
-1.98776
-2.31105
-2.03607
-2.17702
-3.30194
-2.96758
-3.75129
-2.47557
-2.42456
-2.08104
-1.90532
-3.79661
-1.10796
-0.96566
-0.74741
-2.76182
-3.03810
-3.36944
-1.56156
-3.20757
-3.23727
-3.20124
-2.15662
-3.21676
-2.30323
0.30487
-1.04551
-1.18185
-0.43602
-2.61470
-3.24264
-3.98658
-2.12641
-0.80815
-3.27646
-2.70565
-2.61378
-2.55708
-1.42280
-2.77552
-1.42612
-1.04498
-0.95776
-2.99442
-0.04064
-1.75620
-3.44041
-2.33991
-3.07990
-1.73022
-1.37055
-3.05654
-2.43913
-3.87758
-2.75457
-1.15350
-0.68358
-2.96637
-2.72075
-2.53944
-2.56214
-2.61115
-1.06871
-2.22886
-1.48658
-3.20311
-2.58165
-2.66772
-2.02191
-3.19057
-2.86827
-1.21572
-3.54043
-2.29725
-2.52997
-2.14407
-2.17117
-3.83846
-3.72749
-2.54025
-0.92633
-2.51414
-2.49913
-2.80517
-0.25730
-0.77165
-2.53511
-4.51500
-0.45084
-2.07680
1.55753
-3.17424
-2.08571
-3.65015
-3.81642
-3.33426
-3.58739
-3.37657
-0.23759
-1.91081
-2.59282
-2.06058
-2.08653
0.28984
-1.60689
-3.09204
-2.41452
0.93457
-0.05125
-2.65315
-0.90734
-3.12478
-3.96650
-3.20526
-1.94811
-1.14136
-3.79502
-0.81816
-3.00036
-2.14276
-1.04290
-1.20434
-2.24262
-1.95502
-2.18992
-2.17057
-2.48422
-2.09193
-1.26807
-3.90696
-2.57771
-1.34171
-2.63615
-0.20486
-3.91669
-0.87283
-1.39978
-2.40590
-2.85537
-1.43441
-2.90587
-4.07746
-3.46582
-3.43439
-3.63582
-2.11679
-2.88095
-1.73368
-0.83808
-3.30667
-3.04439
-2.16387
-1.35206
-2.09368
-2.85375
-2.14026
-0.68283
-3.65958
-1.97769
-1.81366
-3.01582
-0.95378
-3.19700
-2.05892
-2.35155
-0.45996
-3.21991
-2.17989
-3.04386
-2.64492
-1.21190
-3.06192
-2.69407
-2.97550
-3.09078
-2.57871
-2.08822
-1.17366
-2.53960
-3.56595
-3.97135
-2.54447
-2.23788
-1.70172
-4.50234
-3.35653
0.12866
-1.97705
-3.90352
-2.05485
-2.25773
-2.15657
-1.06735
-3.98977
0.01001
-1.42302
-2.29061
-3.41984
-3.28086
-2.06765
-2.16543
-3.93001
-2.78867
-1.68426
-0.74861
-0.16597
-2.11610
-1.46090
-1.69523
-2.28789
-0.69334
-2.32215
0.59107
-0.60855
-1.94999
-2.53180
-2.54469
-3.20385
-2.57554
-3.02533
-3.42408
-2.19566
-1.87549
-1.32417
-2.24510
-1.65787
-2.72653
-3.73582
-3.08150
-1.09407
-4.09677
-0.99363
-2.49493
-2.99706
-2.99779
-2.28301
-2.10004
-3.22129
-1.70629
-0.75977
-3.23581
-2.95913
-0.02125
-1.79845
-3.11520
-2.64481
-1.27341
-2.05762
-2.66280
0.60048
-2.26973
-3.49119
-2.32052
-2.87230
-3.06683
-2.32776
-3.21235
-2.90302
0.41213
-2.90435
-2.67019
-3.61645
-2.60246
-2.97506
-1.06392
-2.33761
-1.81279
-2.94582
-1.77973
-3.43992
-1.31496
-1.93778
-1.94199
-2.60925
-2.30052
-0.39971
-2.26493
-3.05198
-3.22231
-2.65872
1.28468
-0.34367
-2.43573
-1.14314
-2.14691
-4.42965
-1.48897
-2.21698
-3.54170
-3.09424
-2.35861
-3.63705
-1.72566
-2.65587
-0.77769
-3.55890
-0.57684
-3.72676
-3.54264
-1.36027
-2.85172
-1.11906
-3.97732
-2.69044
-3.49468
-3.34963
-2.36540
-2.68278
-3.29079
-3.68640
-1.02734
-1.07369
-3.18831
-2.41980
-3.62620
-2.60396
-2.96282
-1.05381
-2.48304
-0.35476
-1.20195
-1.83232
-1.63698
-2.31685
-3.42161
-2.25714
-1.41890
-3.57821
-2.55787
-1.28950
-1.23643
-3.66270
-2.34919
-1.30152
-2.93240
-0.99658
-2.81592
-3.41275
-3.45201
-1.67855
-2.66702
-3.55931
-3.06947
-2.23116
-3.53147
-1.23745
-1.54943
-2.71259
-2.63536
-1.86497
-3.05611
-1.31411
-3.05565
-2.08448
-3.23172
-3.54269
-3.20374
-2.65045
-1.68120
-1.59455
-2.43858
-2.45632
-2.43128
-2.17318
-1.98853
-2.02415
-1.65439
-2.36326
-3.37611
-3.62725
-1.94963
-1.55818
-1.95383
-3.59876
-4.35788
-2.01237
-2.08133
-2.46996
-4.24461
-1.70315
-1.28102
-0.45925
-1.95490
-3.12892
-2.39945
-4.06439
-2.12024
-2.15556
-3.68723
-2.66467
-1.13565
-2.57072
-0.87236
-2.39265
-1.71466
-2.78571
-1.61636
-3.73698
0.30376
-1.16895
-2.97358
-3.63921
-2.31789
-3.14575
-3.16282
-1.62669
-1.58968
-2.45993
-1.37093
-2.31274
-2.83122
-3.73510
-1.84888
-0.77512
-3.81641
-0.62979
-1.94668
-3.09038
-3.50665
-3.00463
-2.60623
-2.98913
-2.53179
-1.93820
-0.04015
-3.17948
-3.02891
-3.73326
-2.23481
-2.43173
-3.11362
-3.47891
-1.73848
-0.86167
-1.19639
-3.10210
-3.93135
-1.02095
-2.56602
-1.43610
-1.16808
-1.61796
-1.66036
-2.50647
-3.20827
-3.70335
-2.57836
-1.64564
-2.67945
-3.20138
-1.72643
-2.22340
-1.41862
-0.19067
-2.25510
-4.25877
-1.32452
-1.56232
-1.59108
-1.80537
-2.99989
-1.26073
-1.46048
-1.98872
-1.58745
-4.19854
-3.91445
-1.83539
-1.31893
-1.14811
-3.94072
-3.63234
-0.41924
-1.05243
-2.43832
-2.81745
-2.07709
-2.09271
-0.39727
-3.35123
-1.00653
-3.05758
-3.05432
-3.71793
-4.04715
-2.74037
-3.74712
-3.07084
-2.53574
-0.63442
-2.70584
-2.83166
-1.55204
-2.41014
-2.23881
-3.11439
-3.12627
-3.14376
-1.87197
-2.04803
-1.31785
-1.91833
-0.96749
-0.07706
-3.23164
-0.25146
-3.04769
-0.18510
-1.08430
-0.37960
-3.08306
-1.41197
-0.94642
-2.04011
-2.78712
-0.70600
-1.61082
-1.57396
-2.92550
-1.05428
-3.18530
-2.21533
-2.59786
-3.12328
-3.44113
-2.37396
-1.91615
-1.51522
-2.30488
-2.52927
-1.64710
-0.67998
0.46179
-2.02711
-2.04802
-0.19742
-1.88386
-2.29324
-0.85250
-3.52493
-1.68611
-3.08287
-2.78278
-2.60571
-1.91979
-2.87300
-2.66389
-0.33029
-3.87952
-3.50352
-1.48818
-3.84170
-2.53719
-2.79975
-2.56574
-1.92363
-3.02210
-1.96113
-2.47644
-2.12477
-1.33647
-2.93225
-3.08316
-2.93699
-1.93110
-3.17237
-1.81011
-0.00916
-1.36112
-4.16712
-1.57381
-0.00798
-3.22473
-2.21271
1.26133
-1.48240
-2.41507
-1.23163
-3.14871
-1.94594
-3.12887
-0.27619
-2.39820
-1.62958
-2.37932
-0.38252
-2.47506
-2.59401
-3.60494
-3.45450
-2.91004
-1.59323
-4.36766
-1.06648
-3.16751
-2.45729
-2.18267
-2.37158
-3.65744
-2.26980
-2.54642
-1.44219
-1.48872
-0.00536
-3.12433
-2.49964
-1.49991
-2.72071
-3.61513
-1.48932
-0.53872
-3.30045
-3.03797
-1.75161
-2.51658
-3.43308
-2.46630
-2.11916
-2.04102
-2.51046
-2.44012
-1.66695
-2.24943
-1.07249
-1.42171
-1.84410
-3.66588
0.22477
-1.93034
-2.55947
0.09522
-1.40518
-1.85751
-3.30659
-1.45870
-1.21749
-3.19543
-1.45008
-2.45949
-2.85008
-2.62404
-3.76071
-0.45268
-3.63464
-0.34757
-3.93094
-1.75424
-2.11117
-3.69322
-2.90476
-3.25636
-3.09252
-2.15877
-3.39588
-1.26230
-2.03532
-1.84171
-3.26112
-1.53196
-2.24082
-3.36572
-1.53002
-2.02086
-2.37323
-2.27569
-2.18706
-0.99059
-2.22807
-2.39787
-2.48598
-1.51668
-1.65890
-0.28042
-4.00282
-3.05956
-2.65052
-3.59020
2.65776
-1.70223
-0.77833
-4.30798
-3.04670
-2.44251
-2.53017
