-1.87500
-4.38526
-1.46980
-3.91929
-3.50311
-3.35059
-1.55871
-3.43625
-2.06658
-1.52641
-2.20526
-1.39308
-2.14952
0.00529
-3.19710
-4.09956
-2.28403
-0.07720
-3.55818
-2.50958
-3.84707
-4.47613
-3.78025
-1.36204
-2.72568
-1.67108
-2.43505
-2.05065
-3.62448
-1.84340
-2.92247
-2.01949
-1.53891
-2.92932
-2.25451
-4.06433
-2.60417
-1.24724
0.57493
-2.79078
-2.38203
-3.64296
-2.86190
-3.67426
-3.10853
-3.18073
-3.54747
-1.97492
-3.51310
-1.77087
-1.19919
-2.54874
-2.07572
-3.65531
-2.68761
-4.19931
-4.49812
-3.85606
-3.05771
-2.23738
-2.47557
-1.90532
-3.20124
-3.98658
-1.42280
-2.99442
-2.33991
-3.87758
-2.75457
-2.72075
-3.20311
-2.58165
-2.17117
-2.54025
-2.53511
-2.08571
-3.81642
-3.58739
-3.20526
-3.79502
-2.18992
-1.34171
-1.39978
-3.46582
-3.63582
-3.04439
-2.14026
-3.19700
-2.97550
-3.09078
-3.97135
-2.54447
-3.90352
-3.98977
-2.06765
-2.78867
-1.46090
-0.69334
-2.54469
-3.02533
-3.73582
-0.99363
-2.99779
-2.95913
0.60048
-2.87230
0.41213
-2.60246
-1.81279
-1.93778
-0.39971
-3.22231
-2.35861
-3.63705
-1.11906
-2.69044
-2.68278
-1.07369
-0.35476
-3.42161
-3.66270
-2.34919
-3.41275
-3.45201
-1.54943
-3.05611
-3.54269
-2.65045
-1.94963
-4.35788
-2.01237
-1.70315
-2.39945
-2.66467
0.30376
-2.31789
-3.16282
-2.83122
-3.00463
-0.04015
-3.11362
-1.73848
-2.50647
-3.70335
-2.57836
-1.56232
-1.26073
-4.19854
-3.91445
-2.07709
-2.53574
-2.70584
-3.11439
-3.14376
-0.25146
-1.41197
-1.05428
-3.44113
-1.91615
-2.52927
-0.85250
-2.78278
-1.91979
-3.50352
-2.47644
-2.93699
-1.93110
-1.57381
-1.23163
-2.91004
-4.36766
-3.16751
-2.18267
-1.48932
-1.75161
-3.43308
-2.51046
0.22477
-1.45870
-2.62404
-0.45268
-3.93094
-1.75424
-1.26230
-1.84171
-2.27569
-0.28042
-2.44251
