9.02388
3.70469
9.02388
9.02388
8.05472
9.02388
7.29399
4.51467
8.65742
5.12149
6.34835
3.48561
4.10852
6.61777
4.05221
1.57428
2.63881
3.81942
5.12106
7.49277
3.68525
3.92971
3.94794
0.72865
5.66802
8.69452
9.02388
4.19123
5.47940
4.74786
4.31037
7.07437
7.06160
5.81741
4.52395
6.00243
3.89174
2.69540
4.67194
6.74715
3.42036
8.28503
6.58968
0.82933
6.47963
8.99759
5.11659
9.02388
3.56072
8.03976
4.99294
3.98799
9.02388
3.34443
3.77471
5.47675
0.27862
9.02388
9.02388
1.98848
7.72752
9.02388
0.88886
3.68666
9.02388
6.55352
6.05599
6.83749
4.08913
6.87869
4.07771
3.11403
4.23683
4.24561
9.02388
9.02388
8.09884
6.69915
5.16891
5.72601
8.99655
4.39182
8.18706
5.63272
9.02388
6.32154
7.45965
5.25995
6.20573
4.57624
6.62439
4.76560
8.90915
9.02388
8.16240
4.22495
2.27543
8.78023
9.02388
3.29524
7.78391
5.12862
3.03844
6.13900
6.42667
0.19747
4.32811
0.79489
5.11369
3.51404
9.02388
2.39161
4.68737
-1.50652
9.02388
3.93490
3.74788
7.04903
9.02388
3.39624
6.13339
5.42574
4.62998
2.97168
4.85582
3.68073
8.43229
3.12570
7.44860
5.20072
0.80891
2.42345
7.18545
4.73985
9.02388
9.02388
5.51067
7.50790
5.42522
9.02388
9.02388
6.20745
3.25654
6.83273
1.88633
7.32645
5.60506
5.72826
0.01058
9.02388
1.87629
9.02388
4.63475
4.29890
4.44787
8.73501
7.54624
4.99101
5.48121
6.59364
2.54390
7.62421
9.02388
4.56470
4.22817
3.95118
3.13942
4.48202
1.40655
3.30275
7.25931
3.59443
9.02388
7.40916
6.37489
9.02388
4.22009
9.02388
8.28430
6.56557
5.47393
7.23530
6.32932
1.92275
5.84768
3.30948
6.97127
4.35635
1.77762
