-0.89918
-3.37729
-2.88135
-1.51993
-1.63672
-1.13141
-2.13774
-2.17292
-1.76852
-1.22884
-2.99517
-0.04076
-2.14926
-3.06089
-2.71697
-1.97119
-2.47968
0.21737
-1.21924
-1.76472
-0.31525
-2.98581
-2.88944
-1.32976
-2.04305
-1.16475
-2.61492
-1.71220
-1.53133
-3.83808
-2.33065
-2.11483
-2.21471
-2.73578
-3.09485
-2.70512
-3.34733
-1.58868
0.13745
-2.61853
-2.59105
-3.39874
-1.36645
-1.89600
-1.75661
-3.09632
-2.77372
-1.42555
-2.08074
-1.43840
-2.86695
-3.22929
-2.80114
-1.83300
-1.34305
-2.70517
-2.12826
-3.92600
-3.37892
-2.87621
-2.08949
-1.01604
-2.53169
-2.76651
-2.90541
-3.72774
-3.85227
7.55593
-2.73087
0.27747
-0.85813
-1.84885
-2.35578
-1.82120
-2.86663
-0.76777
-2.43581
-1.35675
-1.72379
-1.53233
-2.76282
-1.82160
-3.30208
-1.63067
-2.94247
-1.39346
-0.74407
-1.66796
-2.07423
-0.83494
-2.92160
-2.04245
-2.67122
-2.77375
-0.64526
-2.41599
-1.62401
-3.41283
-2.56845
-0.47729
-2.12356
-3.42973
-0.83732
-0.61957
-3.09125
-1.37090
-2.65770
-1.02694
-1.99213
-2.64018
-1.41460
-2.34862
-0.79702
-2.10971
-1.82627
-2.18469
-2.18511
-0.67497
-1.23752
-1.40851
-2.94257
1.39262
-2.45081
-2.64371
-1.96013
-1.11306
-1.57348
-2.47430
-0.92805
-3.62666
-2.26215
-2.56340
-0.07805
-2.03733
-1.65584
-1.34959
-3.07514
-2.73105
-0.21665
-2.95791
-0.00001
-1.96187
-3.71310
-0.38172
-0.91815
-2.44316
-2.77325
-2.97078
-2.97383
-3.39985
-0.92326
-1.58949
-0.28758
-1.86274
-1.36329
-4.12460
-2.24878
-1.00452
-3.66227
-1.16331
-1.20579
-0.47214
-3.64735
-2.63017
-1.45903
-1.44843
-3.60177
-2.44233
-0.18587
-0.00316
-2.76024
-1.83852
-2.61544
-1.57824
-2.48237
-2.06103
-1.18747
-2.95520
-0.24428
-1.60290
-1.22477
-2.95272
-1.19320
-2.32284
-3.32431
0.14801
-2.16090
-1.32502
0.16890
-2.29388
-1.56968
-0.86410
-1.53095
-2.16249
-3.55108
-2.35165
-1.63087
-2.93623
-0.45976
-2.70561
-0.64744
-2.86636
-3.16238
-2.83273
-0.68321
-0.34796
-2.57049
-0.91684
-2.10936
-1.91661
-2.60906
-1.47972
-1.10729
0.33701
-1.37398
-2.05944
-2.28078
-1.59480
-2.79239
-3.77272
-0.78727
-2.25133
-0.66832
0.78702
-2.48063
-0.45799
-1.49281
-1.96683
-2.56240
-2.24057
-0.10656
-1.39070
-2.04815
-2.14358
-2.57309
-2.26380
-1.26809
-2.70160
-3.69780
-2.14304
-2.09553
-2.02464
-2.44946
-2.68694
-2.40194
-2.58000
-2.20329
0.19043
-2.40396
-1.84243
-2.46388
-2.47828
-0.94571
-3.19972
-1.30795
0.55783
-2.91167
-2.36101
-2.94283
-2.49082
-2.58658
-2.71829
-3.36219
-0.37843
-2.41964
-1.20463
-1.64762
-1.92208
-1.94505
-2.20556
-2.54278
-2.44639
-2.14347
-2.02188
-0.55398
-1.03658
-2.14154
-2.42179
1.09414
-2.23115
-0.14196
-2.14877
-1.52613
-1.96410
-0.76310
-2.10672
-2.74493
0.00705
-3.18338
-3.14324
-2.89913
-0.16966
-1.92969
-2.24550
-2.92639
-1.46912
-3.47130
-2.72849
-0.99266
-2.14520
-0.42505
-2.28685
-2.17279
-2.49633
-1.69257
-1.55919
-2.90752
-1.58915
-1.40490
-3.19638
-1.44427
-3.28049
-2.51112
-1.26959
-3.22545
-0.96954
-0.93955
-3.00466
-2.65761
-3.02527
-0.76445
-1.76381
-2.51179
-0.23484
-1.54876
-2.45016
-2.51953
-1.70760
-3.39936
-1.67243
-1.48285
-0.99892
-3.65478
-2.31287
-3.30554
-1.87469
-1.37134
-3.24816
-1.64484
-2.68400
-1.68438
-1.13092
-1.89395
-3.89902
-2.23534
-1.74237
-2.06789
-2.38569
-3.13817
-0.59831
-1.12647
-3.23176
-1.74136
-1.34738
-2.39390
-3.78234
1.27723
-2.55104
-3.17133
-3.13759
-0.67929
-2.14634
-3.31106
-2.12239
-2.44802
-1.32030
-1.75618
-3.23465
-2.16700
-1.88585
-0.27694
-2.92265
-1.83506
-1.58265
-3.74676
-2.92691
-2.56834
-2.17392
-2.72353
-2.39894
-1.23732
-3.70665
-1.16888
0.69824
-2.03298
-3.28689
-1.80969
-2.18253
-2.07556
-1.22072
-1.57212
0.15546
-1.68116
-2.78611
-3.25259
0.80740
-0.58649
-1.15017
-3.89685
-1.85140
-2.40744
-1.63730
-1.61997
-3.03565
-2.32988
-2.88719
-1.80140
-1.99017
-2.71144
-2.49278
-1.91691
2.12444
-3.79249
-2.78223
-2.67599
-2.21677
-2.53838
-1.73491
-1.02251
0.02082
-2.45532
-2.03872
-1.68360
-1.19956
-2.71021
0.00275
-3.76565
-1.03875
-0.82415
-2.77500
-3.30997
-1.85584
-0.82941
-1.48504
-3.51205
-0.16982
-0.50918
-0.10736
-2.81755
-3.32471
-3.95101
-2.25089
-0.04998
-2.37356
-2.45842
-2.78284
-1.11496
-1.91252
-3.16419
-2.38696
-2.10404
-1.66160
-3.68803
-3.50312
-2.80731
-1.14420
-2.77798
-1.40180
-3.44959
-0.11575
-3.59249
-1.37933
-2.54383
-1.63770
-3.66466
-1.95519
-3.10449
-3.37631
-3.15458
0.05812
-2.86423
-2.12852
-3.50376
-1.58697
-1.99475
-3.90359
-1.86022
-2.87881
-0.29408
1.09971
-3.32427
-0.05010
-0.74557
-2.04611
-3.11941
-0.62442
-2.70114
-2.64630
-2.73342
-2.17592
-3.48086
-2.36374
1.35468
-2.94936
0.34094
-0.90568
-1.39540
-2.70748
-0.82590
-1.86441
-0.69273
-3.91722
-0.52806
-2.79177
-2.47202
-2.12641
-3.75462
-2.33751
-3.24277
-3.55318
-0.40551
-3.12327
-1.34752
-2.08466
-3.27756
-1.00527
-2.68263
-3.36824
-3.28868
-0.75325
-2.53142
-3.96360
-2.87536
-2.86155
-2.31980
-2.81908
-1.96181
-1.14083
-2.98639
-1.10448
-2.06509
-3.49855
-1.22778
-2.25304
-0.89311
-2.54197
-2.44514
0.94925
-2.28133
-1.47892
-1.91760
-3.11311
-1.53987
-2.45034
-1.28606
-2.22333
-1.38953
-1.91525
-3.02185
-2.43171
-1.18486
-2.39063
-2.83184
-1.52537
-3.77584
-0.94719
-3.23462
-1.84361
-0.77196
-2.64032
-3.03130
-2.15368
-1.94679
-3.08811
-1.32067
-3.56135
-1.69630
-2.17419
-2.36337
-3.70799
-1.37835
-1.93971
-1.92462
-3.43050
-0.86580
0.05271
-0.21989
-3.07124
-3.75501
-1.50174
-2.44975
-2.25412
-2.71770
-3.36852
-2.67980
-2.76811
-1.74064
-1.67389
-2.41046
-2.68898
-2.86328
-2.26216
-3.10742
-1.95341
-1.40264
-3.19088
-0.70318
-2.14344
0.12527
-2.65766
-2.29518
-2.94705
-0.07489
-2.20227
-2.94524
-2.74909
-2.01474
-1.74810
-1.65694
-1.17676
-0.86030
0.05019
-1.07436
-4.06375
-3.56840
-1.88901
-1.88802
-3.01887
-2.55493
-3.93976
-1.81082
-3.34774
-0.35860
-2.54777
-1.28739
-2.47877
-2.10718
-1.15705
-2.19350
-2.90493
-0.30664
-2.35151
-2.30141
-1.46237
-2.45534
0.55158
-2.87103
-4.03430
-1.93297
-2.02729
0.75438
-2.11910
-2.77473
-3.53396
-2.89477
-1.60878
-1.53764
-0.90424
-3.21106
-0.76399
-3.14500
-2.88148
-1.77959
-4.04120
-0.21756
-2.03832
-1.13424
-1.17569
-0.29868
-3.32465
-1.76110
-1.79914
-1.81840
2.76558
-2.83921
-3.11077
-1.83762
-2.55505
-2.04909
-0.77998
-1.31673
0.20072
-3.55115
-2.27663
-3.02604
-1.46341
-2.88478
-2.32324
-2.68989
-1.37265
-0.66377
-3.26141
-0.24935
-2.31973
-1.80638
-2.45094
-1.61629
-2.63119
-3.14164
0.94067
-3.09746
-1.40850
-1.41813
-2.48232
-3.47089
-1.65833
-3.62704
-1.03672
-1.57607
-1.07288
-3.30192
-1.94869
-2.83850
-1.06548
-1.31074
-1.63273
-0.70776
-2.40339
-1.52402
-3.00561
-2.66930
-2.14745
-1.30660
-1.04945
-3.66929
-0.60724
-1.96971
-1.90982
0.22914
-3.10668
-3.37295
-0.65994
-2.49753
-0.83941
-3.95782
0.56332
-0.49126
0.45091
-2.29287
-4.13830
-3.16779
-2.49878
1.45592
-1.76561
-4.35810
-2.61491
-1.54659
-2.34609
-2.09092
-1.61064
0.81599
-2.75223
-2.78383
-2.47978
-1.09596
-3.01857
-1.08218
-2.60127
-0.47926
-2.28726
1.10085
-3.69357
-0.30781
-3.25878
-2.95200
-0.43425
-1.88865
-2.73756
-1.18595
-1.93590
-1.39064
-4.05110
-0.62112
-2.44172
-1.84451
-2.63429
-3.22221
-2.13793
-2.92947
2.04642
-3.26618
-2.16741
0.24993
-2.73355
-2.63852
-2.90046
-2.59672
-1.41780
-1.68414
-1.43014
-2.39549
-2.14078
-0.91761
-3.60511
-3.22817
-3.27015
-3.73452
-0.99603
-2.44716
-1.68717
-0.89735
-2.94540
-3.19786
-0.45113
-2.10040
-3.18397
-2.01904
-1.15854
-3.39574
-1.31492
-2.13514
-3.15816
-1.29862
-1.02441
-0.75451
-2.39662
-2.26504
-2.40879
0.55474
-3.03473
-2.45491
-2.22026
-1.46777
-1.45366
-3.01963
-2.42845
-1.28077
-0.49656
-1.83461
-2.70838
-2.54329
-1.91851
-1.62749
-3.56223
-2.15830
-2.66000
-0.36589
-1.91804
-3.11834
-2.65605
-0.33501
-2.98916
-1.07388
-2.10066
0.11066
-2.05604
-3.22051
-2.98503
-1.65230
-2.26596
1.06950
-3.59019
-1.90154
-1.99163
-2.64538
-3.87907
-0.49147
-0.81463
-2.39235
-3.17469
-3.45765
-2.03924
-2.28927
-2.18262
-0.97538
0.44148
-2.79020
-2.86980
-0.71713
-3.37936
-3.71992
0.27908
-3.63915
-3.08171
-2.78807
-1.34061
-0.99052
-1.98049
-2.72940
-2.18159
-3.25665
-2.83526
-0.67753
-2.49762
-0.90570
-2.23337
0.38872
0.00689
-3.46879
-1.95007
-3.35077
-0.32706
-2.01436
-0.34104
-2.22732
-0.87665
-0.59605
0.38128
-4.05778
-2.32121
0.13435
-1.21946
-2.63432
-2.41330
-2.63919
-1.41091
-2.75671
-1.05249
-1.86878
-2.89226
-3.52190
-2.00466
-2.34331
-3.07199
-2.16770
-1.90205
-2.71613
0.07716
-2.34231
-2.77805
-2.69201
-1.76312
-3.07719
-1.08768
-3.76894
-2.20392
-3.37205
-0.24236
-3.07037
-0.24250
-0.65651
-3.71341
-2.51204
-2.32208
-1.03910
-3.78619
-1.48937
-2.80928
-1.43835
-0.80650
-3.27596
-3.28170
-1.64348
-0.93343
-2.16847
-3.43289
-2.38277
-0.91553
-1.30219
-1.41242
-1.90787
-4.17267
-1.59483
-2.66534
-2.95013
-0.72147
-1.01467
-2.43775
-2.43875
-2.50869
-4.40638
-3.34583
-2.03629
-1.76507
-1.78812
-2.44555
-1.71419
-1.07385
-0.89160
-1.13973
-1.60464
-1.06662
-2.63961
-0.03846
-1.47423
-1.91542
-2.61115
-2.23894
-2.97967
-2.73711
-4.30253
-2.19671
-3.11946
-2.15497
-2.68938
-2.85498
-4.15941
-0.68551
-1.89131
-1.38653
-1.99589
-1.35217
-2.87642
-1.03617
-2.86701
0.06416
-2.72557
-3.15421
-0.31663
-2.07916
-3.48789
-3.57628
-0.81381
0.10680
-0.47041
-2.87133
-1.86866
-1.47705
-2.53642
-3.23481
