-2.88135
-2.99517
-2.71697
-1.97119
-2.04305
-2.61492
-2.70512
-3.34733
-1.89600
-1.43840
-1.34305
-3.92600
-2.90541
-2.35578
-1.82120
-3.30208
-2.92160
-2.41599
-3.41283
-1.02694
-0.67497
-1.57348
-3.62666
-1.65584
-2.73105
-2.97383
-3.39985
-3.66227
-1.44843
-2.44233
-2.61544
-2.06103
-2.95272
-1.32502
-2.35165
-2.60906
-1.47972
0.33701
-0.78727
-0.10656
-1.26809
-2.14304
-2.09553
0.19043
-2.47828
-1.30795
-2.71829
-1.92208
-1.03658
1.09414
-2.74493
-0.16966
-1.69257
-3.02527
-0.76445
-2.51179
-1.70760
-1.48285
-3.24816
-1.74237
-3.13817
-2.55104
-3.13759
-3.23465
-2.16700
-2.17392
-2.39894
-1.22072
-0.58649
-1.80140
-2.49278
-1.91691
-1.03875
-3.30997
-3.95101
-2.25089
-2.10404
-3.50312
-2.80731
-2.54383
0.05812
-1.58697
-1.86022
-2.64630
-3.48086
0.34094
-0.82590
-2.47202
-3.24277
-1.00527
-2.53142
-3.96360
-1.14083
-3.49855
-1.53987
-2.43171
-0.94719
-3.03130
-2.36337
-1.37835
-3.43050
-3.36852
-2.86328
-3.19088
-2.29518
-0.07489
-3.56840
-1.88802
-2.10718
-0.30664
-2.30141
-1.46237
0.75438
-1.60878
-2.88148
-1.77959
2.76558
-2.04909
-1.46341
-0.24935
-2.31973
-1.40850
-1.41813
-2.83850
-1.04945
-0.60724
-2.49753
-0.83941
1.45592
-4.35810
-2.47978
-1.09596
-0.43425
-1.93590
-2.44172
-2.13793
-2.16741
-3.27015
-3.73452
-1.15854
-3.15816
-2.54329
-2.15830
-0.36589
-0.33501
-2.26596
-1.99163
-0.81463
-2.03924
-2.86980
-3.71992
-0.67753
-2.49762
-2.22732
-0.59605
-2.89226
-2.34331
-3.07199
-1.76312
-3.37205
-3.71341
-2.32208
-3.27596
-1.41242
-1.90787
-2.50869
-4.40638
-3.34583
-2.97967
-4.30253
-3.11946
-4.15941
-2.87642
-0.31663
-3.48789
