6.20875
2.75741
4.99680
3.60921
3.37722
2.82684
7.75101
0.11514
5.39194
5.95951
0.82905
5.16791
2.12897
1.58579
1.31291
3.24789
6.13862
2.52559
2.19088
3.79421
3.13283
1.62258
-2.06664
-0.44208
7.81303
4.17070
4.46829
5.08567
1.69408
7.01284
0.84498
1.83097
0.16639
1.99194
3.81369
3.53863
2.05981
5.45010
-0.01114
-0.47364
1.34834
-0.20314
0.06103
4.00924
2.63648
0.45865
2.24002
6.86898
2.72834
3.45342
3.40266
3.84907
4.67249
2.75655
4.73475
0.29349
-0.30012
2.67408
1.45275
3.78928
2.84734
2.10663
6.43948
5.33391
3.05625
7.81303
5.05542
0.24381
4.08707
2.00426
-0.10325
7.17489
3.86995
2.20427
4.94536
3.79342
3.45922
0.11972
6.04412
5.16832
7.00790
2.19647
-0.22059
0.33073
5.37932
4.90447
1.06571
0.37805
6.20352
2.19391
3.36547
4.61317
3.86739
4.91115
7.81303
3.24862
6.88649
7.81303
2.79385
5.49876
7.11070
5.07586
3.47468
5.04662
5.80134
2.51921
2.04854
0.64967
5.34911
7.81303
7.81303
6.05543
5.75768
0.85141
4.32045
2.65064
3.62010
2.03490
3.87542
5.81770
4.64244
1.18907
5.06747
0.18344
1.55835
5.67608
3.53843
1.49855
1.13162
0.57375
1.48001
1.03236
0.81135
0.15852
-0.47943
1.56278
2.43114
1.04234
4.15859
0.29206
0.95750
0.59209
4.79896
6.11670
5.02578
6.62607
4.88278
3.11640
0.88341
2.54315
2.20055
0.82510
3.36612
3.46822
2.60342
-1.51456
4.38376
1.83667
1.56082
1.27046
2.47683
0.51630
1.97802
0.82941
5.25308
2.68104
3.42970
5.38771
2.64895
4.91446
3.23757
1.80540
-0.11378
0.82866
1.34117
1.43362
0.74405
5.92476
1.36911
3.66401
1.57615
7.81303
7.81303
7.51881
5.99208
6.05376
3.20275
7.81303
4.77735
5.43707
1.97844
7.81303
0.77777
4.79620
7.81303
7.81303
4.91356
1.76448
2.32979
0.34902
