3.11337
9.41286
10.20179
2.61157
4.72014
10.20179
2.30195
3.91933
6.01197
1.30983
10.20179
9.11954
-0.04184
2.79916
10.20179
5.08261
5.18670
10.20179
6.38904
8.75594
6.94833
0.75668
2.95192
4.55169
7.64967
5.15606
7.95436
9.09951
10.20179
7.31771
9.01278
1.75133
0.19536
10.20179
3.43948
8.70302
6.47325
9.54390
7.72311
10.20179
10.20179
5.99158
6.00404
4.47653
-2.65256
6.74305
6.49099
-0.95409
-0.17821
7.35978
10.20179
10.20179
10.20179
6.74264
5.67991
3.51339
0.07324
10.20179
10.16783
5.57080
10.20179
6.50289
9.67525
-0.51810
6.21186
10.20179
3.82200
8.31106
9.31684
7.01523
4.75686
7.90390
-1.47572
0.78670
8.14039
2.19213
2.94710
0.55440
3.33831
3.73606
5.49500
6.49543
4.21665
5.13109
2.65402
4.15099
8.61654
2.19575
3.03207
5.29989
3.88745
8.97039
7.40128
10.20179
8.31825
6.43665
5.03073
6.91342
-0.22857
8.13830
3.46785
8.11216
-1.61509
6.27051
5.41689
9.23591
7.96784
4.08558
6.35582
1.54789
7.69912
4.91817
1.83820
7.29466
5.48936
4.77731
9.03239
9.08536
6.29558
2.80680
3.94111
7.33594
0.80078
8.02153
5.20136
6.13070
4.84126
1.90797
10.20179
8.90907
3.59788
6.11485
10.20179
10.20179
2.41939
6.12408
8.22628
6.06447
10.20179
9.72853
10.20179
2.00634
6.25959
5.19849
7.73306
7.49143
7.48288
7.81690
7.57574
10.00754
5.96171
3.90806
4.07468
7.39903
7.73697
3.58904
5.29810
5.90043
9.84920
6.93829
6.92333
7.61806
3.51709
-0.63611
7.27024
10.20179
10.20179
4.12518
1.83445
2.76025
2.73407
3.66112
10.20179
8.38776
9.05478
10.20179
4.58543
10.20179
6.63610
0.80140
7.87522
0.65533
6.82070
5.50942
4.95081
1.50432
6.32562
1.59573
2.99782
1.99637
1.95043
-1.83743
1.04429
1.15352
3.15569
5.46021
6.10795
2.27999
-0.73898
-5.06926
3.60511
5.74795
4.08391
8.40208
1.76176
8.33653
1.70526
7.18282
4.08728
7.12811
3.80381
5.43623
7.17714
4.91819
4.22682
6.45427
10.20179
10.20179
6.16865
4.86063
9.94294
7.64020
4.60475
8.25275
5.39601
7.81498
9.64288
6.89778
6.78108
10.20179
9.97259
7.08767
4.65063
3.53137
6.97157
5.75566
3.78072
4.64880
5.27036
4.86935
0.97694
4.47809
3.54643
6.30644
1.33998
7.37461
5.41102
5.31695
10.17912
2.82414
5.32480
1.16109
5.72180
6.05728
10.03608
2.15567
4.70264
7.71992
5.43818
10.20179
5.50894
2.69597
3.32555
10.20179
6.61891
3.24594
8.36090
9.17846
9.43122
8.02790
6.44701
4.60640
5.68097
8.16170
3.50408
7.54887
10.20179
4.98314
7.15465
9.23806
10.20179
0.64349
2.96979
7.51466
4.20734
4.12671
8.51320
8.84796
1.06961
6.84715
9.93034
8.79866
8.55297
7.90038
10.20179
2.52783
4.13845
5.28348
3.86283
8.82119
7.42584
5.62592
6.42571
9.01202
10.20179
6.56871
9.32338
3.74991
4.86998
1.63953
3.59204
7.70360
7.71059
4.48241
6.02245
3.96905
0.96894
6.78949
7.13860
6.93078
2.07540
3.20322
3.68837
10.20179
7.26999
2.69142
8.73129
5.19655
6.70619
6.87640
1.79768
3.67961
-1.65990
5.82322
10.01887
4.89659
3.56353
3.79548
3.87174
-0.41559
6.44560
5.50923
5.11246
-0.62244
4.55836
5.17386
