-4.57618
-3.65551
-4.29780
-2.12667
-3.54891
-4.44345
-1.33678
-2.45370
-4.47534
-3.73866
-5.14576
-3.59190
-4.20935
-2.95690
-5.23450
-4.05306
-5.43726
-2.80556
-3.94569
0.55164
-4.06129
-4.40172
-4.30933
-3.17090
-3.03656
-2.57292
-2.97256
-3.54989
-3.25075
-5.01821
-1.93153
-3.41509
-3.54227
-4.52454
-3.73373
-2.49037
-3.03240
-0.74867
-3.02640
-1.75529
-0.47365
-2.02359
-4.49090
-4.69458
-4.32633
-4.49795
-4.78541
-4.42092
-2.13952
-1.47501
-1.53385
-0.61696
-1.57810
-5.28729
-3.96037
-3.28273
-2.15700
-2.75655
-2.43695
-4.27223
-4.37116
-2.92953
-3.08673
-2.91948
-4.48833
-3.72218
-4.31138
-3.25446
-3.13231
-2.70871
-4.80141
-5.00198
-5.12311
-1.38456
-4.05350
-4.26737
-4.43015
-3.73305
-4.13312
-3.82920
-4.25581
-3.33013
-4.46274
-0.98971
-4.07214
-4.27675
-3.93944
-2.12111
-1.98729
-2.12483
-0.75578
-3.98568
-3.81618
-4.05024
-2.74701
-3.20470
-1.82857
-3.65334
-4.43758
-3.34825
-4.09952
-3.55638
-2.06593
-2.43393
-1.11492
-4.42314
-3.61857
-4.94520
-2.32199
-3.17772
-5.16805
-3.33481
-3.20461
-4.29019
-2.38452
-3.77463
-3.02826
-4.87365
-4.75863
-4.63104
-4.43252
-4.48189
-4.30573
-3.11599
-4.48946
-1.95790
-0.21016
-1.66415
-2.20421
-1.40095
4.26639
-2.16778
-5.15083
-4.19773
0.21128
-1.47015
-3.36779
-2.02181
-1.53052
-4.17843
-4.76593
-4.08183
-3.71769
-4.39014
-2.87590
-3.80183
-3.21090
-3.59045
-3.11740
-3.19659
-2.96582
-4.50682
-2.28718
-3.16415
-1.60662
-2.17087
-4.20026
-2.56978
-2.23296
-4.51835
-4.45022
-1.21968
1.19351
-2.47816
-4.82220
-4.77514
-5.23625
-5.31011
-4.27193
-4.64380
-0.68814
-3.13304
-3.56878
-0.99624
-3.20404
-2.56103
-5.10636
-4.16027
-4.22444
0.23002
-3.91176
-4.16028
-4.29183
-2.29737
-1.27671
-2.93660
-3.23490
-3.19306
-3.06626
-4.39705
-3.12039
-2.29560
-2.18458
-3.90537
-5.13007
-4.41671
-3.64106
-0.04554
-3.32516
-2.37417
-2.49978
-2.34144
-2.76081
-4.23369
-3.31328
-3.85192
-3.74495
-3.11609
-3.57389
-5.41389
-1.04859
-0.94955
-3.28118
-2.08767
-3.61760
-3.35165
-2.92544
-2.74004
-3.29402
-3.76779
-2.83358
-3.82856
-4.20726
-0.91196
-2.04029
-2.14854
-2.67745
-4.89554
-3.14086
-1.62455
-1.64247
-3.05875
-3.48599
-3.76129
-4.58943
-3.00984
-3.60494
-4.06432
-3.90653
-3.35164
-4.10494
-1.72566
-1.48623
-3.66387
-3.77045
-3.96193
-1.77239
-3.25743
-1.09138
-2.83595
-2.82087
-2.61768
-1.70990
-2.98524
-4.63994
-3.49023
-3.84277
-4.53634
-4.08817
-1.45492
-2.45943
-2.59964
-3.61033
-3.08338
-3.74589
-4.38228
-2.70157
-2.98940
-3.44570
-4.25843
-3.53609
-3.90333
-4.17437
-3.38021
-4.23156
4.37576
-5.38401
-3.74031
-3.48298
-2.89820
-4.65176
-2.08990
-0.97625
-3.15651
-3.03106
-2.59431
-1.02156
-3.16456
-4.80305
-3.48526
-3.25479
-2.78682
-4.43134
-3.55524
-3.80026
-4.25292
-2.91862
-3.52990
-4.95942
-3.79821
-4.42454
-3.06106
-2.38099
-2.26642
-2.45566
-3.10055
-3.11271
-4.36483
-2.68883
-3.19710
-3.99853
-3.97879
-3.26163
-1.60002
-1.02946
-3.67989
-3.58532
-3.06829
-3.96531
-2.80243
-2.12821
-4.43697
-4.93423
-4.41176
-3.86978
-2.24797
-1.29511
-3.82846
-2.30462
-3.67108
-2.47109
-3.02116
-4.20820
-1.20826
-3.33139
-2.40785
-2.99762
-1.92762
-3.55010
-4.55124
