-0.97274
-2.84558
-3.13162
-3.12785
-1.95767
0.23064
-3.89120
-5.06460
-2.15215
-3.10981
-4.57618
-3.61198
-0.56161
-1.80106
-1.47960
-3.32229
-3.79823
-2.69160
-3.65551
-4.29780
-1.41160
-2.91497
-3.91821
-1.52196
-2.12667
-3.25579
-1.96139
-3.09648
-4.37977
-3.54891
-4.44345
-3.88696
0.00505
-2.79734
-2.00959
-1.65443
-1.33112
-1.33678
-1.11680
-2.53690
-2.76540
-2.45370
-1.07383
-2.45311
-2.38027
-3.26004
-2.63528
-3.35373
-4.47534
-3.18744
-3.73866
-0.41692
-2.80671
-5.14576
-3.75627
-3.83838
-2.71499
-2.94298
-5.39646
-2.52372
-2.20851
-1.96543
-2.65750
0.56468
-1.76114
-3.69419
-3.59190
0.21987
-2.02490
-4.20935
-1.92312
-2.40549
-1.13226
-3.73741
-2.59486
-1.93179
-3.08824
-2.95690
-5.23450
-1.88460
-2.06187
-2.66746
2.03810
-4.66276
-2.27309
-2.75403
-4.05306
-0.65207
-3.71866
-4.18965
-5.43726
-5.06764
-2.80556
-1.68003
-3.72661
-3.94569
-1.20760
-1.39168
-3.11798
-1.22333
0.55164
7.24358
5.23518
2.88062
2.22559
-1.14271
0.10299
0.41977
-3.63911
-3.35421
-1.86653
-4.51452
-4.06129
-4.85130
-1.38170
-2.71183
-4.40607
-3.09898
-4.28792
-4.30812
-4.08666
-3.06139
-3.42374
-5.08337
-3.13587
-4.40172
-4.30933
-3.62441
-3.14930
-3.28983
-2.00443
-3.17090
-1.93169
-3.22769
-0.98544
-4.77276
-3.52443
-1.23523
0.99561
-2.89634
-3.03656
-2.57782
-3.93334
-0.78187
-2.48307
-2.57292
-0.82546
-2.46797
-0.97409
-2.52698
-2.97256
-2.56043
-3.54989
-1.98730
-3.57795
-2.67181
0.14290
-0.40154
-1.74673
-3.65588
-3.25075
-2.49995
-1.64578
-2.23819
-1.48070
-3.58538
-5.01821
-2.69969
-1.83803
-1.39974
-1.93153
-0.59764
-2.75872
8.80391
-0.69828
-0.96872
-3.41509
-2.75726
-4.37977
-2.65053
-3.82033
-3.54227
-2.00170
-2.21221
-1.37188
-2.32306
-3.20048
-2.30463
-2.89447
-3.28112
-3.27768
-2.11376
-1.55436
-3.19450
-3.68414
-3.20265
-4.52454
-0.84849
-3.98156
-2.49677
-3.73373
-4.18357
-2.49037
-2.71375
0.15573
-1.64405
-0.99083
-4.01476
-4.36400
-4.26059
0.06289
-3.39029
-4.86444
-4.37547
-3.03240
-0.61488
-0.74867
3.64167
1.22110
-3.14048
-1.59193
-0.84786
0.52109
0.70684
-3.71014
-3.02640
0.45353
-3.50089
-2.55565
-1.75529
-0.47365
-1.85547
-3.89464
-3.62389
-3.31055
-2.02359
-3.41983
-2.50259
-2.09874
-5.21510
-4.49090
-2.12032
-4.46721
-2.00362
-3.76011
-4.96561
-1.42594
-4.69458
-4.83914
-1.95577
-4.32633
-3.47647
-3.45708
-1.45774
-1.64465
10.20179
10.20179
2.73092
-4.49795
-4.07786
-5.40327
-5.20751
-5.44769
-5.44832
-5.42133
-5.18155
-5.27316
-4.78541
-3.51008
-4.42092
-3.47055
-2.56240
-2.43028
-2.38819
-0.02517
0.57805
-4.03156
-1.79209
-0.50069
-2.13952
-1.28490
1.01229
0.36476
-2.74283
-1.47501
-2.06245
-0.90812
-1.97859
-1.53385
-1.48976
-3.35097
0.40074
-2.59963
-0.61696
-4.00663
-2.54312
-2.56472
-1.57810
-3.63456
-3.48456
-2.46996
-2.28321
-2.98862
-3.12868
-3.64487
-2.73832
-2.04357
-4.75971
-5.28729
-3.96037
-4.32218
-3.28273
-2.92135
-2.66726
-2.47200
-2.83331
-3.65264
-2.46565
-2.75252
-2.73333
-3.61212
-3.03394
-3.85138
-1.14111
-1.56890
-1.69975
-4.06203
-2.15700
-2.31178
-2.75655
-1.31209
-0.97205
-2.09658
-2.43695
-0.64313
-2.79625
-4.27223
-2.78095
-2.88523
-2.17024
-2.87388
-3.12566
-4.37116
-3.10173
-2.73076
-4.78551
-2.92953
-0.22549
-3.81987
-3.72453
-0.15889
-1.95856
-0.90308
-2.36962
-3.08673
-3.83210
-2.00242
-3.56888
-3.28329
-2.63413
-2.38229
-4.58038
-2.91948
-0.93892
-3.24325
-4.48833
-0.32534
-2.45498
-4.27096
-1.43820
-3.53610
-0.00011
-3.58283
-0.81530
-3.63877
-3.52384
-3.90525
-3.72218
-1.11063
-4.31138
-2.19773
-3.25446
-3.46283
-3.13231
-1.59839
-2.51323
-3.20901
-1.33697
-1.94460
-4.95307
-2.70871
-4.80141
-3.57186
-3.53499
-1.66441
-2.53163
-4.15295
-3.19852
-2.55032
-3.97875
-5.00198
-1.53548
-5.12311
1.40148
-0.45730
-2.06142
-3.26040
-1.71520
-3.38963
-0.83685
-4.79546
-2.11693
-3.00480
-1.68867
-1.02417
-1.38456
-3.15487
-2.70917
-4.12637
-3.72079
-4.05350
-4.26737
-3.38903
-4.07268
-3.93834
-2.45650
-3.20547
-3.18118
-0.28991
-2.25973
-4.43015
-3.88033
-2.35475
1.32601
-0.45533
-3.73305
-2.99435
-4.13312
-2.46468
-2.89552
-4.65763
-3.82920
-2.85342
-2.37216
-3.58651
-2.94090
-1.33781
-3.19629
-4.32082
-4.25581
-3.33013
-1.85746
-2.05092
-1.87415
-3.83951
-2.18077
-4.12925
-3.34974
-4.67282
-4.32256
-4.46274
-3.36278
-2.74378
-0.98971
-5.07628
-4.07214
-2.56272
-3.49162
-0.77594
-2.83567
-2.71776
-1.02585
-4.27675
-3.93944
-4.27153
-2.98869
0.27312
-3.59045
-2.28173
-4.09277
-2.40730
0.24410
-1.69422
-3.25485
-3.38733
-2.12111
-4.41828
-2.98478
-3.03961
-3.00269
-3.65348
-1.98729
-2.08791
-4.17101
-3.47923
-4.15999
-2.71117
-1.44232
-3.77371
-2.12483
-3.37755
-3.69137
-0.87006
-0.75578
-3.66042
-2.07873
-1.73569
-3.67531
-2.76450
-2.64998
-3.98568
-1.87882
-3.81618
-3.52813
-4.05024
-0.21013
-3.53711
-2.87206
-1.39040
-3.94082
-2.74701
-3.97155
-1.50511
-3.39769
-3.72627
-2.68870
-3.20470
-4.01214
-1.95420
-3.06385
-2.02283
-1.92833
-3.40370
-1.82857
-2.79223
-2.28175
-3.65334
-3.26503
-4.59092
-1.90338
-4.43758
-3.34825
-3.20992
-2.17309
-4.30200
-2.38699
-1.54271
-3.97754
-2.76108
-1.04344
0.96951
-3.67024
-3.76009
-3.24758
-1.07387
-3.13445
-2.13513
1.84937
-4.09952
-1.57674
-2.89699
-1.99519
-3.55638
-4.62052
-2.06593
-4.03902
-1.49160
-0.41160
-3.98893
-1.12033
-2.43393
-2.57096
-4.03557
-3.93285
-2.83376
-1.11492
-3.95454
-2.44170
-4.18163
-3.24610
-4.51869
-4.42314
-2.32328
-1.45939
-1.03552
-2.62403
-3.55839
-1.87328
-3.61857
-2.68445
-3.65475
-3.80830
-1.65992
-2.13726
-2.74242
-1.88909
-2.45150
-3.07272
-4.94520
-3.25192
-2.25671
-2.47526
-2.53648
-1.75730
-3.45112
-3.76110
-2.32199
-2.49391
-4.44779
-2.39051
-1.90598
-2.10303
-2.21049
-1.96773
-3.17772
-0.40601
-1.83962
-1.84746
-5.16805
-3.43972
-3.13705
-1.21579
-4.32980
-4.60183
-3.33481
-4.53644
-2.91013
-3.20461
-2.03846
-2.54118
-4.29019
-2.08695
-1.63565
-3.51168
-1.56585
-2.42413
-0.99461
-4.59337
-2.40955
-3.43098
-2.38452
-1.32204
-0.51321
-2.55529
-2.97906
-3.78571
-3.77463
-1.59385
-3.02826
-2.29207
-4.87365
-4.75863
-3.44930
-2.10052
-0.69691
-3.17520
-4.17188
-2.53873
-3.46568
-3.08911
-4.63104
-3.71302
-2.38035
0.24049
-4.43252
-1.68290
-3.07231
-3.79699
-0.99894
-1.57293
-3.03444
-2.22683
-0.45118
-4.48189
-2.30621
-4.63565
-2.66596
-2.41648
-3.50353
-3.30192
-4.30573
-3.11599
-2.23577
-1.72756
-3.32727
-3.25831
-1.17730
-3.47944
-4.48946
-1.93346
-3.49021
-1.72246
-3.68519
-3.73132
-2.24216
-2.46365
-3.41596
-3.51748
-3.81542
-1.95790
-3.79696
-2.75055
-4.40582
-3.01652
-0.21016
-0.57706
-2.80846
-2.35638
-3.03577
-1.66415
-2.52186
-3.48273
-1.40288
-0.68796
-2.65824
-4.10252
-2.20421
-1.50859
-2.75618
-0.49336
-1.40095
-0.73210
-1.89035
-3.32443
-4.00497
-3.13299
-4.03166
-3.05344
-1.33707
4.26639
-2.16778
-5.15083
-4.52328
-5.22352
-4.11624
-5.03649
-4.31899
-5.29913
-4.76617
-2.09916
-1.86256
-2.88642
-4.95377
-0.91489
-4.07438
-3.21986
-3.45274
-2.88216
-4.19773
0.21128
-1.92984
-3.23541
-2.43862
-1.47015
-2.20627
-3.88069
-2.18488
-2.35557
-0.20344
-3.36779
-2.39163
-2.02181
-0.68821
-0.47007
-3.40050
-3.37490
-1.53052
-1.74620
-2.87032
-1.36053
-0.73214
-2.37531
-2.20859
-0.23975
-4.05358
-3.28185
-1.67722
-4.17843
-3.12178
-4.33103
-2.80011
-2.89636
-4.21481
0.42579
-3.04923
-4.76593
-4.08183
-4.08074
-2.19930
-4.60079
-2.59234
-3.71769
0.75984
-1.44885
-4.42065
-3.41653
-2.91175
-3.65582
-1.04076
-2.95508
-4.39014
-1.58830
-2.91854
-3.76264
-1.58727
-2.62366
-0.88696
-4.76208
-4.00190
-5.27344
-2.87590
-1.73323
-2.00285
-2.68235
-3.50867
-1.13797
-3.73607
-1.99050
-2.42593
-3.80183
-3.21090
-1.24508
-3.10154
-1.55580
-3.16360
-2.28793
-3.89175
-3.59045
-2.20427
-3.31033
-1.76074
-2.84216
-0.27387
-3.11740
-2.11138
-2.49604
-4.27513
-0.75109
-0.01764
-2.88005
-2.04580
-2.40280
-1.82125
-3.04466
-2.95839
-3.72194
-4.56455
-3.43183
-3.19659
-2.94900
-0.34967
-2.89958
-3.51739
-2.34896
-1.02700
-2.60597
-2.52956
-2.96582
-3.02868
-2.29616
-4.50682
-2.30685
-3.31246
-2.37797
-2.09027
-2.28718
-2.35940
-1.84608
-3.64458
-2.46766
-3.16415
-1.60662
-2.75123
-3.49552
-3.45674
-4.06710
-4.44742
-0.28626
-0.82498
-3.09810
-3.66592
-0.82847
-1.26867
-3.26705
-2.31577
-2.08341
-1.62715
-0.92114
-0.39559
-2.95130
-2.17087
-2.65977
-4.03669
-4.20026
-3.08060
-2.80313
-3.61268
-2.56978
-3.07807
-3.13233
-2.23296
-1.41542
-3.59486
-3.06416
-4.45042
-1.93938
-3.54232
-1.60752
-2.35637
-4.43183
-4.51835
-2.98955
-4.04273
-4.19852
-4.99590
-4.45022
-4.96490
-5.32782
-3.82745
-1.21968
10.20179
10.20179
10.20179
8.09539
10.20179
7.38788
1.19351
2.07392
-1.31777
-2.47816
-2.49676
0.05309
-4.30632
-4.18712
-4.72105
-4.82220
-4.77514
-5.06921
-4.25596
-4.79449
-5.23625
-4.48174
-3.79383
-4.92465
-4.95059
-5.31011
-4.08251
-4.60625
-3.73880
-4.54417
-4.27193
-3.34427
-3.69641
-4.31658
-0.41224
-3.88360
-4.04155
-2.65985
-4.64380
0.38095
-2.57396
-0.68814
-3.13304
-1.07022
0.36608
-2.99011
-3.91689
-1.55563
-2.99306
-1.71586
-2.32572
-2.37010
3.41115
-2.81935
-3.56878
-2.15350
-0.99624
-0.24909
-2.47643
0.14589
-3.47436
-2.96969
-3.20404
-0.30013
-3.11115
0.67460
-1.57508
-3.36078
-2.56103
-1.72506
-2.77745
-3.91782
-1.13009
-0.78285
-3.02858
-3.18716
-3.49716
-5.10636
-3.70054
-4.16027
-2.54799
-4.22444
-3.12857
-1.05036
-4.45565
0.23002
-2.37600
-3.69093
-3.32456
-4.37263
0.23746
-5.08965
-2.93099
-1.54263
-3.94095
-3.91176
-4.16028
-1.00943
-3.33093
-4.03331
-3.89953
-2.64266
-1.38063
-2.44043
-3.04656
-3.88427
-4.29183
-2.30619
-2.29737
-4.61043
-3.22708
-1.27671
-3.53206
-1.43400
-4.66666
-3.56539
-2.97646
0.18020
-0.87495
-2.19904
-2.73961
-3.05018
-3.62349
-1.99261
-2.93660
-1.75769
-2.74909
-3.14219
-4.47033
-3.23490
-3.50286
-2.24628
-1.46634
-1.79108
-3.19306
-0.75312
-4.49002
-2.80803
-2.02594
-2.33673
-3.06626
-3.82750
-2.88892
-2.34555
-4.39705
-1.97289
-2.45846
-3.12039
-2.84749
-3.15205
-2.00900
-2.33871
-2.76476
-2.89351
-0.65504
-1.96602
-2.76699
-3.62992
-4.39362
-0.97847
-2.29560
-3.19415
-2.47127
-2.18458
-2.75694
-1.27083
-2.12079
-3.16109
-2.28843
-1.91507
-3.90537
-1.79484
-3.71866
-5.13007
-2.70917
-3.73015
-1.59297
-2.10672
-2.21762
-4.15490
-4.41671
-1.07386
-3.01945
-2.16558
-2.13566
-1.87320
-2.67683
-3.51714
-3.64106
-0.38055
-3.46922
-2.31353
-2.32507
-2.89080
-4.40360
-0.04554
-3.70598
-4.15858
-3.20366
-3.32516
-2.68621
-1.91366
-2.61385
-2.18649
-3.64579
-3.06401
-2.37165
-2.37417
-2.78637
-3.45661
-2.49978
-4.03972
-2.34144
-2.01342
-1.14817
-3.62012
-2.76081
-2.59873
-0.79466
-4.20948
-2.02665
-2.21921
-2.97474
0.14858
-4.23369
-1.15447
-2.29324
-2.42182
-2.58316
-2.72956
-1.53288
-4.21455
-4.42120
-1.68613
-0.53670
-0.94428
-1.23738
-3.38774
-2.58059
-3.31328
-2.58103
-2.14282
-3.68984
-3.51133
-1.41244
-3.85192
-2.50761
-3.74495
-0.46915
-0.70560
-2.72304
-1.37152
-2.70009
-3.75580
-2.43217
-3.11609
-2.53685
-1.96190
-1.53509
-3.44714
-2.93654
-2.14969
-2.75553
0.05001
-3.57389
0.50469
-2.69045
-3.13311
-2.65948
-3.85469
-5.41389
-1.04859
-3.39288
-3.98190
-2.38463
-1.48243
-3.22083
-0.94955
-3.68222
-0.48832
-0.47668
-2.74680
-2.98751
-0.41247
-3.28118
-3.48450
-0.32827
0.47573
-2.83121
-4.02841
-2.08767
-4.37248
-3.61760
-3.11721
-3.35165
-1.54515
0.31309
-3.33007
-3.41657
-3.22596
-3.00464
-4.01810
-2.92544
-3.23719
-2.63336
-2.61243
-3.66499
-1.08729
-3.02790
-2.64059
-2.74004
-2.92068
-2.97975
-1.92257
-1.17968
-4.32023
-3.29402
-3.76779
-2.17100
-3.26611
-2.27210
-1.96232
-1.29364
-4.29311
-4.04634
-2.83358
-3.82856
-2.06419
-2.92794
-3.69840
-3.02761
-3.28932
-4.20726
-3.16384
-0.91196
-4.62217
-1.31142
-2.73482
-3.82835
-2.48340
-0.26727
-1.74984
-3.36106
-3.21447
-2.04029
-1.78775
-3.16034
-3.20583
-3.67744
-2.40267
-0.87623
-2.99418
-2.08916
-3.50743
-3.61877
-2.91641
-4.13208
-2.14854
-3.03647
-3.56124
-2.67745
-1.56554
-3.07570
-4.89554
-3.14086
-2.67952
-3.64343
-3.35630
-2.74616
-1.97716
-2.79584
-2.93505
-2.23965
-3.54632
-4.51362
-1.62455
-4.48122
-1.64247
-3.10735
-3.41332
-3.68587
-3.05875
-3.48599
-3.81542
-0.33930
-2.91992
-2.38739
-4.05250
-3.93850
-1.26840
-3.76129
-3.14221
-2.99738
-2.41036
-1.41935
-4.41022
0.81410
-3.80508
-4.61646
-2.96239
-2.52957
-2.36949
-4.58943
-2.69354
-4.01429
-2.91858
0.51311
-2.77162
-3.18375
-2.36956
-3.00984
-3.11976
-1.95234
-3.48455
-2.92952
-1.85488
-1.12079
-3.60494
-4.06432
-1.55164
-2.88497
-2.53673
-3.20066
-3.09907
-3.25205
-3.87481
-2.44520
-3.90653
-3.35164
-3.75735
-3.22357
-2.23784
-3.22423
-4.10494
-0.70101
-2.72643
-3.48518
-2.16979
-2.38994
-2.71679
-3.85631
-3.69149
-1.72566
-3.04319
-3.21117
-3.33381
-4.15717
-1.48623
-1.31434
-4.78599
-3.66387
-3.77045
-1.46127
-3.56336
-3.23305
-2.10286
-3.45729
-3.40763
-1.90429
-2.22616
-1.50924
-3.59949
-4.17211
-3.54513
-3.14438
-2.83340
-3.96193
-4.78783
-1.77239
-4.01898
-1.10493
-0.79111
-3.29046
1.63024
-2.87975
-3.13886
-2.22021
-3.61873
-2.22955
-3.74312
2.00362
-2.02537
-3.41476
-3.46971
-2.75215
-2.81646
-2.93823
-4.10597
-3.25743
-3.31232
-2.05355
-2.97634
-1.09138
-2.62345
-3.06005
-5.14080
-2.83595
-3.83286
0.49764
0.27657
-2.20757
-2.19205
-3.61728
-2.82087
-1.82020
-2.55975
-3.82114
-2.95662
-4.20726
-2.61768
-1.53917
-1.52307
-4.09479
-0.70746
-3.00888
-1.70990
-2.26302
-0.91064
-3.68686
-2.98524
-3.12236
-4.07345
-4.63994
-3.49023
-3.37011
-2.92360
-1.88872
-2.13809
-2.03753
-3.08529
-2.39714
-1.53985
-3.32794
-4.52606
0.78668
-2.84723
-4.17340
-3.41601
-3.84277
-2.21315
-4.53634
-2.70646
-1.58757
1.04855
-3.26711
-4.39085
-4.08817
-1.45492
-4.51462
-3.79218
-2.45943
-2.56652
-3.07794
-2.53470
-1.33569
-4.93642
-3.80780
-2.43073
-1.19773
-2.59964
-1.61701
-3.61033
-3.08338
-2.57715
-2.63848
-2.92660
-2.20634
0.48398
-0.92580
-4.94837
-3.74589
-4.21682
-4.38228
-3.95071
-2.60045
-3.35937
-1.83290
-3.73293
-1.17616
-2.93916
-0.01373
-3.03021
-3.24431
-1.59071
-1.75671
-4.76256
-2.70157
-2.37363
-2.03966
-1.41656
-1.85995
-1.89771
-3.84181
-2.98940
-4.03461
-2.62012
-3.44570
-3.58145
-3.38368
-0.74117
-4.25843
-2.45530
-1.46691
-1.53799
-4.32411
-1.25750
-2.32154
-1.38739
-2.69303
-4.21853
-2.20836
-3.53609
-0.74134
-3.31596
-3.42167
-3.90333
-0.15965
-1.77007
-4.92955
-3.86458
4.04011
-2.26248
-3.71449
-5.44906
-4.12505
-5.04106
-1.69668
-1.63631
-5.05752
-4.17437
-3.38021
-3.04313
-3.95521
-2.92841
-4.23156
4.37576
-0.71630
-2.78880
-2.80651
-4.58967
-4.69503
-5.38401
-4.97508
-3.74031
-2.84536
-2.94355
-2.96857
-3.08586
-4.29912
-1.98526
-2.87001
-3.48298
-1.93620
-2.89820
0.31838
-0.71908
-4.41072
-2.11621
-2.18066
-1.61840
-0.49760
-1.41637
-3.37567
-4.65176
-3.41830
-2.08990
-2.05644
-2.95214
-2.88797
-2.57690
-2.13651
-2.98271
-1.52193
-1.24696
-1.03763
-4.77261
-2.32205
-2.35863
-0.97625
-2.61001
-0.38996
-1.73433
-4.04351
-3.94659
-0.28438
-3.15651
-2.50950
-2.99160
-4.53613
-3.57230
-3.03106
-1.16405
-3.78484
-3.37573
-2.59431
-2.24871
-1.02156
-3.86951
-2.82025
-3.52739
-0.82988
-1.46917
-3.42635
-3.41381
-3.16456
-3.41193
-2.33425
-4.80305
-1.52151
-1.40909
-4.59639
-3.48526
-2.99202
-2.33050
-2.69478
-3.25479
-0.86611
-1.96429
-0.94410
-2.14557
-0.56710
-3.55513
-2.71305
-3.59171
-1.36918
-2.78682
-3.40601
-3.00514
-2.49660
-2.20605
-4.02460
-3.63056
-3.36056
-3.91411
-1.66668
-3.47402
-4.43134
-3.55524
-3.90130
0.08245
-4.37353
-3.80026
-3.63395
-4.25292
-0.89049
2.62422
-3.39220
-2.47022
-2.80800
-2.52563
-3.04768
-0.57318
-2.78236
-2.91862
-2.68020
-3.62295
-3.52990
-1.84684
-1.73236
-3.82320
-2.03547
-0.84417
-2.22535
-2.72470
-1.81860
-2.02889
-1.74664
-4.43114
-4.95942
-3.79821
-3.18270
-3.83269
-4.42454
-2.72418
-4.13754
-3.52729
-3.06106
-2.22496
-0.79970
-4.42503
-3.09755
-3.87475
-3.24227
-2.38099
-1.04444
-4.23900
-1.18524
-2.26642
-2.10801
-3.06455
-2.92917
-2.45566
-3.42499
-2.01116
-1.35589
-3.45376
-2.57062
-2.90238
-3.32346
-3.09581
-3.10055
-2.66193
-3.96344
-0.84132
-2.61031
-3.11271
-2.66247
-4.36483
-2.11756
-3.18098
-2.80121
-2.68883
-3.32480
-2.05496
-3.51158
-0.17885
-3.21492
-2.32176
-3.19710
-3.31705
-1.73139
-2.54426
-1.54282
-3.66418
-2.76109
-2.77922
-0.35312
-2.63511
-3.79982
-1.91223
-3.99853
-0.93979
-2.74427
-4.56766
-2.36112
-3.97879
-1.93157
-2.44651
-3.26163
-3.30760
-2.52329
-1.60002
-1.65803
-3.23213
-2.69680
-4.60254
-2.16232
-1.02946
0.59420
-1.67943
-3.00764
-2.63946
-3.38654
-3.67989
-1.83898
-3.58532
-1.12455
-2.65384
-3.58071
-2.86004
-2.76238
-3.41076
-2.80579
-0.58892
-1.86786
-0.86406
-3.68515
-2.75709
-3.49459
-3.06829
-3.96531
-2.80243
-0.97378
-4.24643
-1.45666
0.11080
-3.73847
-4.40913
-2.12821
-4.83879
-1.38764
-1.54535
-2.34283
-2.16556
-1.09199
-3.35232
-4.43697
-4.91362
-4.00410
-4.93423
-4.41176
-3.64643
-3.09107
-1.96594
-3.86978
-1.80822
-3.70777
-3.03056
-2.07690
-3.00796
-2.24797
-4.43557
-3.80725
-1.37562
-3.43640
-4.26338
-4.27926
-1.29511
-4.01235
-3.55200
-3.82846
-3.45086
-2.30462
-4.90620
-3.08310
-4.23387
-1.44645
-4.21655
-0.06839
-3.44933
-3.57298
-3.79812
-2.04893
-3.89023
-2.66116
-0.01535
-2.38823
-3.51303
-3.67108
-1.15495
-3.73071
-3.51353
-4.48802
-1.85923
-2.47109
-4.37043
-3.62088
-4.40712
-3.02116
-3.99027
-4.20820
-1.20826
-4.15228
-1.97976
-0.46696
-3.35166
-2.80072
-2.71920
-3.10715
-0.47781
-3.15840
-2.38736
-3.33139
-2.95555
-2.40785
-2.57570
-4.21955
-3.39970
-4.04377
-2.59049
-3.67833
-3.68638
-1.08513
-2.99762
-2.73898
-3.66747
-4.30185
-4.14524
-4.42580
-1.92762
-1.33837
-3.81808
-1.96153
-2.96761
-0.53752
-4.49447
-3.55010
-4.55124
-1.73891
-3.73940
