-3.37929
-3.21806
0.77834
-3.37473
-2.28399
-6.19174
-4.31264
-4.44677
-5.45704
-2.70972
-4.00465
-4.37718
-0.87896
-4.39579
-5.73474
-6.13760
-5.11847
-5.78890
-3.12599
-2.22783
-4.70701
-2.37055
-3.48631
-0.22625
-2.55342
-2.53759
-1.79066
-4.85250
-4.56971
-3.01457
-4.88252
-2.60267
-3.90250
-3.98006
-6.30070
-5.46914
-5.34060
-4.02444
-3.53996
-3.44833
-4.37879
-5.47016
-5.87602
-4.17772
-1.67233
-3.21295
-0.60999
-2.95957
-4.24487
-3.44386
-3.49653
-3.03448
-4.90988
-5.66225
-2.42386
-1.42675
-2.25315
-3.87035
-2.31809
-5.56563
-6.11656
-3.41488
-5.74295
-3.50885
-1.55766
1.57661
-3.61875
-2.93469
-1.44665
-3.43322
-3.61889
-4.03441
-2.41785
-5.09150
-3.76524
-3.32975
-4.69234
-5.76489
-7.21666
-2.25696
-3.15936
-6.31510
-4.57235
-3.20197
-3.28583
-2.14035
-2.47223
-0.89873
-4.15456
-3.89425
-4.06647
-3.40353
-5.40917
-2.35343
-4.77554
-5.13071
-4.60486
-3.90347
-4.46593
-3.49807
-1.98013
-3.96104
-5.02188
-6.11294
-5.28248
-2.09422
-3.75998
-4.00136
-3.58203
-5.68299
-3.60348
-4.68915
-3.17926
-5.97222
-4.76381
-6.43351
-4.92724
-6.32404
-4.78993
-3.01522
-4.26626
-3.10655
-3.92587
-4.61000
-3.27340
-5.84439
-6.20112
-2.62590
-3.55067
-6.18776
-3.61230
-4.66715
-2.71986
-1.70852
-2.71577
-4.14029
-4.30425
-6.27619
-1.78837
-2.81062
-2.77661
-3.35510
-2.92211
-2.85255
-0.63308
-5.14779
-3.26193
-1.01055
-3.46590
-0.99706
-1.53143
-6.00059
-3.53432
-0.62670
-1.85337
0.47705
-6.49991
-5.25203
-5.36581
0.33030
-5.92819
-0.58943
-2.22153
-7.41129
-3.99598
-3.62797
-7.70332
-6.72991
-2.89366
-2.95469
-3.65367
-4.50171
-6.24538
-3.99890
-3.02431
-5.24802
-6.03621
-3.87306
-2.65503
-2.43885
-4.84505
-3.15025
-3.77613
-2.42449
-2.49060
-5.42225
-4.52465
-2.78235
-4.91279
-3.35112
-6.15731
-3.58767
-1.77545
-5.10045
-4.39001
-3.19160
-4.02783
-4.15203
-3.06756
-4.03254
-0.52235
-3.79466
-4.43369
-3.96962
-1.70179
-5.57270
-4.93139
-4.56791
-5.32850
-4.06099
-6.48227
-2.57448
-3.70762
-5.25376
-6.08786
-5.37853
-4.47085
-2.86644
-5.09649
-0.97558
-5.32295
-4.51406
-3.58337
-5.18345
-5.47853
-5.07280
-4.00178
-1.87264
-1.24509
-1.46257
-3.36526
-2.96749
-3.39949
-1.81253
-5.59941
-2.37763
-0.57934
-4.35916
-5.31284
-3.84579
-5.56703
-2.58474
1.89787
-0.92779
-5.27594
-5.56862
-7.08916
-7.27826
-5.90209
-2.31359
-0.60632
-4.19746
-2.56530
-0.75274
-4.41759
-3.63059
-1.23229
-3.49357
-5.58781
-2.85055
-2.96262
-4.24273
-3.58331
-4.08836
-5.10326
-4.56217
-6.78122
-5.75966
-4.96075
-4.18069
-7.55410
-3.03955
-2.24191
-5.53699
-1.17661
-2.89447
-1.64160
-1.06730
-4.49982
-6.31040
-6.00451
-6.07829
-2.64625
-1.64508
-2.46261
-3.46336
-3.40087
-1.10388
-2.50397
-4.59006
-3.97418
-4.54076
-2.03266
-0.21182
-2.83849
-0.29982
-3.34007
-4.91000
-5.49507
-6.25593
-3.20084
-3.71183
-1.15348
-6.39243
-1.33582
-4.23499
-4.37193
-3.26045
-1.97947
-4.59568
-4.83287
-2.85876
-1.87269
-4.40735
-3.22503
-6.91866
-4.98013
-3.88059
-3.13058
-4.15158
-2.26073
-3.27188
-4.59341
-3.28502
1.47349
-3.08924
-1.19849
-1.75498
-4.69525
-1.42087
-1.25775
-0.99095
-2.49332
-4.45444
-4.97594
-5.94811
-4.22779
-1.22617
-0.04641
-5.76773
-7.75208
-6.55278
-4.67021
-3.31332
-4.84817
-5.72795
-4.95732
-4.50920
-2.31275
-4.83932
-1.95176
-4.30024
-8.11104
-5.88713
-3.20323
-0.32200
-3.49365
-5.00734
-6.68113
-3.53217
-0.02975
-2.34506
-0.40003
-4.77025
-5.29538
-4.93838
-6.63147
-4.83332
-1.03200
-2.33387
-7.39026
-4.60142
-3.94607
-6.88646
-3.75987
-0.99835
-4.01729
-0.11375
0.25368
-0.26523
-2.50171
-2.62020
-3.20352
-1.81701
-4.28742
-3.38568
-5.91494
-5.28786
-4.18288
-0.64144
-1.44543
-3.65659
-3.85361
-2.93129
-3.53579
-0.32243
-4.22491
-4.62165
-3.09858
-4.47705
-4.84919
-5.54969
-4.48860
-6.11017
-5.10651
-0.02758
0.09276
-6.25581
-3.66281
-2.93707
-1.80963
-3.97256
-4.71453
-0.15201
-3.65670
-2.35930
-1.38314
-3.30150
-0.80523
0.80265
-4.63829
-2.98561
-2.96888
-2.34924
-2.93663
-1.88390
-2.09746
-1.33616
-6.09207
-5.24463
-0.09981
-2.08686
-3.99264
-6.37402
-6.03673
-5.12438
-3.47060
-5.85978
-4.81276
-5.31197
-4.70360
-1.59916
-4.95318
-3.89828
-2.50742
-3.47298
-5.54446
-2.88466
-4.73470
-5.54501
-4.27365
-5.45884
-2.13016
-2.17683
-1.88131
-5.54285
-3.24195
-2.71028
-1.83529
-5.34599
-5.02382
-3.31323
-1.51159
3.90887
-3.43319
-2.63636
-4.05480
-2.83690
-5.63836
-0.77984
-5.83766
-5.52103
-5.07505
-3.46455
-5.09622
-1.74321
-2.04147
-2.93424
-3.01012
-1.01242
-5.77407
-4.14537
-5.33925
-3.88054
-4.02558
-0.87298
-4.13418
-4.55251
-3.86135
-3.89332
-4.39853
-4.44751
-2.52968
-4.61069
-6.92191
-5.77516
-1.47739
-4.84304
-3.91389
-6.65404
-5.86848
-1.72373
-0.69079
-2.62840
-0.79552
-1.47326
-1.42317
-6.99651
-7.90398
-6.23300
-5.09814
-2.15039
-4.35736
-3.38205
-3.28525
-3.73591
-2.81981
-2.15243
-5.38079
-4.52290
-2.09448
-0.17129
-3.49088
-1.34715
-3.85011
-0.59443
-1.39837
-4.61309
-3.69231
-1.92217
-5.17497
0.92009
-2.51756
-3.79704
-4.12807
-2.16642
-4.63831
-3.69133
-5.96021
-4.19520
-3.87853
-3.68403
-2.23932
-4.05314
-4.31281
-3.81538
-5.85216
-4.45657
-4.12780
-4.67597
-5.39246
-2.30321
-5.22068
-4.25633
-5.26139
-5.13694
-3.76312
-4.18879
-3.60129
-4.16138
-4.93471
-3.24603
-5.69837
-4.80557
-5.15135
-4.36446
-5.36163
-3.81012
-1.35486
-4.80888
-4.63633
-5.86025
-4.31172
-2.15944
-4.11440
-4.39154
-5.19193
-4.45118
-2.50949
-2.97686
0.06784
-3.94592
-1.65410
-3.55292
-3.78933
-0.90128
-5.29896
-3.57857
-3.62924
-6.49697
-3.40028
-7.56022
-1.71166
-2.30603
-4.24709
-3.76680
-4.38159
-4.86196
-4.38262
-3.31868
-6.95353
-5.32346
-4.39853
-1.80247
-2.15471
-1.72565
-5.47192
-2.24752
-3.54109
-3.19072
-2.34321
-4.07622
-4.57947
-3.88884
-5.50029
-3.88568
-3.45607
-6.93007
-2.77084
-4.86588
-2.46780
3.27741
-3.98202
-1.74791
-3.99833
-3.20376
-3.92930
-4.29672
-5.41075
-4.85544
-4.24030
-5.86746
-2.20774
-3.74755
-1.34905
-3.54698
-5.46331
-5.74996
-2.06448
-2.77321
-3.28530
-4.83280
-5.59301
-4.47248
-5.10105
-1.64698
-2.79872
-2.18725
-2.67272
-4.67924
-5.22136
-4.03244
-4.89953
-6.05626
-5.26277
-4.78937
-3.64963
-4.42325
-6.07843
-1.27173
-4.79536
-2.23592
-4.94654
-3.49862
-5.70018
-4.50318
-3.84923
-2.82251
-1.48649
-3.14081
-4.89670
-6.32165
-4.66416
-5.29800
-3.56466
-5.00621
-5.64397
-4.39837
-3.13768
-2.69363
-4.67365
-3.71698
-4.64198
-3.80539
-6.13432
-3.79434
-1.42717
-4.05673
-5.27029
-4.57216
-2.22875
-2.60448
-4.32797
-5.05959
-6.72396
-4.94084
-3.40377
-5.45401
-1.96384
-5.24673
-4.79364
-3.67057
-4.72483
-4.68140
-4.34711
-4.79068
-1.87147
-3.35514
-3.95041
-4.85374
-3.82336
-3.37815
-5.16797
-6.72878
-3.94026
-2.79928
-1.96256
-2.85581
-5.90131
-2.94840
-4.42820
-4.45043
-5.07411
-3.06785
-2.64979
-6.07016
-4.50782
-6.85055
-3.81460
-1.63655
-6.86562
-4.72830
-1.92266
-4.07965
-7.95214
-7.12609
-5.06498
-5.74623
-4.24132
-1.50029
-2.27469
-3.13667
-2.68857
-4.92228
-4.87191
-6.11703
-6.30872
-4.85151
-2.17785
-4.35124
-4.30160
-4.28811
-3.21853
-3.79876
-3.66515
-3.93136
-5.06102
-4.06172
-2.80590
-3.89836
-5.76797
-5.25738
-5.48117
-1.61793
-2.75569
-5.32206
-4.14100
-2.56912
-4.65440
-5.89351
-2.37969
-5.82370
-2.94234
-2.01500
-0.27535
-2.37105
-3.40681
-3.69662
-6.91951
-6.57574
-5.50885
-2.83718
-3.86769
-5.60729
-3.26966
-2.42668
-4.03393
0.82785
-0.65452
-3.56873
-4.23567
-3.58827
-4.21548
1.06372
0.40115
-2.46774
-0.92129
-0.68430
-4.73938
-4.16327
-3.04076
-3.06247
-4.56721
-3.10340
-5.51757
-5.81495
-3.33584
-6.28078
-5.60610
-6.34161
-4.49962
-4.35103
-1.30924
-4.86825
-1.27751
-3.57832
-2.56454
1.46861
-4.67840
-5.33662
-3.05564
-4.10469
-4.47981
-5.03581
-4.13725
-6.43601
-2.92137
-3.35590
-4.04576
-1.79663
-5.43867
-2.56505
-3.30574
-2.22890
-5.48224
-3.02337
-0.93119
-3.15953
-2.95699
-4.00712
-1.31608
-1.87336
-4.97658
-4.71777
-0.71982
-3.86646
-4.11351
-2.70077
-5.22407
-2.32629
-3.98577
-3.16058
-4.83006
-4.73827
-0.97187
-4.61065
-4.65832
-4.01565
-3.46626
-2.45607
-3.64285
-2.23757
-1.75135
-3.13956
-5.60819
-4.41048
-5.14222
-3.08567
-4.98428
-4.48151
-4.82590
-5.50174
-1.63738
-4.78728
-2.64737
-2.49509
-3.53527
-4.25575
-1.07741
-5.34628
-0.68707
-3.11835
-1.87307
-4.57673
-5.72623
-5.64985
-0.42175
-2.93618
-2.17779
-2.65428
-3.05868
-1.56804
-4.32086
-2.71251
-4.40445
-2.60928
-1.90828
-2.95824
-4.63916
-3.67903
-2.86281
-1.67317
-4.63455
-3.59033
-2.56730
-6.49431
-2.84361
-3.89955
-3.31000
-1.87364
-0.35571
-3.52590
0.10571
-1.48828
-0.06591
-6.69410
-3.64367
-5.13490
-3.22955
-3.91921
-0.81496
-3.70571
-4.11953
-3.50797
-5.54549
-6.20444
-2.12010
-2.55677
-2.57294
-2.75599
-2.88644
-3.20858
-5.10408
-5.03917
-5.56610
-2.23787
-5.07085
-5.54758
-3.40632
-1.84516
0.00329
-1.93528
-4.32551
-4.03003
-3.49992
-5.52537
-3.90937
-5.02792
-1.72439
-3.40259
-2.80316
-5.96296
-3.22056
-6.55201
-3.14943
-4.88764
-0.44198
-3.31944
-2.06713
-4.47181
-4.15183
-3.30150
-2.81525
-2.41350
-4.32398
-1.71537
-6.26557
-3.89674
-3.76083
-3.91834
-5.09356
-4.90526
-6.01248
-2.33174
-4.67145
-3.29927
-2.55814
-5.64445
-5.35635
-4.81809
-3.71431
-4.15446
-4.41394
-2.85090
-4.22003
-3.53002
-3.11734
-4.32055
-7.01332
-4.34462
-4.42528
-4.01897
-4.85725
-1.55508
-1.40434
-1.66844
-1.34206
-6.03439
-1.16515
-4.86952
