-4.44677
-6.13760
-5.78890
-2.37055
-1.79066
-5.46914
-3.44833
-5.47016
-5.87602
-5.66225
-6.11656
-5.74295
-3.43322
-7.21666
-6.31510
-4.06647
-2.35343
-3.90347
-5.02188
-6.11294
-6.43351
-6.32404
-5.84439
-6.18776
-2.71986
-6.27619
-5.14779
-5.25203
-7.70332
-6.72991
-6.24538
-6.03621
-3.77613
-4.91279
-6.15731
-3.96962
-4.06099
-5.37853
-2.86644
-3.58337
-5.47853
-5.59941
-5.56703
-7.27826
-5.90209
-3.63059
-5.75966
-7.55410
-3.03955
-5.53699
-6.00451
-1.64508
-4.54076
-5.49507
-1.33582
-4.59568
-6.91866
-4.98013
-4.59341
-4.97594
-5.94811
-7.75208
-6.55278
-8.11104
-6.68113
-6.63147
-7.39026
-6.88646
-5.91494
-5.28786
-3.65659
-4.62165
-4.48860
-3.66281
-3.97256
-1.88390
-5.24463
-6.37402
-5.85978
-5.54446
-5.54501
-4.27365
-3.24195
-3.31323
-5.83766
-5.07505
-5.77407
-4.02558
-5.77516
-6.99651
-7.90398
-4.35736
-5.38079
-0.17129
-3.85011
-3.69133
-4.45657
-5.39246
-5.13694
-5.36163
-3.81012
-5.86025
-5.19193
-6.49697
-7.56022
-6.95353
-4.39853
-3.88884
-6.93007
-4.29672
-4.24030
-5.86746
-5.74996
-5.59301
-5.10105
-4.03244
-6.07843
-5.70018
-3.14081
-5.29800
-4.39837
-4.67365
-2.22875
-4.94084
-5.45401
-4.72483
-1.87147
-5.16797
-3.94026
-5.07411
-6.85055
-7.95214
-5.74623
-6.11703
-6.30872
-5.06102
-5.25738
-2.37969
-3.69662
-6.57574
-5.50885
-3.86769
-3.58827
-4.73938
-5.60610
-4.49962
-2.56454
-5.33662
-4.13725
-6.43601
-2.22890
-2.95699
-4.71777
-2.70077
-0.97187
-3.64285
-3.13956
-3.08567
-4.78728
-5.34628
-4.57673
-5.72623
-2.71251
-3.59033
-3.64367
-3.22955
-5.54549
-2.12010
-3.20858
-5.54758
-3.90937
-3.22056
-3.14943
-3.89674
-5.09356
-4.90526
-6.01248
-3.71431
-7.01332
-4.01897
