4.09215
10.52912
10.65122
10.65122
10.65122
7.73608
10.65122
10.65122
5.62820
9.73995
6.69524
2.07675
7.92636
0.58201
10.02525
6.74474
10.65122
4.81254
10.65122
10.65122
10.65122
5.12326
8.83243
5.30142
8.14637
4.07488
5.73240
4.49062
9.40154
7.23701
5.85385
10.65122
7.04481
10.65122
9.63505
5.69025
8.39875
8.16188
6.66622
10.65122
7.97604
10.65122
10.65122
6.48614
6.39256
7.63207
7.29975
5.55817
7.25943
7.58687
10.65122
7.22472
8.46567
7.66143
9.17465
3.69075
10.65122
2.69306
7.98384
9.76501
7.09890
6.42651
6.18851
4.18498
10.65122
6.33155
7.69679
6.10218
6.81880
7.02108
7.92646
10.65122
10.65122
10.50795
10.65122
8.53809
10.65122
7.16289
7.43803
9.63875
6.16634
6.96068
4.47618
2.73112
7.25167
10.65122
10.65122
3.27977
10.17587
5.82718
3.83199
-4.67827
10.65122
9.07560
9.63726
10.65122
10.65122
10.65122
6.64739
4.61875
9.76598
9.01868
10.65122
5.83135
2.92876
2.23042
7.85070
10.65122
10.65122
3.32899
8.11017
7.35150
10.65122
5.10562
5.63706
4.92974
8.75151
10.65122
10.65122
10.65122
9.50738
10.65122
9.88599
-0.94941
5.79214
10.65122
10.65122
10.65122
10.65122
7.06980
8.45944
9.97798
4.15547
10.65122
10.65122
10.65122
7.90881
10.65122
8.80931
4.56545
10.60505
4.76093
7.94626
10.16535
9.46913
9.57801
7.65521
10.65122
10.65122
10.65122
5.06671
7.71220
1.73580
9.47525
5.67743
5.13160
10.65122
10.65122
9.85598
5.72392
10.04786
10.65122
9.24260
4.69635
8.80124
3.83538
4.39790
6.95523
6.00157
8.71371
8.54620
7.96773
7.14725
8.25257
10.65122
6.94621
6.70533
7.82842
0.67247
9.03537
4.16608
6.48827
