-4.13284
-4.40695
-3.72574
-7.98790
-7.59856
-6.06574
-8.11516
-5.95621
-6.25591
-9.10148
-5.89870
-10.99824
-7.15136
-5.25842
-3.35327
-7.14698
-5.25751
-10.21200
-5.05069
-5.96565
-8.95515
-2.86700
-6.60402
-5.36988
-5.04794
-7.05028
-3.44798
-4.29669
-5.86932
-6.13952
-4.55358
-4.09299
-0.47395
-6.24974
-2.98121
-2.96934
-5.92547
-1.64320
-2.03002
-3.76423
3.06305
-5.31813
-7.99613
-7.90783
-0.60651
-7.23373
-5.04898
-4.49159
-3.06884
-6.72707
-5.28205
-1.50407
-6.53359
-5.89959
-5.62276
-3.80752
-5.46223
-5.52156
-5.98105
-8.68478
-4.43380
-9.53273
-2.43481
-2.01975
-4.22915
-5.71660
-2.56349
-11.42489
-10.20900
-3.98351
-6.39668
-5.31247
-5.33958
-5.51594
-4.35478
-3.76871
-5.34208
-2.63134
-2.73215
-2.27084
4.52595
-4.18449
-8.36068
-2.53938
-2.75416
-7.69366
-6.64755
-4.59603
-6.07195
-1.33852
-8.33151
-5.46881
-3.92523
-3.82443
-6.55910
-4.41707
-4.24883
-7.01152
-2.94211
-6.44093
-6.09037
-8.17576
-7.95666
-4.14718
-3.70111
-6.62960
-4.57224
-3.73653
-7.31168
-3.13884
-4.21186
-9.28532
-7.01266
-9.94246
-7.34246
-3.72318
-4.31372
-6.13575
-6.64407
-0.24046
-8.05005
-7.75492
-7.37222
-1.63411
-8.38132
-4.16784
-3.31253
-6.23812
-6.17637
-6.64740
-1.82033
-5.19132
-5.66245
-5.91198
-7.59082
-5.34557
-9.09677
-6.36913
-7.44567
-7.10031
-5.75012
-7.03498
-6.05787
-3.80291
-4.13124
-1.02226
-4.51452
-6.22545
-5.00075
-6.68984
-9.93588
-4.34360
-5.41119
-10.15365
-6.55245
-6.79743
-4.05031
-6.31093
-3.55742
-5.49879
-5.98417
-6.09827
-6.76947
-5.20656
-8.82656
-3.63206
-5.94675
-6.73224
-5.34591
-7.32809
-8.89902
-8.75003
-1.96421
-5.88639
-9.70525
-5.80707
-5.07325
-3.25079
-6.89855
-9.07589
-6.66724
-6.87137
-0.77333
-7.00536
-6.04566
-5.73341
-7.55401
-8.37145
-7.06004
-7.13170
-6.53785
-7.96907
-5.54811
-7.12394
-8.87369
-3.36170
-4.34453
-4.79494
-6.51587
0.54723
-4.79019
-5.21045
-5.50500
1.60548
-6.97892
-6.58065
-7.14939
-9.64952
-9.10465
-5.23094
-5.47024
-7.45024
-6.45342
-7.17478
-2.42796
-4.57445
-6.50208
-5.97526
-6.50991
-4.35970
-8.07606
-8.44308
-6.23371
-6.36133
-7.05984
-4.29557
-3.99358
-4.93736
-4.08921
-8.71565
1.58012
-5.21423
-3.46773
-3.51635
-3.36436
-3.21435
-5.95796
-5.34739
-6.35800
-4.64625
-5.11523
-10.43082
-6.86464
-5.56037
-5.31089
-5.46380
-3.90525
-5.32955
-4.79841
-6.61216
-4.82614
1.62954
-5.83271
-0.77339
-3.89204
-3.73879
-4.58785
-8.16229
-6.26135
-8.12012
-5.92230
-5.55550
-5.80156
-8.28738
-7.70488
-8.77883
-7.17999
-4.03479
-6.57602
-5.81051
-4.59910
-9.44741
-8.46695
-2.29957
-9.35260
-4.22518
-6.86595
-2.13510
-0.59903
-8.74269
-5.89197
-2.85299
-7.63211
-3.36219
-7.81331
-5.03642
-3.76615
-6.20162
-7.44573
-3.86246
-3.50497
-7.44683
-6.04036
-4.78869
-4.18185
-3.83472
-6.06642
-3.66090
-3.18099
-2.15123
-1.00924
-0.84888
-7.03043
-10.98824
-8.49194
-10.28546
-7.39304
-6.10138
-4.89493
-6.50263
-5.78082
-3.96679
-2.60158
-5.22008
-4.34176
-7.54147
-7.19203
-5.30130
-5.32800
-6.68987
-6.59322
-5.12630
-2.61762
-8.80962
-2.31412
-6.44108
-5.39746
-2.19177
-7.69664
-9.01747
-4.66951
-3.72221
-6.87419
-5.51434
-5.77923
-5.53568
-5.22828
-3.70055
-4.58433
-3.61220
-6.41480
-3.74182
-5.34774
-2.59153
-5.50012
-5.21447
-0.32239
-0.47408
-4.86386
-3.80903
-4.18256
-7.66890
-2.54296
-4.69715
-6.43579
-6.31301
-6.76621
-8.63266
-3.01835
-4.27223
-8.23341
-4.88985
-2.56852
-4.44652
-5.90790
-4.98416
-3.26489
-8.21778
-9.44077
-7.99685
-7.67778
-6.83584
-6.96259
-5.30151
-3.60393
-7.69325
-5.15071
-2.72606
-8.75802
-5.19619
-3.14955
-5.36517
-1.68236
-7.96397
-4.96090
-3.54036
-6.43437
-4.70795
-6.64525
-1.24684
-5.86481
-6.17326
-7.91806
-4.20116
-6.11993
-6.22824
-6.72610
-2.77471
-5.26026
-6.77972
-4.81673
-3.38905
-0.46939
-5.04440
-7.59476
-6.84642
-5.70923
-7.40300
-5.41705
-2.61120
-5.32220
-10.62294
-6.55649
-7.17078
-4.65756
-3.74342
-8.11165
-4.32044
-7.18535
-4.15783
-3.91948
-7.43008
-2.97976
-8.63253
-5.57869
-2.97749
-6.27768
-7.83504
-6.44084
-6.39947
-7.97359
-5.94792
-3.38487
-8.19293
-6.72726
-3.45509
-7.14698
-8.96148
-4.12761
-3.34014
-4.20234
-4.21503
-2.51852
-7.81556
-3.69985
-7.96677
-9.09103
-4.29246
-3.06290
-2.53917
-6.72032
-8.49370
-6.08750
-2.94501
-7.33646
-9.18985
-9.76977
-4.54537
-5.73633
-7.67101
-4.61833
-9.47109
-4.53138
-3.06238
-4.63321
-8.08599
-7.99414
-4.81594
-3.60934
-5.46081
-7.37848
-10.26403
-6.05316
-4.25304
-2.58840
-1.49985
-6.64559
-5.69343
-1.13254
-6.18111
-8.17371
-6.56468
-4.04771
-5.20844
-4.75930
-4.11866
-9.19315
-7.75100
-9.59586
-6.11228
-10.04528
-5.75231
-5.97771
-2.25802
-5.97470
-9.05199
-7.41532
-5.98188
-3.55802
-6.39479
-3.30257
-2.38042
-5.88270
-9.20047
-7.04643
-3.54522
-7.30147
-7.63269
-7.39127
-4.54548
-2.84495
-6.16149
-2.09181
-5.34351
-9.15236
-9.41924
-9.09001
-5.58285
-4.79073
-7.33975
-8.20374
-6.87960
-2.59929
-9.96818
0.20176
-7.84000
-2.37905
-5.29045
-8.25640
-9.13010
0.45221
-4.67204
-1.15169
-2.79317
-8.19120
-3.44325
-2.57587
-6.92367
-7.64558
-4.05285
-4.95650
-6.36670
-0.76698
-7.76086
0.12188
-6.00190
-4.90527
-6.44669
-7.22866
-3.48140
-6.39362
-4.42814
-2.98213
-6.93852
-4.82552
-4.70221
-3.59254
-2.43326
-2.35206
-7.63191
-10.81196
-6.00943
-3.75144
-6.41837
-2.30666
-3.37598
-5.00385
2.23647
-4.70917
-5.67656
-11.64513
-7.78191
0.34598
-5.29478
-7.27734
-7.05642
-5.00261
-2.95609
-5.50015
-4.54040
-10.87407
-6.66806
-5.76620
-6.52664
-6.45436
-3.66294
-5.18962
-9.21941
-3.88340
-7.77223
-6.88739
-6.33556
-2.62062
-2.42975
-3.44759
-7.27373
-4.61273
-3.93694
-6.73273
-4.06222
-2.76524
-4.38076
-5.82230
-5.38018
-5.13679
-7.09164
-2.86646
-3.09210
-4.44296
-6.90587
-1.55539
-6.59821
-8.83936
-7.49936
-7.59549
-2.16342
-4.20570
-4.43850
-5.95721
-6.03400
-6.64309
-7.38614
-6.64287
-4.26794
-5.42105
-3.56485
-7.42434
-3.36720
-7.73351
-7.64500
-8.32642
-5.48341
-3.45202
-1.91775
-2.67336
-4.42770
-5.90235
-6.25067
-4.89838
-8.07672
-9.51696
-3.34501
-0.64803
-5.97653
-4.75716
-5.98755
-7.24684
-2.35646
-7.73036
-5.06967
-4.21638
-1.59198
-4.67612
-0.26840
-7.65785
-5.19173
-1.44780
-8.20939
-5.22529
-9.24176
-6.50908
-7.36882
-5.35024
-8.38775
-4.68976
-4.68923
-6.24600
-8.04750
-5.20348
-7.39838
-7.93388
-8.80134
-8.76818
-4.13202
-4.18486
-2.46241
-3.96186
-9.27186
-3.77004
-6.09244
-3.94400
-0.62983
-7.40869
0.01975
-3.73033
-2.87154
-8.05723
-5.77842
-9.03021
-6.40386
-5.85848
-4.57474
-7.76771
-6.33102
-5.30970
-9.82355
-5.35671
-9.67972
-3.58562
-3.55360
-1.82147
-6.05083
-2.90220
-0.14515
-2.22735
-6.59471
-6.20845
-6.53514
-9.70158
-5.72027
-9.24557
-8.82109
-8.15382
-5.89449
-4.27848
-6.22697
-8.80241
-1.77442
-7.62265
-7.48134
-3.17517
-3.93892
-7.11326
-2.29524
-6.61627
-6.92007
-6.46381
-9.40544
-7.91893
-7.52152
-5.36272
-5.91744
-3.18745
-1.80376
-3.69208
-5.86028
-3.12212
-4.69936
-8.35710
-4.38546
-4.28953
-4.09503
-5.92934
-10.65481
-5.73338
-7.24554
-5.50024
-4.62070
-3.39348
-3.92222
-7.03637
-6.09261
-3.08378
-8.35747
-5.93163
-6.01601
-3.89929
-5.36455
-5.55727
-5.31260
-5.71059
-5.12917
-1.91568
-6.99373
-7.46667
-4.08194
-4.73557
-9.93930
-7.80402
-4.33680
-6.73606
-1.57817
-6.42892
-7.32610
-7.31974
-8.01255
-2.43064
-0.64426
-4.41945
-4.84781
-7.72964
-1.69140
-6.76072
-3.47984
-7.91543
-2.98393
-5.23329
-4.92827
-4.28638
-7.91554
-9.65429
-2.57082
-0.84830
-8.33142
1.72526
-3.54941
-7.16021
0.12283
-5.64415
-1.39482
0.25681
-3.54597
-7.27367
-6.32054
-6.65720
-7.45386
-2.43693
-10.83898
-3.87519
-1.75662
-4.73494
-7.61392
-2.97132
-8.11553
-3.49097
-7.38644
-3.76839
-6.71217
-6.42743
-5.47492
-6.44587
-5.80311
-6.04607
-3.73236
-1.67368
-2.72054
-3.76795
-10.74471
-8.10548
-7.64501
-4.55838
-4.79525
-3.80306
-6.31532
-9.74079
-5.17404
-11.52031
-8.74414
-6.29863
-4.18361
-4.29919
-4.65189
-3.87122
-4.16717
-5.34440
-6.92658
-4.84229
-4.50013
-6.46396
-6.69327
-3.23263
-4.20676
-5.05559
-8.82205
-3.78102
-3.59369
-6.61866
-5.86204
-7.13219
-8.20468
-9.54899
-7.22407
-4.21032
-6.98758
-6.15932
-2.91579
-5.43937
-0.92322
-4.36643
-1.89150
-2.50105
-5.40835
-9.01836
-8.01834
-8.36152
-3.34742
-5.44291
-8.49689
-3.85478
-5.03137
-8.15674
-6.49689
-4.19712
-3.45656
-4.67036
-8.44007
-10.73618
-7.32969
-1.25568
-4.73774
-7.59765
-7.55802
-4.31343
-7.90175
-7.22668
-5.17086
-5.79183
-4.03362
-11.46656
-0.94255
-4.34379
-3.73289
-6.18242
-6.30918
-5.91472
-3.23375
-8.32375
-8.40885
-5.86963
-9.62213
-6.99428
-7.33821
-9.18937
-6.17133
-3.10612
-2.00012
-1.44357
-5.00683
-9.78100
-5.23721
-5.78555
-4.59119
-5.75925
-6.89156
-9.18222
-6.21795
-5.52510
-2.68271
-6.78878
-6.20088
-6.78910
-5.58140
-12.11720
1.81933
-4.95873
-6.33127
-7.93221
-3.70941
-1.11020
-7.37832
-4.38032
-6.01681
-11.68582
-7.05184
-7.52292
-5.97399
-6.86635
-5.84467
-8.72850
4.00964
-3.37744
-6.72296
-5.88455
-6.73321
-6.27466
-8.98016
-7.16358
-8.12554
-8.83938
-5.67131
-9.45222
-3.07988
-5.17324
-7.96890
-2.99395
-7.86304
-3.22883
-3.55381
-5.05876
-5.63961
-6.70255
-9.55046
-6.30651
-3.00984
-0.28694
-8.23821
-7.89954
-10.05183
-5.27632
0.26237
-4.80159
-2.75753
-3.79008
-6.80617
-0.54178
7.49763
-5.75344
-6.41810
-5.12170
-3.00932
-7.14517
-8.28505
-3.59595
-6.96779
-7.16906
-4.05985
-5.19965
-4.22248
-3.65395
-7.06292
