3.99982
4.99822
6.24630
7.23159
10.58587
9.87876
7.50135
6.76011
11.75750
9.37780
11.75750
8.95497
9.10093
3.89853
0.86782
-1.24266
10.52693
9.66284
10.67538
11.75750
5.80354
2.37329
2.21798
8.95098
6.63980
6.15100
6.08299
11.75750
7.35172
9.70770
4.09867
9.54209
10.04293
10.02896
-1.15634
2.96339
8.02182
6.70364
8.39507
11.75750
8.40021
2.48258
7.41422
9.78666
5.73842
11.75750
10.02898
10.27971
6.33546
5.71894
7.86306
8.10525
1.83820
7.82604
11.75750
6.91034
6.94470
11.75750
2.51806
7.06166
3.50411
9.98217
6.24765
9.25609
9.29491
11.75750
6.87873
7.12877
6.17048
-0.00270
4.84345
-0.58160
5.20698
-3.03391
7.61528
8.89485
1.49459
3.78518
11.75750
1.18982
6.25754
8.35275
5.59508
5.16639
9.27107
9.78566
8.37580
11.10139
10.20967
6.89494
3.98283
9.33541
5.62746
8.22325
11.22299
10.98291
7.81024
11.75750
6.11532
7.69040
11.75750
4.51083
6.22748
6.91911
7.12906
3.47978
5.04741
1.07148
5.66611
3.79358
-0.66318
9.32343
7.26823
5.74255
9.01699
4.63020
3.12449
9.76102
10.32964
-3.22011
9.17943
7.19549
5.69485
11.75750
10.44615
2.06956
-7.70512
0.46370
8.84548
5.50627
-0.73499
9.18873
6.89598
9.11204
11.54678
6.97937
9.89299
5.84392
11.12571
11.75750
11.75750
5.66008
-0.36684
2.88484
3.34407
11.75750
6.35810
10.96233
5.54908
11.75750
9.22377
11.75750
7.00730
10.43116
1.11413
-1.42216
9.61621
1.33245
7.16604
1.55741
4.00565
-0.80952
11.75750
8.11573
5.88544
6.92115
5.21845
2.35469
2.42180
8.83056
11.75750
8.54014
10.21413
5.27489
-5.26607
6.24919
3.84789
8.06362
10.27563
10.63052
1.40378
4.02414
5.30985
7.36635
10.06622
3.18758
6.50903
-7.63490
7.13454
7.10867
3.74694
5.33432
11.75750
10.57241
3.31331
-8.48653
6.97781
9.57199
10.16226
0.12546
