-6.25591
-5.89870
-5.05069
-5.36988
-5.04794
-3.76423
3.06305
-0.60651
-5.04898
-5.62276
-4.43380
-9.53273
-3.98351
-6.39668
-2.75416
-6.64755
-5.46881
-6.44093
-4.14718
-9.28532
-7.34246
-7.75492
-1.82033
-9.09677
-7.10031
-5.75012
-9.93588
-5.41119
-6.55245
-6.09827
-8.89902
-5.80707
-0.77333
-5.73341
-6.53785
-3.36170
-5.50500
-5.23094
-2.42796
-5.97526
-8.07606
-6.36133
1.58012
-5.11523
-10.43082
-6.86464
-6.26135
-5.92230
-7.70488
-2.29957
-2.13510
-5.03642
-7.44573
-3.18099
-0.84888
-7.39304
-5.78082
-5.32800
-8.80962
-7.69664
-3.72221
-6.87419
-5.34774
-4.69715
-6.76621
-2.56852
-7.67778
-5.19619
-4.96090
-6.17326
-4.20116
-5.04440
-5.70923
-6.55649
-7.17078
-7.83504
-7.97359
-7.14698
-4.12761
-2.51852
-4.29246
-4.54537
-5.73633
-8.08599
-4.81594
-6.64559
-6.18111
-6.56468
-7.75100
-5.97771
-7.41532
-5.88270
-3.54522
-9.09001
-5.58285
0.20176
-2.37905
0.45221
-4.05285
0.12188
-6.39362
-2.98213
-7.63191
-10.81196
-6.00943
-2.95609
-10.87407
-6.66806
-9.21941
-4.06222
-5.82230
-7.09164
-7.59549
-5.95721
-3.56485
-7.64500
-5.48341
-4.89838
-7.24684
-2.35646
-5.19173
-6.50908
-7.36882
-8.04750
-7.93388
-8.76818
-9.03021
-5.85848
-6.33102
-5.35671
-6.53514
-9.70158
-8.15382
-6.92007
-7.91893
-3.18745
-4.28953
-5.50024
-4.62070
-3.08378
-5.36455
-4.08194
-4.73557
-6.73606
-3.47984
-2.57082
-6.32054
-2.97132
-6.42743
-8.10548
-7.64501
-5.17404
-8.74414
-3.87122
-4.50013
-6.61866
-8.20468
-9.54899
-6.98758
-8.49689
-3.85478
-6.49689
-7.32969
-7.90175
-5.17086
-8.40885
-6.99428
-5.23721
-6.89156
-6.20088
1.81933
-4.95873
-4.38032
-5.97399
-6.73321
-9.45222
-3.07988
-2.99395
-0.28694
-5.27632
-5.75344
-7.14517
-6.96779
