6.60544
3.73524
7.67215
7.81460
8.52318
8.52318
8.52318
4.83467
8.52318
6.86710
8.52318
8.52318
6.22715
5.66480
8.21292
8.52318
4.88340
4.89266
1.67111
6.23949
5.08172
5.77638
8.52318
4.34904
8.52318
2.44983
5.43273
6.18337
4.11335
6.01188
5.58253
4.15422
2.82507
6.80767
5.80137
6.27028
5.08549
6.43277
8.52318
8.16797
8.16414
8.52318
8.52318
8.52318
3.49006
6.47653
7.77402
6.38486
2.61653
4.03961
6.58164
7.16881
7.54527
6.11950
4.71283
6.48083
6.39646
3.06970
4.04470
7.81286
8.52318
4.61192
3.31526
8.12156
3.94623
5.90776
8.52318
5.52130
3.71350
3.97640
4.07824
5.22949
5.70491
7.87375
7.59089
6.34637
6.55753
3.06578
2.22934
0.82652
-0.71066
-0.83091
2.79879
4.28257
0.21598
3.28470
2.97618
-0.61504
2.30777
2.50169
1.65955
5.17505
1.38221
0.50746
5.58853
5.06566
5.46900
-3.02557
8.52318
8.38604
5.88701
0.92528
4.97880
2.43837
8.52318
2.48330
1.94098
6.44915
6.58298
7.09436
7.38019
5.12731
4.68444
1.79417
0.14354
5.85166
4.71271
5.89767
5.25802
3.30366
4.92990
0.51680
-0.25649
2.25791
1.83159
5.82636
2.48172
-0.08073
2.56289
-1.10705
3.77824
3.64182
-0.78553
3.49353
6.09874
2.08324
3.88177
-2.54337
5.18844
2.09835
4.85449
4.42261
5.27461
4.25003
5.50999
5.02471
3.10263
4.97363
8.52318
1.85040
2.26810
3.65619
5.73131
5.62374
8.52318
5.77154
6.40976
5.42081
3.99484
6.07833
-0.66095
0.96669
1.26898
0.49956
5.57948
5.19060
8.39710
4.54929
-1.34853
-0.21047
1.40881
1.60668
4.58242
5.24662
2.11886
5.52400
6.01405
4.81124
6.17888
8.23355
2.76916
8.31498
2.04813
7.86806
4.11007
2.25277
8.52318
1.51404
2.49096
-0.11361
3.10556
4.55661
1.19402
2.14354
4.02455
3.88255
3.34677
6.68408
6.07050
2.69507
-0.42563
3.36707
2.54605
6.31306
7.32846
8.52318
1.23848
8.52318
4.03819
5.78933
1.19427
5.08856
6.26594
4.64990
3.43360
6.60116
1.06244
6.75303
6.69408
5.80700
4.37114
2.51988
1.64137
0.35115
1.66038
3.73876
5.99625
6.63740
6.80275
6.63474
8.52318
7.16421
8.52318
3.25635
5.24630
4.32863
2.07838
-0.41715
2.95449
2.98129
6.46443
3.86779
0.79092
5.99535
2.82886
5.13001
0.74198
0.79216
0.74038
1.44766
-1.39368
-1.15657
1.89717
1.25639
-2.52953
2.48727
3.62323
1.41855
2.32521
0.73989
4.63991
8.52318
4.48135
5.96135
8.14146
8.19318
5.37906
1.20757
2.48394
4.92318
2.76054
-0.82918
5.17908
8.52318
5.42026
4.16916
7.79622
7.45219
7.95054
5.08652
2.44056
3.32745
4.67037
8.33181
6.16552
7.28576
6.93854
5.25955
3.87820
3.81667
6.36554
4.84551
6.51301
5.23063
4.53592
4.07183
8.02302
7.51634
5.34177
-0.19747
-2.21974
4.71165
4.01548
6.36288
2.44111
1.04682
4.81714
5.10071
6.12051
4.71369
6.35365
8.52318
8.52318
4.77607
7.50600
2.94528
6.55451
8.52318
7.82241
4.37144
0.89543
6.62773
2.79221
1.11348
5.29050
5.55911
3.02825
4.03831
8.23353
1.95751
7.80438
5.54751
0.30433
2.08566
2.56553
2.32400
0.85454
1.59761
2.11246
1.50680
0.65831
1.56654
5.18159
4.51664
3.14085
3.08358
3.19876
1.93030
