-4.12755
0.05908
-2.15416
-2.31717
-1.63826
-2.06495
-1.70621
-3.60237
-0.47539
-2.52207
-2.47663
-2.19914
-0.90089
-2.87104
-2.80416
-4.19442
-3.92362
-1.48863
-1.34620
-0.07139
-2.47087
-3.11434
-3.06400
-1.90018
-1.67093
-1.22506
-2.19857
-2.98160
-4.08136
-3.50909
-1.57941
-2.63518
-0.60727
-1.87013
-2.95074
-2.45476
-2.03005
-3.28668
0.42779
-0.55076
-1.64195
-2.64034
-1.88831
-2.69145
-3.05776
-3.32707
-1.45707
-3.20389
-2.60699
-3.94386
-3.19173
-3.59724
0.08251
-1.06143
-1.44841
-3.14096
-1.14964
-1.61626
-3.20198
-1.97527
-1.88570
-3.33431
-1.28828
-1.86630
-2.88743
-1.05266
-2.96101
-1.61091
-3.24558
-2.91343
-1.43972
-1.26962
0.83289
-1.95280
-3.69588
-2.37685
-4.27068
-2.58837
-3.12375
-2.00447
-2.29661
-1.31171
-2.95450
-3.78918
-1.50100
-0.34579
-1.67267
-2.89175
-3.92310
-3.40912
-2.46798
-2.36330
-2.69739
-0.54007
-0.85231
-4.35253
-1.73751
-0.64799
-2.67753
-1.19809
-2.00934
-2.09877
-1.56199
-2.77902
-1.83409
-1.22166
-1.17832
-2.30324
-3.25027
-1.98797
-2.20716
-2.97679
-2.26778
-1.36723
-0.62334
-1.48173
-1.74229
-2.89488
-2.42625
-2.45185
-1.75069
-2.73364
-0.92201
-3.39768
-4.04767
-1.39048
-0.05529
-1.26648
-1.90191
-3.44107
-2.70283
-1.93042
-3.38495
-1.05057
-2.55775
-2.24534
-3.13452
-2.16383
-1.71313
-1.56187
-2.68701
-2.51489
-3.26804
-2.43031
-1.35439
-2.95868
0.10286
-2.34946
-3.47792
-2.26671
-3.12283
-1.03626
-2.09823
-3.67870
-2.58721
-2.19295
-2.51609
-1.49752
-0.80641
-2.98231
-3.28408
-3.70855
-2.84289
-1.13677
-0.06949
-2.38470
-0.96287
-3.74611
-1.18128
-3.01277
-2.03498
-2.37796
-2.43361
-1.98586
0.31428
0.00602
-2.03805
-3.85427
-2.95670
-3.08552
-2.59624
-1.67010
-1.53616
-2.63464
-1.36067
-0.68655
-0.49386
-0.87151
-2.46730
-4.12422
-2.57573
-1.38230
-1.58830
-3.37796
-2.19795
-0.41010
-2.19933
-2.03661
-2.82614
-2.30422
-3.39827
-2.65179
-2.43175
-2.23382
-4.22367
-2.68397
-1.60197
-1.88629
-2.85550
-2.11256
-4.12158
-2.02436
-1.64771
-1.84246
-2.50361
-3.05970
-3.23201
-3.09446
-3.81016
-1.63634
-2.92348
-3.58031
-2.05756
-2.30401
-2.06076
-1.01901
-3.61778
-2.06500
-1.44613
-1.36815
-3.35590
-2.84826
-3.62504
-2.48528
-2.92640
-3.97404
-0.64171
-1.71538
0.38475
-2.34031
-2.38577
-3.48201
-3.63624
-2.33306
1.28609
-2.53045
-3.27564
-1.96911
-3.66487
-0.86949
-3.13828
-1.01918
-2.16474
-3.16253
-3.32906
-3.86369
-2.01768
-2.27456
-3.30054
-2.66207
-2.53913
-3.33828
-1.18145
-0.99855
-3.80852
-1.63375
-2.51261
-1.10166
-3.24087
-3.25767
-2.69081
-2.86623
-0.41479
-1.71011
-1.58260
-2.85053
-3.26872
-1.30612
-3.29501
-3.20024
-0.86084
-2.68000
-3.19503
-1.20037
-2.32818
-1.22696
-2.34503
-2.80817
-1.27019
-3.55989
-1.52166
-1.50865
-2.49998
-2.76519
-3.63686
-3.20595
-2.52983
0.21070
-2.13618
-0.14878
-3.76977
-2.40433
-3.03537
-1.68515
-1.17556
-3.46523
-2.57727
-1.79521
-3.02955
-3.36101
-3.86711
-0.80776
-2.62735
-1.65131
-3.86722
-1.85323
-1.74510
-3.50597
-1.14973
-2.75869
-2.67220
-1.88009
-2.74485
-0.38288
-2.59291
-1.58106
-1.88442
-2.72956
-2.14583
-1.81094
-1.45397
-3.66127
-2.55496
-3.86333
-1.79470
-3.91170
-1.84995
-3.21378
-1.41020
-3.57180
-3.57443
-1.42038
-0.35201
-2.38199
-0.48896
-0.93070
-1.70410
-2.41235
-2.05563
0.89072
-2.27194
-3.78599
-0.75443
-1.70517
-2.42931
-2.40072
-2.64872
-1.69781
-1.55634
-3.98132
-3.06200
-2.80916
1.13216
-2.68668
-2.93387
-2.78428
-2.35327
-3.59944
-2.30134
-1.03170
-2.68820
-1.28833
-3.53574
-0.65474
-1.26721
-0.94533
-2.80285
-2.43007
-2.07354
1.50394
-1.33095
-2.04194
-2.73702
-3.77843
-2.59118
-4.20715
-2.22297
-2.53676
-0.27637
-0.76670
-3.55329
-2.94905
-2.64841
-2.99907
-2.52000
-2.63928
-1.94628
-1.09286
-2.41997
-2.87848
-2.03209
0.76664
-2.53021
-2.71118
-2.20298
-3.27902
-2.13908
-2.16308
-3.70920
-2.99988
-0.62468
-1.35222
-0.46834
-2.67544
-2.83296
-2.81969
-3.55489
-1.66997
-1.96499
-1.41059
-2.26838
-1.80107
-1.34146
-2.85236
-0.88717
-2.77370
-1.77716
-1.69270
-2.90392
-2.29047
-2.84009
-2.15968
-1.97906
-2.01801
-2.93026
-1.75045
-2.19201
-1.99995
-2.72567
-1.19991
-1.95524
-1.62760
-1.65258
-0.38482
-2.30930
-0.06628
-2.50482
-2.46963
-2.17926
-2.91658
-2.24542
-0.34774
-2.45699
-2.68422
-1.73869
-0.48806
-3.25327
-2.51995
0.50763
-1.32848
-2.19892
-1.35347
-1.51190
-2.59390
-2.95269
-2.10826
-2.43604
-2.23899
-2.09782
-3.13257
-1.59077
-1.22261
-1.52233
-2.19685
-2.73057
-2.75328
-0.76990
-1.37852
-1.76503
-2.14615
-2.29872
-2.51027
-1.69200
-3.03732
-2.27637
-0.71302
-1.73912
-3.56379
-3.53594
-2.88373
-2.57013
-0.66906
-0.89067
-1.01757
-1.69749
-0.71917
-1.60434
-1.82130
-1.54286
-2.33094
-1.59548
-3.54332
-2.02516
-1.12940
-2.07074
-0.86545
-1.49428
-1.50582
-3.36268
-1.14533
-3.95783
-0.30195
-2.00238
-2.08277
-0.29941
-2.89130
0.29361
-1.81226
-2.64595
-1.43784
-2.53124
-0.75246
-2.97574
-2.28248
-1.37740
-3.47533
-3.78409
-3.64208
-0.46587
-0.16525
-0.40769
-1.66126
-1.52018
0.21554
-2.99894
-1.01036
-2.13284
-0.89661
-2.54847
-3.27699
-2.64883
-1.88645
-2.61630
-2.97774
-2.54047
-1.83400
-1.11747
-2.10061
-3.69674
-2.12721
-2.44091
-1.55422
-3.42025
-1.53142
-2.73504
-1.91612
-0.92705
-1.19931
-2.26549
0.46365
-1.93181
-1.46524
-3.67898
-1.95291
-2.90522
-1.86311
-0.57585
-2.08042
-3.64426
-2.81636
-0.54299
-1.22729
-1.25012
-2.44330
-1.73205
-2.59347
-1.84864
-2.42631
-1.20834
-1.45991
-2.54700
-1.86711
-2.09368
-2.55479
-0.88483
-2.91087
-3.57216
-2.70604
-1.77174
-3.58711
-1.82437
-2.96599
-3.11179
-1.89935
-0.36774
-0.90305
-2.58655
-2.27025
-1.85178
-2.03048
-3.52454
-1.81724
-2.26195
-3.26462
-1.20375
-0.44331
-0.00833
-3.32320
-0.59169
-2.57258
-2.56242
-2.63587
-1.43447
-4.06283
-0.24751
-0.94660
-0.89961
-3.13895
-0.46242
-3.09280
-3.04012
-2.27730
-1.68622
-1.90004
-1.30635
-3.30329
-3.13710
-1.15344
-2.17998
-1.82649
-0.74590
-1.07564
-3.69171
0.02163
-3.03046
-1.55944
-2.21064
-3.22055
-2.10469
-3.33514
-2.75477
-0.74540
-2.28190
-2.72433
-0.96012
-2.41014
-0.87439
-1.71576
-2.30735
-2.49943
-1.60761
-2.98751
-1.37481
-1.68128
-2.16625
-1.77393
-1.95573
-1.01031
-2.45753
0.05058
-0.87167
-1.37249
-3.11253
-2.51990
-3.00228
-1.87505
-1.88701
-1.04013
-1.03686
-2.33747
-3.89694
-0.43656
-1.55985
-1.37031
-1.43929
-3.78836
-3.10027
-2.46936
-2.39965
-2.31298
-2.25135
-1.56891
-1.83161
-2.26611
-2.08854
0.62097
-3.04396
-3.06871
-1.62607
0.06875
-3.11351
-2.92175
-2.75199
-1.14470
-1.05620
-2.04615
-2.93810
-1.08419
-3.68445
-3.22740
-2.89444
-3.30836
-2.76435
-2.90437
-1.47518
-0.26463
-1.26531
-2.05623
-1.69221
-2.72868
-1.13010
-1.79991
0.18342
-2.60095
-2.97143
-2.08793
-1.39773
-2.51727
-3.66791
1.19253
-2.23190
-3.91726
-2.10904
-1.77916
-2.15815
-2.27145
-1.90579
-0.54850
-3.56779
-2.06505
0.82883
-3.29505
-1.97615
-3.53505
-2.71270
-0.25631
-3.91834
-3.66123
-0.32059
-0.87078
-2.68829
-1.74352
-0.38733
-2.52480
-2.64371
-1.91653
-3.02305
-2.78215
-1.79176
-2.26579
-1.55523
-1.08013
1.15502
-2.48574
-1.24679
0.35210
-0.63132
-1.99681
-3.34925
-3.40183
-2.48558
-1.85186
-2.46855
-2.38565
-3.32112
-2.87728
-3.74747
-1.84407
-1.41159
-3.35728
-1.16409
-3.31408
-2.27918
-1.10353
-1.68110
-1.69150
-1.36969
-3.45654
-1.80767
-3.62117
-1.47708
-2.84501
-2.90176
-2.36016
-2.22073
-2.00726
-0.98020
0.78789
-1.90409
-2.68715
-2.60975
-1.50697
-3.20929
-1.88458
-1.83514
-1.67536
-3.21666
-2.54549
-2.06319
-3.25903
-2.48316
-2.17147
-2.12727
-2.45650
-3.41247
-2.15207
-0.78651
-3.27779
-0.73395
-3.81256
-2.68593
-3.42353
-2.03256
-3.44173
-2.79591
-2.33573
-3.23299
-2.74739
-0.91177
-3.27830
-2.18157
-2.56172
-2.14226
-1.31012
-1.63675
-3.45147
-2.09107
-3.62902
-2.95079
-2.70510
-1.12273
-1.64722
-1.91888
-2.88839
-2.74749
-1.69674
0.34176
-4.10131
-1.99861
-3.90044
-3.46121
-0.10271
-3.30774
-0.75429
-2.90914
-2.97533
-0.28010
-1.84889
-3.02945
-1.09686
-2.86296
-1.25942
-2.16405
-2.18003
-2.61082
-0.49446
-3.49535
-1.26484
-4.05000
-4.24075
-2.77185
-1.64295
-1.23572
-1.28466
-1.85543
-2.25126
-3.36406
-2.95897
-2.43642
-2.95300
-3.77753
-1.26691
-2.43732
-0.34762
0.43695
-2.43136
-1.39529
-3.39893
-1.55869
-2.93619
-0.39732
-2.95829
-3.34938
-3.62301
-3.55222
-2.01636
0.30715
-2.50191
-1.87221
-2.21209
-2.62260
-1.66118
-1.48128
-2.09057
-2.33095
-1.34722
-3.36259
-2.75509
-1.59710
-2.56510
2.18235
-2.19426
-2.88703
-2.74524
-2.38774
-2.26824
-0.97677
-2.04907
-3.20778
-1.88284
-0.66750
-1.90821
-1.44324
-1.20211
-2.38240
-1.14185
-3.15343
-2.51559
-2.80108
-1.88396
0.09768
-2.70932
-1.59231
-2.60346
-2.43019
-2.24638
-2.20905
-3.15212
-2.27150
-1.60509
-3.63455
-0.96393
-1.32641
-1.89484
-2.49579
-1.81140
-1.43375
-2.98677
-2.59170
-1.76863
-3.03286
-2.69495
-2.28738
0.07469
-2.69333
-1.66731
-1.24341
0.90116
-3.44201
-1.54537
-2.87234
-2.77382
0.59010
-2.53263
-1.72635
-3.27935
-3.48868
-2.77020
-1.80280
-1.96639
-2.47337
-0.41931
-1.36845
-2.36980
-3.06452
-1.79663
-3.50869
-2.94363
-4.35634
-2.68234
-4.07140
-0.69158
-2.20422
-1.83389
-2.87973
-1.08839
-1.77259
-2.56354
-3.18671
-1.65049
-1.82718
-0.87196
-0.87790
-2.65691
-3.46097
-2.93194
-1.91664
-1.94930
-2.49469
-3.17059
-1.65785
-1.63249
-2.32492
-2.94019
-1.06725
-2.08526
-2.15456
-2.98481
-1.94930
-1.26737
-1.12463
-0.82588
-2.93406
-0.92015
-3.76911
-2.60486
-1.46819
-0.58693
-1.56192
-2.07056
-0.47264
-1.41021
-2.09805
-2.52545
-2.26314
-1.42791
-3.41189
-1.87799
-0.98837
-1.62388
-2.37284
-2.47363
-2.76028
-2.91588
-3.05456
-2.22457
-2.49666
-1.38429
-3.26663
-1.76260
-1.55164
-1.24055
-1.90726
-2.48123
-1.59615
-1.98941
-0.99515
-0.53770
-1.25682
-0.34695
-2.46661
-1.86819
-3.12736
-2.26155
-2.19957
0.80372
-1.06428
-1.58449
-1.96126
-2.74464
-3.79654
-0.89048
-3.06430
-2.08294
-2.24648
-2.57831
-2.92022
-1.96396
-1.82814
-2.17207
-0.67191
-0.92109
-3.31906
-3.33475
-3.18789
-1.05650
-2.93104
-1.26056
-2.82775
-2.75343
-1.93388
0.89531
-0.65816
-2.52953
-0.56358
-0.11308
-1.84403
-2.60323
-1.31415
-1.46013
-1.49488
-1.86390
-1.70072
-2.24778
-2.88311
-0.76575
-1.29549
-1.55861
-2.36101
-2.72897
-3.42104
-2.18084
-0.14307
-1.64754
-3.52911
-2.06934
-0.90093
-2.92582
-1.60399
-1.76309
-3.60001
-3.37307
-2.67956
-3.38900
-3.59818
-2.32716
-2.52372
-3.26174
-3.53335
-1.13584
-0.63786
-1.41408
-0.38462
-1.93317
1.03834
-4.44654
-1.92786
8.52318
0.24625
-3.13808
-3.07775
-2.16815
-1.34688
-2.40250
-2.28143
-2.63651
-2.72810
-1.18559
-3.20446
-3.22390
-3.36947
-1.29423
-1.49507
-1.34945
-1.63319
-1.58534
-3.12669
0.96964
0.31258
-2.83425
-3.05806
1.45354
-1.16371
-2.43355
-1.85208
-1.69549
-0.42828
-2.11412
-1.95172
-4.23088
-3.72325
-1.89565
-1.45888
-0.91278
-1.94360
-3.76860
-1.14115
-2.75456
-3.49144
-2.11297
0.01264
-0.65891
-2.76348
-2.11323
-0.64232
-2.81973
-2.99558
-1.79957
-3.07586
-1.98369
-2.20045
-2.68414
-3.04202
-2.55378
-2.47635
-2.92962
-1.24706
0.01913
-2.15511
-2.31187
-2.68842
-2.49623
0.20347
-1.06784
-2.42611
-3.38496
-1.39319
-0.43725
-0.26631
-2.45003
0.90465
-2.68447
-2.30763
-2.57788
-2.87835
-2.18996
-1.93454
-1.86837
-2.88282
-2.66117
-3.46527
-1.74415
-1.39104
-1.78291
-3.07760
-1.52483
-1.20574
-3.35743
-3.81138
-1.15835
-3.89985
-3.20472
-2.82020
-0.92537
-3.12568
-3.63009
-1.60804
-2.92912
-2.74411
-3.16981
-2.07101
-3.42019
-0.04231
-3.29240
-3.13590
-3.28444
-2.16889
-1.75750
-1.02846
-1.86022
-0.59985
-2.81386
-0.05724
-1.30561
-0.88816
-3.74089
-2.48344
-1.84374
-2.03100
-3.53246
-2.70342
-3.05253
-1.61792
-2.64447
0.02574
-3.21031
-1.64620
-1.99272
-1.80911
-2.96897
-1.48454
-1.15358
-3.33293
-1.90651
-0.69952
-2.02642
-2.24641
-1.02805
-3.61355
-2.02110
-2.22924
-2.63189
-2.77512
-2.26390
-0.37000
-2.79130
-2.26158
-1.79908
-1.06649
-1.03570
-2.49677
-2.71732
-2.51216
-0.69543
-1.05695
-1.76237
-3.12300
-2.68433
-1.60785
-0.57492
-1.80300
-2.97164
-2.76198
-1.94843
-1.76631
-0.28981
-3.11267
-0.52456
0.78538
-3.93257
-1.64592
-3.01760
-2.05874
-1.74170
-3.22962
-3.39971
-0.50476
-2.09620
-1.20606
-1.24590
-2.83414
-2.16529
-1.53206
-2.66204
-0.50508
-0.07294
-3.18534
-2.38537
0.12409
-4.36203
-4.44241
-2.31365
-4.14612
-2.18297
-1.09125
-2.12389
-0.78787
-0.32321
-2.44132
-2.66437
-2.93784
-2.40055
0.01458
-3.27951
-2.71065
-2.11857
-2.04710
-0.82660
0.26069
-1.52911
-3.16969
-2.64128
-0.75611
-2.96653
-3.32541
-3.23336
-2.52271
-0.70988
-2.09170
-1.33373
-2.22797
-1.42791
-2.22772
-3.07275
-1.33864
-1.43732
-2.06127
-2.07944
-2.55294
0.23521
-1.78454
-2.57124
-2.55910
-3.16131
-3.29108
-2.27633
-0.22255
-2.72009
-0.74034
-3.61247
-2.38967
-2.83198
0.95113
-2.81674
-1.88278
-1.53488
-2.45288
-1.63832
-2.51175
-1.73634
-3.26917
-2.18194
-1.64781
-2.53124
-3.10527
-3.01677
-1.82188
-0.79406
-2.10017
-2.13179
1.11215
0.50397
-2.56700
-2.05025
-2.98970
-2.73571
-1.73795
-1.03120
-1.30962
-2.58713
-2.78400
-0.88270
-1.77078
-2.81809
-1.36484
-0.35522
-2.24844
-2.70443
-0.13655
-0.31612
-2.05521
-1.21049
-1.89565
-2.81221
-3.44476
-0.15935
-1.97161
-3.04164
-1.49347
-3.31295
-2.06994
-0.58569
-1.22557
-2.64878
-3.34973
-2.55237
-0.36887
-3.33857
-4.16188
-3.21348
-3.68777
0.32139
-2.99682
-1.63159
-0.78756
-3.38851
-1.10271
-3.07494
-2.52683
-2.97645
-2.15042
-0.80460
-1.60856
-2.89519
-0.72685
-1.25869
-0.72986
-2.46247
-1.53115
-1.30850
-3.41094
-2.38805
-2.64655
-0.76655
-3.90605
-2.30295
-2.59073
-2.86312
-0.76964
-3.59927
-2.58208
-1.55800
-3.50918
-1.53469
-1.80850
-0.43820
-2.64883
-1.28580
-3.35215
-2.79700
-2.04127
-1.65643
-2.06223
-3.39951
-3.78333
-2.52218
-1.84461
-2.41054
-1.31173
-1.58654
-3.15127
-3.13231
-2.89612
-1.66830
-1.67654
-2.80126
-2.38635
-2.38556
-2.98949
-2.33043
-2.57357
-1.78652
-1.46318
-0.29814
-4.13785
-2.21083
-0.96633
-2.96714
-0.56433
-1.46820
-0.44640
-4.21973
-3.03732
-1.40339
-1.37922
-2.67569
-3.45091
-2.61824
-0.42480
-3.10044
-0.99943
-3.45522
-4.17754
-0.17172
-2.29839
-1.74144
-2.38267
-2.59810
-2.56523
-3.24593
-3.83769
-2.86138
-0.58501
-1.64266
-2.35047
0.05064
-1.93254
-3.22603
-2.05314
-0.04728
-1.78331
-2.04991
-3.62096
-1.44562
-1.72030
-3.71248
-2.25127
-0.90987
0.11816
-4.12568
-2.68998
-1.84408
-2.07289
-2.15342
-0.90094
-1.01741
-3.20122
-1.65691
-2.73465
-2.34133
-1.90110
-1.89106
-1.66812
-2.02791
-1.69769
-2.22970
-2.04257
-2.99213
-2.69510
-1.61947
0.43082
-3.00137
-1.82808
-2.85184
-3.63146
-2.24301
-2.06265
-1.94957
0.33932
-2.14228
-1.71040
-0.58334
0.09463
-3.04635
-3.13025
-1.76303
-0.92385
-2.88952
-3.68015
-4.37061
-2.75632
-2.74024
-3.05719
-2.36608
-2.76439
-1.45590
-0.75899
-2.82435
-0.36074
-0.64212
-2.10066
-2.60116
-3.72047
-3.15640
-1.89355
-3.61273
-2.27211
0.80375
-2.11798
-1.58862
-2.89952
-3.11005
-3.16305
-1.97850
-2.29980
-3.20538
-2.45011
-2.97640
-3.18810
-1.63597
1.53730
-2.72905
-2.60433
-2.68358
-1.49680
-2.94748
-1.55559
-3.39447
-0.14634
-1.40947
-2.92847
-3.34784
-0.24511
-0.84591
-2.03528
-1.86907
-1.55422
-2.03125
-1.35146
-3.42745
-1.75196
-2.15530
-0.54323
-1.64218
-3.46140
-1.19727
-3.29117
-2.61557
-3.26251
1.04720
-2.68210
-2.74512
-1.60685
-0.10894
-2.12704
-4.44228
-0.42696
-4.19386
-0.71310
-3.86035
0.03033
-0.32976
-1.39327
-1.90392
-3.52013
-3.09128
-3.21309
-2.75950
-2.24616
-1.86074
-3.37218
-2.92814
-2.91992
-2.80217
-1.72066
-2.06409
-2.54475
-0.14517
-2.29465
-3.09065
-1.88472
-2.39141
-3.59640
-3.29903
-2.14228
-1.69655
-1.67598
-2.98208
-3.19391
-3.41565
-1.84471
-1.67278
-2.29212
-4.07226
-1.43901
-2.99017
-3.85708
-2.20360
-3.49952
-2.51318
-1.64340
-2.44278
-0.12571
-1.11887
-1.58041
-2.12025
-0.24405
-2.19375
-2.19528
-3.05648
-3.34263
-1.80924
-2.97933
0.03941
-0.99088
-1.62616
-2.02486
-2.75886
-2.63964
-0.16810
-0.89049
-2.57177
-0.60963
-3.43456
-3.33168
-2.99756
-2.04307
-1.48046
-3.10074
-3.36587
-2.10330
-3.56805
-2.24803
-1.64448
-2.08467
0.42768
-3.06619
-2.11389
-2.01189
-1.14983
-1.10914
-1.16358
-3.80567
-2.38909
-2.67172
-2.14066
-3.19187
0.03181
-2.45630
-2.33570
-3.00819
-3.63678
-2.36679
-3.66847
-3.50406
-2.09897
-1.67785
-1.11808
-2.66991
-4.43464
-1.97445
-1.84469
-0.82469
-2.78821
-1.58512
-0.61912
-1.03728
-2.99627
-4.17743
-3.41336
-0.59237
-2.86259
-0.92332
-1.37609
-2.55942
-1.86907
-3.36793
-1.26909
-2.67675
-3.06141
-3.39695
-0.97699
-1.24433
-1.67875
-2.84339
-1.92202
-3.09524
-2.19109
-1.25388
-0.28520
-1.32620
-1.70826
-2.68955
-2.60544
-2.37646
-3.50688
-2.75399
-1.92054
-2.61077
-2.83201
-2.97628
-2.74401
-3.39233
-1.10351
-1.15722
-2.68155
-2.07548
-0.55201
-3.10611
0.20739
-3.28903
-3.23835
-0.42471
-1.58831
-0.31545
-3.53792
-2.65202
-0.90730
-2.20887
-3.30475
-3.90128
-2.00426
-2.70258
-0.13238
-2.45422
-1.66353
-0.17567
-2.70020
-1.44241
-1.66841
-2.61882
-3.10843
-0.43304
-2.11614
-2.94074
-1.06535
-1.29275
-1.85746
-2.63049
-1.55112
-2.39816
-1.42597
-0.78571
-1.29512
-0.84138
-2.57164
-2.14539
-1.59781
-1.31671
-2.68347
-2.94121
-2.13565
-0.90569
-2.90298
-2.72992
-1.57814
-3.04544
-1.40671
-0.46477
-0.44381
-3.53610
-1.14855
-1.30521
-3.60546
-0.49293
-3.07520
-1.57603
-2.09019
-1.10510
-3.51973
-2.34357
-1.83117
-1.65028
-2.08284
-1.52049
-1.86902
-1.00887
-2.69880
-1.42171
-2.33595
-3.33158
-1.81766
-0.97417
-3.75765
-4.11108
-0.53527
-2.11957
-2.55575
-2.18920
0.57012
-2.16054
-0.56855
-3.20648
-3.01933
-1.43689
-1.60738
-2.73320
-2.67655
-3.50932
-1.38936
-1.15159
-3.50318
-2.81879
-1.02155
-2.32488
-1.78005
-2.30158
-0.63618
-2.11749
-0.78803
-2.62621
-2.06793
-3.13507
-1.87263
-2.40167
-0.94298
-2.12818
-0.68784
-2.16447
-1.18319
