-1.70621
-0.47539
-2.80416
-3.92362
-3.06400
-4.08136
-2.95074
-3.28668
-3.05776
-3.94386
-3.19173
0.08251
-3.33431
-3.24558
-4.27068
-2.58837
-3.78918
-3.92310
-2.46798
-4.35253
-2.09877
-2.30324
-2.97679
-2.42625
-2.73364
-2.70283
-2.24534
-3.13452
-2.51489
-3.47792
-2.58721
-2.19295
-3.70855
-2.37796
-2.95670
-2.59624
-2.57573
-1.58830
-2.30422
-2.23382
-2.68397
-3.09446
-1.63634
-2.05756
-1.01901
-2.92640
-0.64171
-3.63624
-0.86949
-3.32906
-2.27456
-2.53913
-1.63375
-2.69081
-3.29501
-2.68000
-3.55989
-3.63686
-3.20595
-3.46523
-3.36101
-0.80776
-3.86722
-2.59291
-1.45397
-1.79470
-3.21378
-3.57443
-3.06200
-2.68668
-2.93387
-0.65474
-2.07354
-4.20715
-2.22297
-2.99907
-2.16308
-2.99988
-2.81969
-1.66997
-2.26838
-2.84009
-2.15968
-2.72567
-2.17926
-2.24542
-0.48806
0.50763
-1.51190
-1.59077
-1.76503
-3.56379
-3.53594
-2.57013
-1.50582
-1.14533
-3.95783
-1.43784
-3.78409
-0.46587
-2.64883
-2.54047
-2.44091
-3.42025
-2.73504
-3.67898
-1.95291
-2.59347
-1.84864
-2.91087
-1.77174
-2.96599
-3.52454
-2.26195
-2.56242
-3.09280
-1.30635
-1.15344
-3.22055
-3.33514
-2.41014
-1.60761
-0.87167
-1.88701
-2.33747
-3.78836
-2.46936
-3.06871
-2.93810
-2.76435
-1.47518
-2.60095
-1.39773
-2.10904
-1.90579
-1.97615
-3.53505
-2.78215
-1.79176
-3.34925
-2.46855
-3.74747
-1.16409
-1.80767
-2.90176
-2.36016
-1.88458
-3.41247
-3.81256
-3.42353
-3.44173
-3.62902
-2.70510
-1.69674
-3.90044
-3.46121
-0.10271
-4.24075
-2.77185
-2.95897
-3.77753
-1.26691
-3.34938
-3.55222
-2.75509
2.18235
-0.66750
-2.80108
-1.88396
-2.43019
-3.63455
-1.43375
-2.69495
-1.54537
-2.53263
-1.80280
-4.35634
-0.69158
-3.18671
-3.46097
-1.65785
-2.98481
-1.94930
-2.93406
-0.58693
-1.87799
-2.91588
-1.38429
-2.48123
-1.86819
0.80372
-1.96396
-0.67191
-1.05650
-1.46013
-1.49488
-2.36101
-2.72897
-2.18084
-0.90093
-2.67956
-2.32716
-0.38462
0.24625
-3.07775
-2.63651
-1.34945
-1.58534
-3.05806
-4.23088
-2.75456
-2.11297
-2.81973
-2.20045
-3.04202
-2.47635
-2.68842
-2.42611
-2.87835
-3.81138
-2.82020
-2.74411
-2.07101
-2.16889
-1.84374
-2.70342
-3.21031
-1.64620
-1.48454
-0.69952
-2.77512
-0.37000
-2.51216
-2.97164
0.78538
-1.64592
-1.74170
-2.66204
-4.36203
-2.31365
-0.32321
-2.93784
-2.04710
-3.23336
-2.22797
-1.42791
-2.07944
-3.61247
-2.38967
-1.73634
-2.18194
-1.82188
-2.98970
-2.73571
-2.78400
-0.15935
-1.49347
-3.34973
-3.21348
0.32139
-2.52683
-1.60856
-1.53115
-3.90605
-2.59073
-2.58208
-2.64883
-2.06223
-2.52218
-2.89612
-1.66830
-2.57357
-4.13785
-1.40339
-2.61824
-4.17754
-3.83769
-2.86138
-0.58501
-1.72030
0.11816
-2.68998
-3.20122
-2.99213
-3.63146
-2.06265
-4.37061
-2.75632
-2.74024
-3.72047
-3.61273
-3.16305
-2.97640
-2.68358
-1.40947
-2.03528
-1.75196
-3.29117
-2.68210
-0.42696
-1.39327
-3.21309
-2.91992
-1.72066
-1.88472
-3.41565
-1.43901
-2.20360
-1.64340
-0.12571
-3.34263
-3.43456
-2.99756
-2.24803
-1.14983
-3.80567
-2.09897
-1.97445
-4.17743
-3.36793
-3.06141
-2.19109
-3.50688
-2.97628
-2.74401
-3.23835
-2.20887
-1.66841
-1.55112
-0.78571
-2.94121
-3.04544
-1.40671
-3.07520
-2.34357
-1.00887
-0.53527
-2.11957
-1.60738
-3.50932
-3.50318
-2.11749
-1.87263
