-3.11748
-1.51873
-1.92094
-4.23158
-3.46961
-3.53494
-2.73606
-3.54552
-2.51907
-1.93676
-2.16547
-2.20043
-1.94434
-4.48487
-2.18042
-4.71223
-3.96255
-4.12306
-2.98359
-0.13763
-0.97663
-4.49156
-3.59601
-4.79285
-4.05065
-2.36396
-2.39845
-2.49328
-0.54414
-3.74712
-3.34320
-3.06801
-1.94425
-2.41058
-0.15411
-2.30448
-3.22971
-1.81666
-2.15266
-1.74708
-3.33063
-2.12980
-3.81313
-3.99597
-1.37893
-3.01138
-2.56695
-3.46969
-2.24344
-4.01010
-3.51307
-1.03495
-2.91096
-2.89066
-4.53754
-2.40453
-2.21516
-3.12327
-2.13588
-2.16896
-2.31536
-3.08588
-2.79727
-4.98826
-3.31680
-2.94122
-3.63773
-2.37326
-3.76905
-0.78504
-3.07820
-4.44044
-3.55260
-3.72662
-4.41426
-3.09758
-3.13602
-1.20468
-2.89946
-4.63065
-0.74928
-2.57713
-3.65339
-4.29167
-2.44096
-1.92540
-1.76752
-4.00989
-1.96443
-2.97874
-1.87988
-5.16818
-4.53274
-2.42417
-3.58176
-4.21612
-1.20614
-1.78923
-1.66421
-0.98226
-1.86909
-0.07514
-3.35884
-2.27476
-2.12839
-3.01585
-1.63463
-1.41184
-1.38831
-2.95746
-3.67750
-3.67818
-4.12295
-3.37257
-2.80332
-1.21552
-2.12414
-3.52204
-3.73614
-1.81610
-3.37313
-4.30114
-0.92122
-4.08303
-2.63796
-0.84446
-3.91975
-2.40102
-3.59804
-4.71686
-0.25082
-2.70294
-3.35652
-2.13384
-1.62931
-3.94756
-3.07161
-1.54427
-2.31595
-2.80670
-2.47336
-3.73803
-3.88732
-3.58018
-2.59925
-2.05699
-4.14284
-3.67628
-2.62671
-4.85941
-3.38601
-2.57901
-3.06444
-0.94109
-4.43855
-2.48808
1.08044
-2.72077
-3.57206
-3.99479
-2.81383
-2.15149
-2.60901
-3.24826
-2.93597
-1.05547
-1.83952
-3.07863
-1.74909
-2.53264
-3.31503
-1.92903
-3.45188
-4.30635
-0.31045
-3.83882
-2.20836
0.30286
-2.20512
-3.96582
0.14668
0.65552
-0.12489
-3.55752
-1.53425
-1.23101
-2.32639
-0.96175
0.29865
-0.77085
-1.99598
-3.51722
-1.76964
-0.25696
-1.17992
