2.59696
7.61032
3.84448
6.69089
2.01251
5.90624
1.30583
7.35044
2.39072
3.39039
5.41082
4.37243
2.68861
5.05193
4.26974
6.27637
3.42899
0.42756
7.61032
4.33573
7.61032
3.94503
4.67922
2.23553
0.75814
7.61032
0.01126
3.60251
7.61032
2.97329
2.60928
1.41176
2.08332
1.92460
7.61032
-0.52504
3.54146
2.46335
1.96505
3.95715
6.49029
3.39903
-0.52039
3.13185
0.12494
5.76520
1.40613
2.60206
5.93378
0.14118
1.11668
4.04090
2.50226
-1.27561
0.26193
6.64346
4.78825
1.88336
2.59689
3.83636
7.61032
4.82297
1.40290
7.10069
2.78731
5.13026
6.33728
7.61032
7.61032
0.15456
5.48773
2.00983
-0.02481
7.61032
4.23692
7.61032
7.46490
5.96772
4.32304
5.68008
3.11436
4.35606
5.82591
2.34578
5.67160
4.41614
-0.00967
-0.22732
3.54460
4.89921
-0.13202
7.61032
4.14021
7.61032
0.16153
1.84501
4.83459
4.01698
1.49453
3.05097
3.31940
2.74109
1.43290
0.45475
4.07272
1.49649
1.92698
-1.88935
4.45167
4.42987
1.35455
5.31671
7.61032
5.10031
4.09236
1.58516
6.81531
6.22433
3.31651
0.79719
2.90885
7.61032
1.88892
7.38048
4.88911
-0.45219
6.51182
1.93093
4.40408
7.38905
3.52138
2.90236
5.27814
5.83531
3.55707
6.88009
-0.49467
0.35610
3.10826
7.61032
3.87345
2.68836
3.37934
0.77950
4.65924
4.38898
2.07346
4.89561
-0.95789
0.88622
2.54232
3.31471
3.97748
3.43092
5.20321
4.41357
3.23906
2.04996
1.84426
-0.65405
4.69963
3.20142
3.44359
0.14921
7.61032
-0.41667
6.03500
3.92797
2.41806
5.86830
7.61032
7.59756
2.07563
4.93209
4.76238
0.41777
1.38255
5.63605
2.84491
1.12755
0.41181
0.88784
7.61032
4.10012
4.11274
3.18692
0.53665
1.76181
3.21381
0.63338
1.01514
2.57756
4.58472
0.62925
-2.20186
0.80612
2.61619
4.20962
1.72539
