-3.67391
-3.13408
-3.32796
-1.72697
-2.04838
-4.47359
-4.51368
-4.25402
-3.60348
-2.01780
-1.84801
-1.91730
-1.43264
1.63708
-2.32591
-0.90590
-2.03498
-1.74033
-1.86881
-1.97492
-2.41940
-1.87198
-2.07238
-0.82871
-1.77582
-1.16941
-0.97258
-2.38146
-3.31788
1.12155
-2.06433
-0.91259
-1.31583
-1.50650
-3.70568
-0.30881
-1.35858
-3.82727
-0.83688
-3.40449
-1.74062
-1.84241
0.63680
-2.39223
-2.35997
-1.00751
-3.42994
-2.44424
-2.56355
-0.47449
-0.28705
-4.07533
0.09520
-0.85355
-3.57972
-3.13900
-3.15353
-2.36096
-3.26593
-2.66187
-0.92677
-0.99082
-3.00445
-3.17673
-2.93467
-4.06717
-0.76534
-0.88012
-2.36502
-2.11410
-0.43280
-2.41736
-2.24978
-3.09136
-5.06467
-3.65812
-1.78840
-1.47380
-3.49702
-2.74337
1.45442
-1.65696
-2.42016
-2.50383
-1.00338
-0.71109
-1.86515
-1.85049
-1.01087
-4.38565
-3.08500
-2.57520
-4.69858
-3.21405
-0.47850
-2.19817
-1.92948
-4.14444
-3.31928
-0.70025
-0.45415
-1.46770
-0.50065
-0.63215
-1.85038
-0.65319
-0.01947
-3.15438
-3.29018
-2.33701
-0.50438
0.34980
-1.85374
-0.33054
-2.01425
-1.02088
-2.53236
-2.83741
-0.60223
-2.37971
-2.54370
-1.29877
-3.09364
-2.65759
-2.62122
-0.72771
0.44550
-1.24858
-1.91874
-1.35692
-1.82843
-2.68168
-0.16302
-4.39158
-1.87846
-2.59263
-4.20573
-3.08200
1.78806
-2.38996
-2.47654
-0.03789
-2.40366
-2.91319
-2.89113
0.45555
-3.04413
-1.67993
-3.02813
-2.64416
-1.14278
-2.16369
-2.75511
-2.36988
-0.87261
-2.92208
0.93686
-3.40026
0.88944
-0.80399
-2.70399
-2.22944
-1.76529
-3.53341
-3.72614
-2.09670
-1.61383
2.53842
-3.69602
-1.52449
-2.96632
-4.08662
-0.43243
-0.91646
-3.09592
-1.22284
-3.68502
-3.34304
-3.59939
-1.92361
-1.80458
-4.95210
-1.40970
-0.62572
-2.53025
-3.40754
-1.90869
-1.59730
-0.54549
-0.89453
-4.02987
-2.09464
-2.95500
-1.58702
-0.89531
-1.76880
0.14183
-1.09890
-0.50725
-0.61758
-1.48717
-1.08789
-1.93215
-4.40003
-0.81997
-2.91587
-0.20294
-1.13134
0.05402
-3.70429
-1.04811
-1.74662
-2.50818
-3.23608
-0.90839
-2.51375
0.77839
-1.74515
-3.44053
-1.90626
-0.93420
-1.94183
-1.79713
-1.92443
-0.77557
-4.30968
-0.43059
-1.92753
-3.55907
3.99103
-4.88432
-1.74450
-2.97494
-2.96159
-3.73074
-3.18469
-2.75597
-1.07873
0.14343
-1.22205
-3.03056
-0.59423
-2.42705
-2.89990
-2.60987
-0.78286
0.24779
-0.70723
-2.67417
-2.29455
-0.27821
-2.67338
-0.11031
-2.96096
-0.75153
-1.62150
-2.25471
-0.82426
-1.97410
-0.59918
-2.17909
-2.61605
-0.35982
-1.39025
-1.76623
-2.61180
-0.14403
-2.60588
-4.63838
-1.39951
-2.95536
-1.70720
-1.35510
-3.90981
-2.03021
-3.27364
0.06608
-1.43077
-3.81390
-1.74215
-1.31104
-2.57506
-2.12125
-3.80812
-1.20228
-3.30947
-1.14016
-1.44232
-1.51519
1.10026
-2.68337
-2.55621
-2.62446
-2.05640
-1.27095
-2.09596
-3.55624
-2.40173
-2.32859
-2.80763
-1.78286
-1.14662
-0.96301
-1.43840
-2.68066
-2.50790
-0.34250
0.09545
-0.25477
-0.95668
-1.46442
-3.35860
0.39465
-4.11718
-3.96112
-1.46394
-3.50974
-0.90265
-0.35716
-2.02592
-0.00059
-0.94211
-3.07699
-2.91393
-3.20304
-3.39535
-1.34266
-3.43278
-0.45838
1.84975
-2.47800
-3.41312
-1.65916
-3.01949
-1.62551
-0.67506
-0.84006
-3.07352
-0.97205
-2.44152
-2.50162
-0.88725
0.49515
-2.87294
-0.73892
1.56993
-1.78976
-0.74211
-0.97368
-2.20153
-3.91403
-3.17921
-1.34610
-2.25087
-2.88180
-1.17303
-2.61620
-1.90939
-1.43051
-1.48860
-1.72411
1.09248
-4.91217
-1.35982
-2.04498
-0.97327
-2.90565
-1.90745
-0.37660
-1.37513
-3.80370
-1.90092
-2.43896
-4.42315
-4.03383
-4.06603
-0.16124
-1.89567
-1.97020
-3.19300
1.25686
1.23463
-0.10840
-3.05678
-1.77609
-0.92779
-3.00856
-2.65023
-2.75876
-0.25727
-2.61892
-1.01450
-4.10490
-3.17484
-0.52389
-3.53859
-0.34526
-3.16861
-4.62607
-1.29692
-1.96572
0.27003
-3.40426
-2.71490
-0.64967
-1.27103
-1.57174
-3.52119
-2.13652
-1.73475
-2.06735
-2.35695
-4.41818
-0.02720
-1.84493
-4.15187
-3.04672
-1.15011
0.37932
-3.11725
-2.73744
-1.22427
-3.70244
-1.57080
-0.43090
0.74204
-4.59331
-0.17060
-3.47554
-2.90935
-3.83437
-2.43780
-2.37809
-2.47848
-1.41261
-2.46935
-2.57283
-0.27109
-1.95292
-3.27317
0.97119
-2.90270
-0.30739
-1.94816
-2.50055
-1.89450
-2.05486
-2.89258
-0.32175
-3.75053
-0.44246
-1.70671
-0.45997
-2.01533
-3.06483
-0.63125
-2.25028
0.59133
-3.72664
-2.52462
-0.46847
-3.33746
-1.20448
-1.26875
-1.55358
-2.24815
-2.20767
-1.40290
-0.63744
-3.06829
-1.34292
-3.09792
-0.27511
-1.28434
-1.23586
0.07413
-2.20984
-3.72752
-1.76331
-1.69833
-1.53293
-2.19766
-0.88465
-3.15097
-3.64712
-3.75127
-3.04172
-2.68802
-2.59099
-1.24028
-4.05761
-1.78403
-0.93688
-1.83811
-1.26687
-1.09008
-0.29070
-2.65598
-4.28693
-1.80114
-1.74519
-2.77180
-1.40825
-1.54563
1.20443
-0.66846
-2.64628
-3.19747
-1.88917
-1.45178
0.42411
-3.54723
-2.99982
-0.86297
-4.16013
-1.66558
-1.85095
-5.11763
1.41177
-1.73106
-1.03960
-0.96847
-2.42374
-1.99511
-3.52063
-3.85716
-4.42246
-0.97004
-2.28837
-0.45075
-1.50837
-1.08336
-2.92255
-3.30350
-2.46447
-3.29111
-2.86874
-3.57602
-1.10362
-0.48405
-2.14565
-2.32931
-1.16330
-1.69186
-1.02669
-2.79392
-1.96343
-3.35316
-3.38801
-1.28092
-2.30262
-3.16744
-3.31707
-4.95109
-1.59907
-1.17543
-1.52641
-1.14570
-2.37392
-1.76476
-3.87413
-1.84549
-1.63844
-1.22540
-1.25701
-1.56380
-2.09436
-3.87849
-2.90643
0.19228
-1.41621
-4.01145
-2.75544
-1.45195
-0.10518
-0.23138
-1.96402
-3.11741
-0.66802
-1.61721
-4.62525
-3.95627
-1.81805
-1.93283
-1.21426
-0.88675
-1.01577
0.40600
-0.98522
-4.23803
-3.16069
-1.79642
-3.14164
-1.45351
-2.42846
-1.37561
-0.50304
-3.36988
-2.75017
-2.48360
-2.04567
-3.17377
-2.28015
-4.10219
-3.38435
0.37967
-3.81045
0.19093
-2.76217
-3.00589
-2.89749
-1.55068
-2.83524
-0.07665
-3.15535
0.16528
-0.44703
-1.46468
-1.72864
-2.69253
-1.39152
-2.48295
-1.55274
-2.24064
-0.24667
-2.21179
-1.26786
-0.57189
0.24633
-0.95138
-1.14739
-1.14791
-1.73038
-0.15519
-3.55278
-2.13964
-2.48984
-1.46891
0.05020
-3.54923
-1.08805
-3.91827
-2.97895
-4.09421
-1.83912
-1.54210
-3.31222
-2.23863
-3.17609
-1.43282
-0.23732
-0.56150
0.92576
-1.87448
-1.71628
-1.03579
-1.82650
-1.93063
-3.24238
-2.97746
1.87733
0.25725
-3.29387
-1.01771
-1.12412
-1.91850
-0.88834
-2.14289
-2.48787
0.06294
0.11739
-0.09630
-0.87628
-1.44198
-2.22777
-1.64869
0.09871
-0.30126
-4.72968
-3.21922
-1.98036
-0.88607
-1.24462
-2.50155
-3.70483
-1.38782
-2.76773
-2.44947
-1.29755
-0.54173
-2.39537
-2.10086
0.46026
-1.44721
-1.51775
-1.97087
-3.04393
-3.40794
-1.19195
-2.79906
-2.92960
-3.71710
-1.44300
-0.77198
-0.42636
-3.04872
-4.29704
-3.06597
-2.33012
-1.73121
-3.01393
-3.63292
-1.52093
-0.84504
-3.32436
-3.27324
-1.89941
0.40278
-3.07126
-2.57704
-1.98397
-1.28414
-0.55834
-2.65900
-0.82629
-2.55024
-3.94517
0.94564
-1.83736
-0.53977
-0.52244
-1.72116
-0.41939
-2.42713
0.02849
-1.88283
-3.13355
0.82759
-3.67568
-2.20756
-1.07439
-1.44469
-2.22267
-0.36246
-2.77606
-1.52477
-3.73807
-3.90312
-3.93703
-1.81868
-3.99894
0.49145
-2.53080
-3.40870
-3.29418
-0.43608
-3.43285
-2.96220
-0.56266
-0.15252
-3.28383
-3.01832
0.17460
-2.83167
-1.83882
-1.11911
-0.11982
-1.48411
-0.24733
-3.36192
-1.92110
-3.24411
-2.49576
-2.42821
0.10955
-2.83941
-2.01828
-0.46021
-0.91056
-0.79238
-0.16026
-1.56066
-2.31492
-1.94277
-0.85713
-1.76747
-0.02659
-4.04364
-4.32856
-1.56549
-1.98618
-1.83519
-3.02212
-4.01501
-2.76354
0.33804
-2.63544
-2.33072
1.78326
-3.95537
0.42683
-1.57389
-3.21448
-1.15314
-2.88147
-1.41792
-1.29706
-2.36098
0.47482
-0.20974
-0.96993
-3.02837
-1.59790
-0.49325
-1.91254
-3.81267
-0.42970
0.65326
-1.64906
-2.62776
-1.18190
-3.39048
-4.19816
-2.73678
-1.02713
-3.65052
-1.40355
-2.57688
-1.21547
-0.81408
-3.42728
-3.49110
-0.38612
-2.18048
-2.87389
-2.24311
-2.88908
-2.45880
-1.48127
-1.05667
-3.65950
-1.07196
-1.81017
-2.10529
-3.37083
-2.48925
-2.14386
-1.39986
-2.37455
-1.46988
0.48491
-3.36941
-1.62348
-0.92966
-4.13228
-2.33425
-0.39322
-1.47713
-4.08849
-2.75784
-2.58726
-0.73334
-0.69922
-0.84717
-2.53895
-1.47825
-1.69580
-0.51258
-2.47869
-1.67413
0.57318
-1.69062
-2.52317
-1.24967
-2.73748
-1.43005
-2.01226
-1.79553
-1.40370
-1.42681
-2.28946
-1.21817
-0.98084
-2.00288
-2.91245
-3.13718
-0.69982
-2.27863
-2.26162
-2.57403
-0.60215
-1.15729
-3.25578
-1.78245
-2.00763
-1.19891
-1.21241
-2.63634
-4.03290
-1.65610
-1.52854
-1.71734
-3.68183
-0.12023
-3.63522
