-3.38545
-3.18169
-4.47769
-2.93003
-2.64393
-3.24247
-3.88381
-3.39938
-3.58240
-3.42962
-2.29818
-4.91497
-4.97994
-2.52670
-4.76559
-2.10640
-5.28568
-4.75243
-3.68691
-0.77014
-4.47791
-3.23393
-2.19942
-4.40430
-1.48958
-2.24431
-3.33833
-4.10803
-3.46046
-2.40785
-3.39402
-3.85542
-2.51217
-4.68447
-3.83788
-4.45602
-3.77089
-3.33744
-3.16608
-3.72625
-4.90287
-4.42217
-4.54715
-3.24687
-4.49921
-4.10963
-4.26908
-4.57186
-3.64821
-4.66555
-4.11401
-3.76875
-4.29552
-4.31527
-2.42265
-3.27100
-4.57955
-3.75450
-3.08232
-0.66518
-3.98992
-3.58942
-4.41917
-4.53534
-2.83361
-5.47226
-2.56734
-5.37906
-3.33641
-4.40196
-2.87241
-2.97894
-3.27235
-1.79818
-2.39113
-3.71778
-1.70956
-4.21104
-5.44417
-2.20372
-4.45596
-4.57565
-3.47215
-4.52939
-1.02260
-4.29509
-5.54363
-2.95988
-1.87426
-3.49017
-3.91749
-2.95017
-2.90109
-3.84923
-1.14019
-4.26433
-5.37880
-4.20809
-5.18198
-3.52533
-4.61956
-3.72456
-5.66670
-5.21553
-1.37969
-4.73323
-3.62948
-2.72746
-1.18984
-2.73141
-3.12495
-3.97484
-3.83290
-5.08894
-5.36342
-1.42493
-1.64523
-3.40162
-4.21152
-6.08773
-2.73762
-2.06807
-3.80038
-2.49444
-5.93708
-2.16517
-3.95192
-3.02831
-4.60748
-2.29444
-2.66687
-4.35631
-3.69235
-4.92576
-3.90456
-4.63003
-3.74315
-4.68225
-2.00541
-3.90010
-4.47747
-6.99634
-3.04839
-4.19182
-5.38630
-3.52980
0.32604
-2.43845
-3.71733
-4.75494
-3.64395
-2.61659
-0.34964
-3.83789
-3.85836
-5.13327
-3.75212
-3.22408
-3.86025
-3.57769
-4.75181
-3.47764
-5.66290
-1.73472
-3.94286
-5.35734
-2.31168
-3.25885
-3.66787
-2.00014
-2.99122
-3.32562
-3.72896
-3.46680
-1.28334
-1.92845
-4.01975
-5.71135
-2.88524
-4.67579
-3.00339
-3.42591
-4.04666
