-1.91838
-1.05663
-1.46463
-2.39231
-3.38545
-3.31661
-3.21497
0.20833
-2.33393
0.07908
-5.63976
-5.44171
-3.18169
-4.53147
0.13495
-1.18755
-0.68864
-3.23991
-1.61688
-3.25704
-2.84827
-2.20766
0.26945
-3.99251
-3.19124
-4.47769
-2.93003
-3.93292
-3.96008
-3.30261
-2.87459
-2.44080
-3.71095
-2.64393
-2.93265
-5.07190
-3.24247
-5.32773
0.99538
-3.04110
-1.22466
-3.56050
-2.62974
-2.85568
-3.55290
-3.88381
-5.57332
-3.39938
-2.39225
-3.07434
-3.08283
-1.61150
-3.16317
-3.58240
-1.16728
-0.78998
-4.46284
-1.18544
-3.42962
0.95032
-3.28269
-3.09088
-3.93989
-1.95295
-1.23873
1.05385
-2.47777
-4.38094
-2.29818
-3.64395
-4.91497
-3.43559
-2.95473
-0.49538
-1.86086
-2.45040
-4.35962
-2.64573
-1.84309
-2.22313
-4.97994
-0.77651
-2.52670
-1.39968
-2.10244
-4.03347
-3.90976
-0.26267
-0.20432
-3.83445
-3.91697
-2.08080
-2.66538
-0.19601
-2.03038
-4.76559
-2.02590
-2.10640
-2.39397
-3.41376
-3.44419
-1.45676
-3.06864
-1.76398
-1.30271
-1.71580
-2.51204
-1.91953
-3.85673
-5.28568
-4.75243
-3.68691
-3.02220
-1.69268
-1.45447
-1.54152
-1.74439
-1.14642
-2.24949
-1.58291
-4.74444
-3.00117
-3.08656
-2.01286
0.65779
-3.54576
-2.54127
-0.77014
-2.53370
-1.73050
-3.00496
-2.86258
-1.08372
-3.38866
-2.28167
-3.97813
-4.47791
-2.85430
-3.23393
-4.85402
-2.12369
-1.97892
-3.45232
-2.77255
-1.38002
-2.19942
-4.40430
-3.46858
-1.18874
-2.83275
-1.48958
-2.70891
-3.60598
-2.24431
-2.36285
-2.94475
-0.60333
-5.76462
-3.22637
1.47270
-0.03671
-2.96285
-3.02501
-1.82410
-1.32462
-2.45534
-0.50602
-2.81215
-3.04023
-3.33833
-4.10803
-4.82701
-2.68277
-3.46046
-1.24902
-2.88656
-2.56130
-2.40785
-3.18391
-0.68380
-3.74468
-0.86548
-1.29983
0.54742
-3.39402
-3.85542
-4.01818
-1.56440
-1.92770
-2.60256
-3.75068
-1.32905
0.01318
-3.25300
-1.00992
-3.14288
-4.15080
-0.57131
-2.51217
-4.68447
-3.83788
-2.46214
-0.13784
-3.39761
0.21412
0.54060
-4.68001
-4.45602
-2.68330
-5.23951
-3.31063
-3.77089
-1.82881
-0.29550
-3.80686
-2.86577
-2.60702
-4.15780
-3.33744
-0.07270
-3.49970
-5.46344
-1.87000
-3.16608
-2.12199
-1.71811
-1.92199
-3.72625
-2.98252
-2.95625
-4.08382
-4.50574
0.36145
-2.16112
-4.90287
-3.93103
-3.02798
-3.55108
-4.42217
-4.58034
-3.55743
-3.93237
-2.04056
-4.54715
-0.58220
-2.14660
-3.92595
-3.24687
-3.26498
-1.61168
-0.51606
-1.02983
-5.04791
-0.93033
-4.49921
-4.10963
-3.96062
-1.82570
-1.63384
-3.79702
-0.55182
-4.26908
-1.68679
-3.87554
-2.45768
-4.57186
-3.40412
-1.14309
-3.58220
-1.66504
-3.66353
-2.82547
-3.95586
-3.64821
-2.23873
-1.63955
-1.41310
5.91279
-5.41583
-4.46689
-4.66555
-0.15288
-2.03200
-2.89964
-4.11401
-1.06142
-2.77226
-1.51106
-3.50707
-3.76875
-1.64392
-2.70307
-1.73823
-4.29552
-4.31527
-0.82299
-1.26473
-3.38691
-3.73049
-3.44611
-5.94748
-0.53699
-4.43494
-1.46062
0.28929
-0.86496
-3.67556
-2.42265
-2.97083
-3.85587
-3.27100
-4.57955
-5.34913
-2.79415
-2.36462
-1.60138
-3.86260
-2.37986
-1.54367
-4.21138
-3.75450
-3.08232
-2.72375
-2.73567
-0.17583
-2.43843
-3.11810
-3.89022
-0.66518
-1.41855
-3.98992
-3.69560
-2.65515
-1.97392
-3.58942
-3.52845
-1.80006
-0.18453
-1.66577
-3.37087
-4.41917
-3.20408
-1.29362
0.33033
-1.85429
-4.53534
-3.44785
-2.91165
-1.84274
-2.84035
-3.50981
-2.21947
-0.39286
-2.83361
-1.70643
-5.47226
-3.84143
-0.96246
-3.22358
-1.17140
-2.02365
-2.72676
-0.87829
-2.56734
-4.17353
-0.23599
-4.49402
-3.67338
-2.86481
-2.67698
-5.37906
-0.27232
-2.89131
-1.04349
-3.45680
-3.33641
-3.70979
-1.35064
-3.02087
-3.05197
-4.40196
-4.01137
-3.99877
-2.87241
-1.82242
-3.61516
-3.84016
-3.11350
-1.89883
-0.10135
-2.31666
-0.51251
-3.13904
1.36437
-2.82924
-3.07651
-1.57012
-2.97894
-3.27235
-4.02938
-5.21524
-3.44850
-1.79818
-1.57036
-5.37368
-2.39113
-3.40427
-1.75664
-1.40440
-5.16631
-3.71778
-3.95331
-2.91050
-4.16664
-1.70956
-2.82642
-0.98808
-2.49925
-3.24666
-2.08342
-3.84291
-2.44847
-3.90368
-1.14905
-3.45974
-1.65100
-3.60992
-4.21104
-2.69014
-3.05607
-5.44417
-1.81038
-2.44191
-2.22317
-1.62745
-2.20979
-1.90646
-2.20372
-4.70371
-0.99460
-4.45596
-3.65310
-2.43110
-2.94632
-2.27694
-4.67720
-2.16025
-4.57565
-3.16212
-3.47215
-2.35669
0.53191
-0.02680
-4.52939
-1.28850
-5.60647
-0.32571
-3.80592
-0.36299
-0.29605
-1.02260
-2.10571
-3.68242
-3.74606
-0.02271
-3.80686
-3.03518
0.36907
-1.72209
0.35018
-4.29509
-3.86174
-2.53341
-2.59885
0.10950
-5.54363
-4.46899
-2.99150
-2.95988
-0.95527
-2.24788
0.12481
-4.12625
-3.55963
-1.87426
-3.27498
-2.38918
-3.81437
-0.78973
-3.45640
-2.78728
-1.92254
-3.49017
-2.56904
-0.37791
-3.13271
-3.71623
-2.36490
-1.32284
-3.91749
2.42057
-4.17497
1.48831
-2.32214
-2.95017
-2.90109
-3.77921
0.14771
-4.09042
-2.42225
-3.84923
-4.14552
-1.56686
-4.12942
-2.51897
-4.25127
-1.14019
-4.09196
-2.02881
-3.10885
-1.01320
-2.33552
-3.00588
-3.14162
-3.20211
-4.26433
-5.37880
-3.61104
0.39880
-4.02623
-3.12531
-4.20809
-1.09330
-3.41133
-3.49677
-0.97887
-3.12451
-1.64387
-5.18198
-1.44741
-3.07144
-1.05583
-3.18862
-1.79049
-2.94777
-1.47976
-3.52533
-2.87974
-2.02755
-0.85394
-4.61956
-3.72456
-5.31328
-2.18715
-4.14805
-1.77360
-1.64548
-3.66733
-1.14876
-0.46093
-0.53955
2.10843
0.55792
-1.26936
-3.81398
-5.66670
-1.37262
-5.21553
-1.92990
-1.28759
-4.11080
-3.08392
-1.37969
-0.11406
0.87528
-0.28033
-2.48823
-4.18187
-4.73323
-0.44853
-4.83049
-3.76811
0.31676
-4.88307
-2.54205
-2.35422
-3.74141
-3.62948
-2.72746
-3.65922
-2.58477
-4.37733
-1.18984
-2.72573
-4.29643
-4.56829
-2.91437
-3.94851
-2.73141
-3.76445
-0.44427
-0.86585
-6.35458
-4.58304
-3.12495
-3.97484
-0.45629
-3.36186
-0.08148
-2.53459
-4.35844
1.68527
-1.34498
-0.39208
-2.92345
-2.96702
-3.83290
-2.71710
-3.70006
0.24292
1.81189
4.40095
0.36713
-5.54013
0.87922
-0.50118
-3.12104
-3.68832
-3.50031
-5.08894
-5.36342
-4.52244
-1.42493
-2.47295
0.84979
-2.52695
-5.04878
-2.66019
-3.23602
-1.64523
-0.87296
0.25327
-3.86774
-2.00201
-1.99890
-2.42180
-2.09868
-3.30267
-3.40162
-5.08933
-4.21152
-6.08773
-0.62860
-2.75576
-2.62210
-3.46096
-2.63050
-4.48843
-1.05114
-1.79562
-2.73762
-3.40413
-2.06807
-1.36741
-5.84527
-1.84670
8.23638
-3.80038
-4.69420
-1.60950
-2.87230
-4.16645
-1.98439
-2.12968
-2.49444
-2.69936
-5.93708
-2.63874
-1.81609
-3.18924
-2.16517
-3.56480
-3.95192
-2.91754
0.73221
-0.49048
-4.85614
-3.63105
-0.23394
-0.63227
-2.80233
-3.06054
-5.18266
-3.02831
-4.60748
-3.21228
-3.85303
-4.19730
-2.64709
-3.08821
0.02498
-3.52792
-2.29444
-3.40043
-4.95776
-2.20927
-1.67509
-2.94651
-2.66687
-3.18442
-2.29176
-3.07188
-2.06698
-1.24472
-2.83044
-1.85571
-2.00711
-4.35631
-4.81038
-3.78517
-3.69235
-3.42910
-3.67061
-4.92576
-3.90456
-0.58628
-1.87367
-3.84408
-4.05491
-2.19430
-4.88623
-4.63003
-4.28331
-4.01132
-0.71964
0.21035
-1.53380
-1.28820
-3.34006
-1.73458
-1.24728
0.80382
-2.25647
-3.03036
-1.40525
-3.74315
-3.69174
-2.63857
-4.68225
-0.64278
-4.41720
-3.41620
-2.00541
-2.06231
-0.93842
-4.36386
-2.09524
-2.13347
-3.90010
-2.91979
1.42906
-2.17443
-0.56690
0.11546
-2.50696
-1.78444
-4.32035
-3.25246
-4.47747
-3.74340
-6.99634
-3.35013
0.27881
-0.30365
-1.90254
-3.04839
-3.39761
0.24205
-4.52667
-4.19182
-4.31772
-2.58857
-5.38630
-1.43830
-2.38078
-4.17667
-3.52980
-1.41550
-5.17621
-1.17300
0.32604
-0.85233
-2.13465
-0.99566
-4.81619
-2.13680
-3.12619
-2.95680
-0.07701
-3.06721
-2.80239
-2.43845
-3.85088
-1.22367
-1.05952
-4.05655
-1.15866
-4.24120
-3.76350
-0.07595
-0.71215
-1.57515
-0.29498
-1.32646
-1.79855
-1.27108
-3.75811
-3.71733
-3.18478
-4.88813
-4.75494
-3.64395
-3.03152
-3.91246
-2.18547
-1.68179
-1.52975
-2.61659
0.61366
-3.17642
-3.07503
-0.34964
-2.60244
-2.31473
-1.79380
-0.16358
-4.84291
-2.71199
-1.79872
-4.47515
1.07086
-3.83789
-2.12042
-4.11162
-3.67264
-0.21553
-1.88833
-1.92677
-2.23451
-3.85836
-4.31724
-2.92893
-5.13327
-0.53368
-0.98391
-1.25391
-2.35487
-2.63297
-0.99707
-1.24791
-3.80514
-3.75212
0.21446
-3.68368
-4.15890
-0.95192
-0.59430
-0.99277
-4.89507
-1.16829
-3.22408
-2.61674
-3.96374
-0.56046
-3.86025
-1.91901
-1.83850
-1.68800
-4.88848
-3.57769
-4.48126
-3.28518
-4.75181
-2.61219
-1.85275
-0.20478
-0.32920
-2.67414
-1.86844
-3.47764
-3.09727
-0.65421
-5.66290
-4.62733
-4.64026
1.50456
-1.73472
-1.20605
-3.02116
-1.23774
-1.66788
-3.57746
-1.97421
-2.60869
-3.94286
-3.86112
-3.08945
-1.29331
-3.09268
-4.05094
-5.35734
-5.54109
-1.63255
-0.74300
-2.31168
-4.08646
-4.87473
-3.25885
-2.27051
-3.18445
-1.25767
-3.66787
-2.21061
-1.78073
-2.78920
-2.00014
-4.78523
-3.24906
-3.71627
-2.97955
-2.99122
-1.79789
-1.46525
-2.89103
-4.71276
-2.96969
-3.32562
-3.43133
-0.37561
-4.29575
-3.72896
-3.46680
-2.49939
-2.83794
-1.17308
-1.00951
-3.82306
-3.51329
-3.63946
-0.67294
-1.28334
-3.51584
-4.19995
-0.15452
-3.08905
-3.74782
-1.50005
-2.83749
-0.84091
-1.92845
-4.01975
-2.91761
-2.81667
-3.41997
0.80945
-1.98192
-1.51978
-2.92639
-0.99548
-2.06346
-5.71135
-2.05123
-3.93690
-3.85954
-2.88524
-4.99603
-4.90502
-2.64120
-0.44238
-2.31764
-4.67579
-2.51314
-3.02005
-3.39863
-4.83812
-3.00339
-4.31730
-1.67379
-3.94288
-2.15167
0.79615
-3.42591
-1.34006
-1.57120
-2.36411
-4.04666
-1.75526
-3.09033
-3.97187
-5.83799
