1.95987
2.35022
5.34832
3.88726
5.89532
6.80276
7.33402
1.98184
3.44524
4.24911
2.42817
4.28983
0.89092
-0.32074
1.59292
3.90961
4.27366
7.66465
3.49264
1.16223
1.81215
3.72514
0.20476
3.61613
4.67586
-1.12796
1.91863
3.66547
3.69556
2.38783
4.67914
6.14396
2.47442
7.04440
-1.68917
4.55390
5.45551
8.40412
6.49391
8.40412
5.47563
3.39850
4.09176
5.30422
5.11275
3.83984
2.64121
3.38920
1.43786
-1.84824
5.60119
8.00152
4.70436
1.42190
7.31015
2.87385
7.85474
4.12953
4.80618
3.81109
4.83616
2.52146
5.15546
5.62977
5.24294
2.35723
8.40412
6.14131
-0.41592
6.65130
5.68564
1.98227
-1.13659
4.89731
7.32323
8.40412
3.51024
6.02030
2.68088
6.59862
4.61208
2.74378
5.08459
5.27090
2.80254
0.28454
3.04661
0.33422
-0.34729
2.01938
-0.76749
0.78218
0.51135
5.28101
6.87847
5.96867
4.48213
6.02758
6.68796
0.96868
4.04113
1.35440
2.60205
0.12052
0.82294
2.80870
2.48945
4.46305
5.28562
4.24749
-1.93706
1.33268
-4.34835
3.42355
4.43222
6.55581
0.81929
3.99959
8.40412
4.39266
4.75436
4.87600
1.69896
1.60486
8.40412
5.04991
4.70740
2.97877
4.59822
2.37619
5.74909
4.43395
3.07759
7.34611
5.53701
2.29623
5.54469
5.05191
3.47505
6.85620
4.13185
5.34641
5.21347
3.18239
6.76615
3.87368
2.73806
2.37675
4.12488
7.74691
4.54359
4.28223
1.87626
4.88079
6.54084
6.56487
6.26924
2.79058
5.62593
4.36924
5.64808
3.26154
7.72720
2.86112
5.06277
5.09161
4.86485
3.65201
4.23510
3.69261
8.40412
2.36614
5.46757
2.70895
4.63591
1.25240
2.64255
-0.12940
4.33328
0.77316
1.41464
2.09539
2.19635
