4.56172
1.90804
1.16947
4.27551
5.40126
0.04298
0.93106
0.63040
3.62630
3.27347
1.72902
1.85900
-0.85858
3.89089
1.76119
2.19141
4.10402
-0.37474
0.41946
3.18356
3.27635
2.92588
2.89563
1.01971
2.00101
3.00822
5.51127
3.89084
3.30914
0.40918
2.61470
1.96793
2.55930
3.25602
1.97222
0.83281
-1.78722
3.58156
-0.09622
-0.50275
5.57462
3.46950
4.39972
5.24551
4.92847
1.74397
4.43863
1.79568
-0.74458
1.77498
1.48461
0.55079
1.70609
4.76400
1.00773
-2.16503
3.49270
-0.74065
3.84289
0.27587
4.88784
2.55943
3.63217
4.86227
4.11110
1.71320
1.10199
-0.77399
3.27891
3.90458
6.02660
3.06775
0.25267
2.91307
2.76186
2.20152
3.27921
1.78870
1.31663
4.89868
0.54194
2.91930
2.96587
0.71490
2.80075
5.60156
2.02835
0.66866
3.01107
1.22066
0.99599
2.08761
4.52926
4.49682
2.56158
3.04963
-1.25417
-1.94099
3.85928
2.55330
0.97830
4.15137
1.58797
0.23804
1.38905
2.43797
2.23393
-0.13307
1.36022
0.87092
2.08277
0.56265
3.06657
7.16840
2.27492
-2.05110
2.82457
0.55460
2.83458
0.89414
1.53596
-0.23897
4.78976
0.68674
5.83920
2.11538
0.47279
-1.30809
2.54326
0.74060
1.44344
6.32123
5.04098
1.69860
5.29552
1.43395
0.98089
5.12245
3.33547
0.65838
3.72687
0.73586
3.36310
2.95983
0.14203
1.36057
0.00694
0.42864
-0.41213
3.24152
1.40884
2.10959
0.36336
1.73347
1.35559
3.00053
3.48300
0.42941
1.32888
-0.74265
5.72782
3.42301
5.47162
0.98067
3.30657
3.92287
-1.41204
1.91388
5.26768
1.33570
2.10945
3.91418
5.33214
4.34605
3.79861
3.42741
3.16614
4.68991
2.87066
-1.74872
4.99238
2.33757
2.68854
1.10499
-0.39893
2.21303
1.66404
0.85017
3.42629
2.11219
4.70245
0.25644
-0.46726
3.50137
2.13277
2.13638
1.32343
2.78536
1.34560
2.43247
