1.25417
-0.62747
-3.72835
-2.78178
-1.29663
-0.83278
-1.70945
-1.32661
-1.93327
-2.59345
-1.27339
-0.54112
-3.00318
-3.59862
-4.16299
-0.63428
-2.52115
-2.31624
-1.09806
-2.76782
-2.38914
-2.62779
-0.94365
-2.84949
-2.55436
-4.37351
-0.70585
-2.29273
-2.04764
-3.70917
-2.25753
-1.93673
-2.68395
-1.34767
-1.37591
-1.49213
-2.95737
-1.67454
-2.02256
-1.79854
0.45175
0.03962
-1.20863
-0.04364
-1.81341
-4.17769
-2.29225
-1.72568
-0.67005
-2.22471
-2.66613
-0.96049
-2.72716
-1.94711
-3.63747
-4.16100
-3.78852
-2.02155
-1.76082
-3.01884
-1.37687
-0.72139
-0.73343
-3.46776
-1.71914
-0.83431
-2.35736
-3.62767
-3.32504
-2.00021
-2.45412
-1.77682
-2.48172
-4.00948
-2.45783
-2.86436
-2.39981
-0.41944
-0.98966
-0.54810
-2.18566
-0.93128
-3.06381
-3.21406
-3.49757
-1.32531
0.84088
-1.17230
-2.01485
-1.76161
-1.81883
-4.16611
-2.39721
-2.35885
-2.39202
-2.48587
-1.94610
-1.52133
0.75438
-3.70717
-1.59747
-0.74461
-3.67278
-3.20131
-1.58179
-3.89038
-3.54153
-3.05137
-2.60808
-1.48045
-3.24194
-3.37755
-2.05298
-2.18757
-2.58605
-1.09976
-3.00630
-4.13441
-2.73461
-2.37180
-2.72711
-5.46457
-2.17232
-3.33354
-1.69966
-1.18221
-3.98137
-2.00720
0.53421
-1.59198
-2.02501
-2.47695
-1.90350
-3.32340
-1.64894
-2.82863
0.15635
-4.70249
-3.31612
-2.76876
-2.32427
-2.85797
-2.94396
-3.18481
-0.84562
-3.96442
-0.55611
-1.59031
-2.64398
-2.08596
-2.03666
-2.42005
-3.46860
-2.68619
-2.46203
-1.76646
-2.30749
-2.13931
0.93372
-2.53322
-0.76446
-0.78383
-1.75866
-0.82355
-1.28408
-2.07446
-3.59466
-3.06807
-1.40830
-2.95880
-1.92857
-1.91005
-1.44347
0.09457
-3.30253
-1.23137
-1.89217
-3.65599
-3.34783
-2.44158
-1.18773
-2.67662
-3.53007
