-4.22567
1.25417
-0.98407
-1.63962
-2.12350
-4.42287
-0.62747
-0.72507
-2.27831
-2.90208
-1.09963
-1.85113
-1.68774
-3.40194
-3.19544
0.45718
-0.11094
-3.49578
-3.72835
-2.78178
-1.29663
-2.50733
-1.27601
0.00710
-2.09278
-3.35841
-0.83278
-1.53262
-1.18276
-3.05748
-1.70945
-2.74513
-1.47393
1.22164
-3.57747
-1.34651
-2.25468
-0.59437
-1.57099
-1.30725
-3.07776
-1.32661
-2.82395
-1.60801
-3.72759
-1.93327
-1.23791
-2.62411
1.43826
-1.43080
-3.36298
0.73375
-1.02500
-3.39051
-2.96686
-2.59345
-1.27339
-2.27202
-1.94318
-2.51529
-1.78694
-0.89566
-2.86934
-0.54112
-3.23566
-3.00318
-1.00140
-1.87563
-1.55764
0.74078
-2.90470
-1.52386
-2.15042
-3.26732
-1.13604
-3.59862
-0.82145
-4.16299
-1.42523
-1.55442
-2.10697
-2.47559
-0.63428
-2.27311
-2.92378
-1.87719
-1.78913
-2.13783
-2.52115
-1.53058
-2.57355
-2.40737
-1.74345
-1.14600
-0.52376
-2.88257
0.05607
-2.31624
-1.09806
-2.74648
-3.32324
-0.98346
-0.45160
-2.45357
-2.76782
-1.84852
-2.62321
-0.65046
-3.82149
-2.38914
-2.62779
-1.57607
-0.41165
-2.15416
-1.93119
-1.79080
1.31212
-0.22613
-1.34149
-3.03376
-0.94365
-1.87152
-3.20613
-0.53986
-2.84949
-2.42415
-1.41283
-1.71083
-2.42776
-2.25309
-2.55436
-3.10168
-4.37351
-2.17629
-0.70585
-2.12877
-2.33478
0.41825
-1.61559
-2.58770
-2.29273
-0.71493
-0.56934
-2.79232
-1.04615
-2.05500
-1.98173
-2.13080
-1.90177
-0.04100
-2.04764
-0.98478
-3.70917
-1.80613
-1.01316
-2.67884
-2.44058
-2.63187
-2.25753
-1.92312
-1.93673
-2.92516
-1.36056
-1.88009
-0.24733
-1.07947
-4.21014
-2.68395
-1.81028
-1.94046
-1.57661
-2.42820
-2.55466
-1.18101
-1.33927
-3.01305
-1.34767
-1.37591
-1.06215
-3.35401
-1.32080
1.33402
-2.77684
-3.22789
-0.31238
-0.54748
-2.18582
-2.11634
-3.21004
0.81565
-1.49213
-2.15062
-1.20049
-1.41719
-1.95992
-0.94163
-3.05692
-2.95737
-1.54979
-0.09688
-0.39494
-2.22370
-3.85927
-1.67454
0.65516
-1.29970
-1.89152
-2.84273
-2.12232
-2.02256
-2.59157
-1.79854
-3.89389
0.45175
-2.88741
-1.60213
-0.48712
-2.08299
-2.38984
-3.20189
0.03962
-2.13116
-2.75938
-0.06101
-1.51325
-2.13400
-2.41200
-1.20863
-3.03290
-2.84564
-1.22487
-0.04364
-3.86081
-1.68224
-2.47636
-1.22008
-4.06089
-2.02608
-1.81341
-2.59998
-4.17769
-0.34909
-2.03639
-3.01351
-2.12711
-0.80346
-2.03758
-1.30875
-2.50324
-0.81902
-2.29225
0.59950
-3.98503
-1.52763
-0.84871
-1.72568
-0.67005
-0.70926
-2.02904
-2.98812
-2.29088
-0.85103
-3.17954
-1.08908
-2.22471
-1.21245
-2.66613
-3.77902
0.25904
-2.65601
-1.03738
-0.39184
-0.80323
-1.74812
-1.21411
-2.59446
-2.87405
-2.12854
-0.96049
-2.72716
0.29673
-2.30362
-2.03675
-1.77222
-0.65276
-1.94711
-1.12837
-3.63747
-1.07035
-2.36320
-0.69646
-2.85105
-3.58303
-3.53814
-4.16100
-2.88149
-2.40969
-0.87264
-3.73005
0.45596
-3.85654
-3.78852
-2.15488
-3.14564
-0.68152
-2.02155
-3.07911
-2.29658
-1.51140
-0.16768
-3.42111
-1.76082
-2.93310
-1.66363
-1.09649
-1.49242
-1.18638
-2.47151
-3.60491
-3.01884
-1.37687
-0.49332
-3.17247
0.24899
-0.33637
-1.30168
-1.95999
-2.80591
-1.25001
-1.46291
-0.72139
-2.78277
-0.45173
-1.10727
-0.73343
-2.11481
-1.64078
-0.55824
-1.31190
-1.60736
-1.97233
-2.01091
-0.17104
-1.56474
-2.06285
-0.93308
-3.46776
0.31093
-3.06852
-0.97367
-1.71914
-2.64972
-0.47812
-2.58095
-1.54316
-2.96920
-0.83431
-1.42637
-2.98584
-3.78092
-2.35736
-2.08091
-1.96399
-2.50894
-1.35878
-1.08142
-2.06102
-3.16783
-3.62767
-1.29402
-3.32504
-2.73093
-0.87805
-1.85509
-1.67075
-3.10476
-2.35627
-2.00021
-1.77706
-2.45412
-2.34948
-1.77682
-2.48172
-2.01178
-1.08307
-0.77678
-2.49672
-2.39221
-2.32063
-2.61503
-1.61656
-1.24289
-0.90126
-0.99455
-2.70510
-1.32031
-3.62512
0.51843
-0.17283
-4.00948
-2.80346
-2.00666
-0.91413
-2.91824
-1.42483
-1.79753
-1.83174
-0.58644
-0.31064
-2.01894
-2.45783
-2.10804
-0.09930
-3.38732
-1.52680
0.17198
-1.56678
-2.64162
-1.50783
-2.86436
-2.39981
-2.13175
-1.83467
-0.41944
-2.81926
0.79005
-1.93909
-2.68588
-0.86731
-0.98966
-0.60348
-2.28571
-2.95993
-2.42016
-0.41713
-3.18052
-2.46396
-0.54810
-1.67257
-1.94805
-2.18566
-1.04003
-0.85328
-2.14381
-1.40139
-2.90640
-0.93128
-4.40153
-2.44842
-3.06381
-3.21406
-2.13839
-0.36787
-2.03643
-2.67950
-3.49757
-1.59806
-0.32308
-2.81791
-1.83436
-1.32531
-1.87250
-1.78120
1.78706
-1.82815
-2.67391
0.84088
-1.98383
-3.05798
-0.56404
-2.01797
-2.76913
-1.69529
-1.89496
0.28553
-3.01725
-1.17230
-1.36976
-2.20119
-2.01485
-1.83990
-2.23492
-0.26481
-1.47661
-1.18156
-2.30743
-0.17520
-1.76161
-1.82293
-4.23822
-1.81883
-1.63692
-2.64824
-1.73446
-4.16611
-2.39300
-2.83368
-0.41447
-0.85223
-1.45764
-0.08825
-4.21718
-2.39721
-2.48992
-4.04313
-2.35885
-2.05451
-0.86775
-2.67823
-2.84663
-1.65399
-0.91824
-2.17560
-2.39202
-1.85982
-2.96751
-0.52451
-1.02917
-3.52206
-1.39559
-2.62183
-2.48587
-1.40707
0.48977
-1.92760
-2.74683
-1.75522
-0.00948
-2.28746
-1.94610
-3.27083
-3.31301
-1.52133
0.75438
-3.59402
-2.02404
-3.26272
-1.76211
-0.63344
-0.80761
-2.10407
-3.26812
-1.61763
-3.70717
-2.36958
-0.02990
-1.56998
-1.39706
-1.82892
-3.47801
-2.17162
-2.48730
-1.59747
-2.34680
-3.42927
-1.02878
-0.74461
-1.58681
-3.19189
-1.64661
-3.67278
-1.58895
-2.34710
-3.16722
-5.12546
-3.20131
-2.87475
-3.07442
-2.35907
-1.40625
-1.58179
-3.89038
-1.34084
-1.74458
-2.93224
-1.21299
-1.32826
-1.75871
-2.20243
-2.05926
-0.57568
-2.10371
-2.02994
-1.08078
-1.08004
-1.78131
-2.88195
-3.54153
-3.16306
2.06397
-3.05137
-1.38553
-2.22574
-2.24417
-2.60808
-2.42630
-2.17473
-3.20055
-1.48045
-3.03022
-2.58338
-0.55987
-0.61858
-2.26240
-2.20962
0.47228
-2.27163
-0.54939
-2.78399
-2.66500
-3.24194
-2.92634
-0.58446
-1.47102
-2.21222
-2.22445
-0.99201
-3.58380
-3.37755
-1.94033
-2.05298
-3.06501
-2.18757
-2.41831
-0.34354
-3.17408
-0.58319
-1.66852
-3.06623
-2.58605
-2.01411
-0.51987
-1.77321
-2.49233
-2.75912
-3.46543
-2.41170
-1.09976
-3.00630
-0.73767
-2.11596
-1.46800
-0.72139
-0.67073
-1.23963
-2.12631
-2.75860
-2.31963
-4.13441
-0.95637
-2.73461
-2.37180
-2.86088
-1.55818
-1.78657
-1.62830
-1.63383
-1.22448
-2.72711
-1.66978
-0.21311
-5.46457
-3.30411
-2.75055
-2.17232
-2.07498
-1.86800
-0.40579
-1.71585
-2.13317
-0.01679
-2.95229
-2.53089
-2.42958
-3.33354
-1.69966
-3.35433
-0.96292
-0.50339
-2.33562
-1.71699
-1.18221
-0.01827
-1.68134
-2.62485
-3.98137
-1.80459
-1.63730
-0.79103
-3.40993
-2.00720
-2.47284
-1.23355
-2.02280
-2.30052
0.58400
-1.30797
-2.04035
-2.43680
0.53421
-0.94903
-2.32759
-3.29711
-3.08608
-1.59198
-2.02501
-3.12363
-3.35942
0.50423
-2.20496
-0.30878
-1.63424
-4.25209
-2.87966
-2.47695
-2.33335
-1.74772
0.95238
-1.97129
-2.34037
-1.90350
-2.74546
-0.77707
-1.73360
-1.13612
-1.15138
-1.88231
-0.94535
-3.32340
-3.30205
-1.48784
-0.22664
-2.34379
-3.03126
-3.40300
-0.23093
-1.64894
-2.56880
-2.86017
-1.00130
-2.44835
-1.77665
-2.82863
-2.30125
-1.53205
-0.98869
-2.44792
-4.51191
0.15635
-1.79054
-2.65732
1.10513
-3.12963
-1.66691
-1.59826
-0.61176
-2.85719
-4.70249
-3.31612
-1.83155
-1.34281
-2.76876
-0.04722
-1.96495
-1.04962
-2.45307
-0.61985
-0.81334
-2.93828
-0.99019
-2.32427
-2.60501
-2.85797
-2.45342
-0.35108
-3.73546
-1.33859
-2.19436
-2.94396
-1.43004
-1.52626
-2.73777
-3.17349
-1.64878
-3.18481
-0.84562
-1.46945
-2.69170
-1.95358
-2.52820
-1.33892
-2.46529
-0.78450
-1.85154
-2.54157
-3.13913
-0.86649
-3.96442
-2.71932
-0.87146
-0.55611
-1.78124
-2.05997
-2.91583
-1.22978
0.11989
-1.95722
-1.59031
-0.66684
-2.89831
-1.44384
-1.56430
-2.76982
-2.64398
-0.54732
0.26013
-1.33580
-2.37445
-3.39821
-2.08596
-3.97913
-2.03666
-2.31260
1.50036
-2.42005
0.77832
-2.00819
-3.23885
-1.25388
-1.18462
-2.45096
-3.46860
-2.08759
-2.57455
-1.42444
-2.06499
-1.40156
-0.50535
-2.37007
-2.51444
-2.49912
0.31529
-1.76612
-0.97011
-2.38817
-2.84517
-1.48318
-2.68619
-2.47026
-2.46203
-2.30331
-1.68179
-1.69993
-3.03124
-1.76646
-1.32717
-2.07047
-2.07341
-1.05307
-2.11729
-2.30749
-1.77829
-2.76131
-2.61160
-2.13931
-3.50388
-1.99714
-0.21549
0.93372
-1.99669
-3.40840
-1.04962
-3.67349
-1.96757
-2.53322
-2.73205
-2.11692
-0.76446
-3.20461
-2.72537
-0.78383
-3.33361
-0.79235
-1.20260
-1.42740
0.30373
-3.18233
-0.74392
-1.75866
-2.60452
-2.69532
-0.82355
-1.58751
-2.04368
-1.82717
-2.51099
-0.72382
-1.54887
-1.90644
-1.50585
-2.98152
-4.13167
-0.44358
-2.35160
-1.28408
-3.02261
-2.80938
-2.07446
-1.19043
-1.26771
-1.11708
-1.73645
-1.60266
-2.84619
-2.78475
-1.15949
-1.06264
-2.62675
-3.59466
-3.06807
-0.98525
1.59955
0.36473
-1.15476
-1.77110
-1.40830
-2.95880
-3.56117
-1.47689
-0.82219
-1.92857
-1.99888
-2.96672
-1.12089
-2.34090
-1.91005
-1.71741
-1.57903
-2.95370
-2.30991
-1.44347
-2.12432
-0.21483
-1.78667
-1.12402
-0.72703
-2.56331
-1.83018
0.09457
-3.37451
-1.25997
-2.36290
0.10674
-3.30253
-3.48143
-1.23137
-1.66635
-4.02240
-1.88711
-1.86095
-2.59828
0.22851
-3.62902
-1.97627
-1.89217
-1.98885
-1.85457
-2.09839
-2.83574
-2.21354
-3.65599
-2.11411
-0.60952
0.90986
-0.16428
-3.34783
-0.73548
-2.44158
-2.99430
-1.50211
-1.18773
-1.97980
-1.60309
-0.31944
-1.92708
-2.17598
-2.56717
-2.67662
-1.22029
-1.67083
-1.26658
-1.79314
-3.53007
-0.80126
-2.02515
-2.12175
-2.47001
-2.00252
-2.25538
-0.60221
