-3.52590
-5.84086
-4.39446
-2.90924
-2.81091
-3.17622
-4.13217
-4.89619
-4.90202
-3.65625
-2.74387
-5.09734
-4.13791
-4.04509
-5.32960
-5.10395
-5.67405
-6.73159
-4.63644
-6.49996
-3.48697
-2.20908
-2.94371
-3.27754
-4.45143
-3.58045
-4.73888
-3.20424
-4.92726
-4.25533
-3.61455
-4.82572
-3.58809
-5.27199
-3.84609
-2.81614
-5.44798
-0.94605
-6.09440
-5.64362
-4.32965
-4.40510
-5.97725
-2.40159
-4.95300
-0.87216
-2.12628
-3.76530
-1.76948
-1.88272
-2.16804
-6.51127
-5.41504
-3.67440
-5.01909
-5.95173
-3.93703
-1.28842
-2.68028
-4.81565
-5.21996
-3.46549
-6.00974
-7.75284
-6.55014
-4.97028
-3.47660
-3.78406
-4.39418
-5.33465
-2.11942
-4.74146
-1.93511
-6.09242
-4.31400
-2.21038
-6.36529
-5.71738
-4.80545
-5.52264
-5.23825
-4.82919
-5.20417
-5.10278
-3.14021
-3.21386
-4.45284
-3.71702
-5.12900
-4.80711
-3.85335
-3.20774
-4.52140
-4.45051
-5.29850
-2.61720
-6.05010
-5.32711
-5.56016
-3.98693
-6.14283
-5.94569
-3.38782
-3.73836
-5.24037
-3.02754
-4.64349
-3.44787
-5.82702
-1.44721
-3.70725
-3.52451
-4.60048
-8.11565
-1.09505
-4.68060
-3.71676
-3.14392
-5.56315
-6.31455
-3.73880
-4.79757
-3.78164
-3.24158
-2.74150
-5.05014
-3.10451
-3.74864
-4.80401
-3.19289
-5.12557
-4.71383
-6.01994
-6.87800
-2.96061
-5.33708
-4.81983
-4.44565
-3.23037
-4.65949
-2.66982
-3.18945
-4.67958
-4.16513
-4.74320
-4.97263
-4.29277
-4.06529
-3.40945
-2.77165
-4.16251
-2.92769
-4.31118
-2.96053
-3.56255
-4.38868
-4.21997
-3.07490
-1.98499
-4.67734
-6.14271
-4.24438
-6.24147
-3.27656
-3.15457
-5.39023
-3.84832
-3.13091
-1.60663
-3.71526
-5.45388
-3.75258
-3.17534
-4.84553
-4.86090
-4.40050
-3.77848
-0.50815
-4.34674
-5.64544
-3.33357
-5.27820
-5.19163
-3.82516
-5.49329
-2.79318
-5.45530
-2.51924
-1.96459
-5.87249
-5.35151
-4.77399
-4.06768
-4.11167
-7.31670
-3.20964
-3.08469
-4.63061
-2.91066
-5.57279
-5.90930
-2.92844
-5.29628
-2.99041
-3.74661
-4.25547
-4.86519
-3.61304
-3.23222
-5.80138
-4.70563
-3.36071
-4.48483
-4.24836
-5.25930
-3.58240
-3.21184
-3.29614
-3.19305
-3.68638
-5.84944
-4.98992
-5.62998
-3.00075
-3.60355
-2.68865
-5.02031
-3.34333
-4.05839
-3.48373
-6.63448
-6.20543
-4.18322
-6.54954
-3.10949
-4.26945
-5.19174
-5.03154
-5.78183
-4.04973
-6.86422
-5.41683
-4.40186
-1.52235
-5.00954
-3.29239
-5.29638
-6.74551
-2.61112
-4.79899
-6.27831
-3.83695
-4.79742
-6.19109
-2.39165
-4.28372
-2.05996
-8.61973
-3.60384
-4.95721
-4.25325
-3.59493
-6.06800
-5.57717
-4.85913
-6.08038
-3.14053
-4.23620
-7.28730
-2.56238
-5.61777
-3.08681
-6.24936
-3.22058
-2.86004
-5.82261
-3.03450
-0.58845
-3.42995
-6.85356
-5.79164
-6.01916
-4.57344
-6.32928
-5.48957
-3.42848
-3.01882
-7.41800
-4.77573
-4.94588
-6.16046
-2.95970
-5.60120
-5.65452
-1.75285
-4.47941
-3.60304
-5.77954
-4.69037
-4.00918
-3.42634
-3.93307
-5.60012
-5.27410
-2.54180
-2.74929
-6.49858
-4.17049
-5.41613
-4.36802
-4.34554
-1.74323
-4.31683
-4.20312
-3.36544
-2.96605
-3.54680
-5.68871
-6.16500
-4.64126
-4.11481
-4.60945
-2.88629
-2.99870
1.57309
-3.82315
-0.38727
-4.09811
-6.83268
-2.99291
-5.28957
-7.34743
-4.66762
-6.92339
-5.95263
-6.58938
-3.00697
-5.53913
-5.48753
-4.58105
-4.88632
-4.78306
-6.56766
-5.05286
-3.83245
-3.62216
-2.27539
-5.82412
-3.89820
-4.65185
-6.04388
-3.93101
-5.62177
-6.69503
-2.36892
-5.07295
-4.27240
-7.55991
-3.75728
-3.67601
-4.13328
-5.51888
-0.84824
-6.09347
-3.67165
-3.26361
-3.06297
-3.71295
-5.58870
-4.68883
-3.38928
-3.73210
-4.80030
-1.06177
-5.80217
-4.14538
-3.22715
-4.76719
-2.11716
-4.85754
-4.63212
-4.68498
-3.58915
-4.85703
-3.36216
-3.67411
-4.67883
-2.34926
-5.53971
-4.72579
-3.71389
-1.51242
-2.00067
-4.32816
-8.92814
-3.25167
-5.46001
-5.60433
-5.91681
-5.17799
-0.98161
-4.42754
-5.71738
-3.78850
-0.43777
-3.69812
-3.25390
-6.39854
-7.08258
-3.92124
-4.25135
-2.36944
-2.22115
-3.93348
-3.55393
-5.17969
-6.60693
-7.20205
-4.86323
-5.80329
-4.38389
-5.04412
-7.21038
-5.49157
-6.03804
-6.18938
-5.05185
-5.44759
-4.60166
-5.83192
-6.60420
-2.06672
-4.75838
-3.78500
-3.31626
-2.48125
-2.82263
-6.07684
-5.13041
-3.68663
-3.17303
-3.45881
-5.04663
-3.44410
-5.56039
-1.98820
-6.02604
-4.55802
-3.36836
-4.38062
-3.86950
-4.80459
-7.78517
-2.61325
-5.95161
-5.28159
-3.58625
-5.57369
-4.76664
-4.58342
-3.88588
-1.84918
-2.28209
-1.79144
-5.16557
-3.63176
-5.00868
-4.66832
-4.00145
-4.20570
-4.33191
-4.87943
-3.71887
-4.82806
-2.66622
-5.07171
-4.34935
-4.62812
-5.11561
-3.46432
-4.63314
-7.07337
-4.86311
-5.18562
-4.15970
-4.36644
-2.98570
-5.82264
-4.58558
-4.03884
-3.55608
-5.71369
-0.96202
-3.88683
-4.79493
-6.40053
-2.55702
-3.65636
-2.51554
-4.53736
-4.30639
-4.00404
-5.45450
-4.11451
-6.85041
-4.29507
-5.73429
-5.27426
-4.63276
-6.18929
-5.75143
-3.60099
-5.21158
-5.32250
-5.30999
-3.53651
-3.25702
-5.71730
-6.51219
-5.30185
-2.90355
-3.62315
-6.14921
-3.56866
-6.32602
-4.72352
-2.72324
-1.43800
-2.54889
-2.88825
-4.22907
-5.35646
-4.65054
-2.89707
-4.12207
-4.90182
-2.53519
-5.08914
-3.34996
-3.86056
-1.31689
-6.55164
-4.04753
-4.46703
-6.31595
-5.99593
-4.62809
-5.50820
-6.03527
-2.94324
-4.71477
-3.73966
-4.02016
-3.48970
-3.30213
-7.00358
-6.28377
-4.43610
-4.53606
-4.00595
-6.94933
-4.05292
-1.69608
-3.05512
-3.16763
-3.60647
-5.29534
-6.07879
-5.08697
-3.02457
-4.65667
-5.06804
-4.97808
-3.08929
-3.57115
-4.12294
-3.41240
-4.59398
-5.25403
-6.03543
-3.68730
-3.85056
-3.41851
-2.17488
-6.26260
-2.48544
-5.35542
-0.46100
-4.24464
-1.40493
-6.67971
-2.59017
-3.88599
-6.16983
-2.97112
-5.30360
-2.46045
-4.67273
-2.50840
-6.35981
-4.93956
-3.42383
-1.56663
-2.50232
-4.61601
-6.48323
-4.00086
-4.20869
-4.76655
-4.94017
-6.34595
-2.43974
-6.19944
-2.97748
-5.87294
-3.91096
-1.49794
-4.79312
-5.88840
-5.22770
-6.62117
-4.97050
-2.79863
-5.14205
-4.12249
-2.65869
-3.68006
-3.09219
-5.13092
-5.72534
-4.28270
-5.94439
-3.30764
-4.78892
-5.51434
-3.72765
-3.87088
-4.55340
-3.60777
-4.31292
-5.51085
-5.87923
-8.56198
-4.69504
-4.35789
-1.87844
-3.99417
-5.30510
-3.79092
-2.89243
-5.56065
-2.74546
-4.23079
-5.48367
-6.06144
-2.86514
-6.04990
-4.89153
-3.83131
-6.32686
-5.19119
-5.24701
-2.37521
-4.10488
-4.07196
-6.81433
-3.72082
-3.76817
-5.66098
-5.75329
-4.33579
-6.51649
-5.88436
-7.13891
-2.38154
-3.14094
-4.52151
-3.76502
-3.07066
-1.26843
-6.34280
-3.81551
-4.93080
-3.88893
-4.62022
-7.16490
1.09428
-2.75264
-2.96712
-7.16200
-6.79301
-3.72857
-5.75169
-1.11722
-3.05542
-3.19064
-2.77201
-4.50938
-3.25349
-4.48953
-7.13344
-0.45529
-4.54137
-0.23470
-2.78852
-4.69798
-4.40944
-4.57352
-5.30660
-4.56026
-2.56365
-5.62975
-4.03242
-3.52001
-4.77286
-1.98271
-7.30824
-3.68499
-4.10266
-5.72719
-4.42192
-6.11301
-4.34313
-6.88179
-4.89872
-2.32789
-3.63815
-3.90548
-1.24225
-4.15604
-5.59998
-4.04501
-5.20034
-6.69261
-5.70726
-2.84478
-3.10157
-3.76419
-3.28831
-2.43576
-4.62241
-6.82131
-8.13497
-3.48915
-3.42889
-4.58984
-5.59026
-3.12606
-3.13534
-3.56869
-4.28037
-4.52016
-4.64287
-5.89459
-2.20678
-7.06766
-5.45397
-5.26083
-4.42052
-5.28307
-0.84456
-4.28659
-2.65837
-2.93301
-4.80145
-5.18670
-2.91513
-5.22722
-4.83213
-4.50149
-3.41029
-2.44642
-4.92627
-5.40510
-3.40149
-4.59073
-2.88005
-5.61931
-4.31172
-4.39824
-5.13615
-1.67050
-7.17382
-4.08563
-3.30654
-2.61829
-4.47004
-4.82877
-3.92627
-5.31564
-0.92558
-4.10537
-5.53225
-0.73925
-5.49979
-5.19431
-5.69959
-5.52516
-4.24537
-3.06404
-4.68271
-6.68362
-2.11199
-3.48211
-5.28065
-5.39239
-4.92076
-4.04546
-3.97740
-3.31249
-4.98272
-3.94015
-4.48619
-3.65200
