12.27161
10.63033
8.37722
11.28801
9.13830
13.02878
6.94058
7.46412
9.82222
13.02878
3.35460
12.71267
12.27187
8.83798
13.02878
13.02878
9.09599
13.02878
5.87926
7.41377
13.02878
4.65485
6.06984
6.24587
9.33437
5.44597
8.90450
7.76986
10.12715
6.91651
10.92758
10.12048
13.02878
10.95514
12.74116
13.02878
9.49364
10.46365
9.37667
10.01947
13.02878
12.30097
13.02878
12.74779
13.02878
13.02878
11.15866
8.25953
10.59528
13.02878
12.65226
-2.13594
5.35929
11.75088
10.38599
12.22285
13.02878
10.96077
9.11145
10.43175
10.24690
12.25077
11.41275
11.85714
13.02878
6.70914
13.02878
10.81596
6.98988
13.02878
3.43964
5.15058
12.90586
7.55116
3.18805
7.81430
9.52443
7.87282
11.77685
12.34805
3.36605
8.56318
7.06431
10.89478
6.46403
8.70339
13.02878
11.10220
13.02878
13.02878
10.03955
1.06905
12.80599
3.63421
13.02878
-4.05562
-5.57771
13.02878
10.96716
11.69085
8.74808
7.15231
10.51462
7.27210
5.31254
13.02878
2.54565
9.78346
8.96327
0.68483
4.83726
7.45647
7.75955
4.77461
11.82893
8.14779
13.02878
8.15215
13.02878
6.83115
9.10073
11.72098
7.51503
6.25202
5.72771
9.93450
8.13190
13.02878
13.02878
9.87639
5.87193
13.02878
1.55916
11.40955
11.42904
10.35946
8.36264
6.31098
11.73042
6.16260
8.85559
8.56480
5.66480
0.56449
0.48166
12.30141
12.00235
12.67815
9.95785
9.99255
1.79686
9.02654
9.53013
6.09431
10.29141
7.64813
5.90752
9.27995
3.14183
7.27204
11.96793
3.08462
-1.33933
2.36971
0.47250
7.84321
5.46447
4.26789
7.29525
3.86210
10.74176
6.95929
7.73218
10.15814
13.02878
8.13671
8.22841
3.66645
8.01711
9.29195
7.09914
12.10237
4.89313
1.88169
0.57137
2.39919
10.80221
-1.00218
0.51687
