-3.95134
-5.51508
-4.74967
-2.08697
0.25444
-4.18835
-4.86990
-6.80508
-7.65138
-2.79502
-3.12830
-2.33142
-6.40660
-2.71527
-5.16419
-6.22340
-2.76236
-4.07529
-4.33743
-6.50994
-6.28303
-4.58389
-8.06273
-6.42569
-3.94170
-2.26102
-5.04529
-4.18609
-3.41001
-7.75981
-4.16505
-6.41287
-5.99709
-6.49561
-5.41543
-5.45051
-6.57705
-6.29448
-5.42038
-6.55036
-5.31165
-6.53425
-5.72424
-6.48933
-3.65774
-4.61195
-6.81153
-6.25695
-6.42899
-6.11019
-6.57241
-6.28627
-4.45104
-5.38209
-6.43991
-5.27617
-7.74208
-5.87787
-6.14738
-1.25518
-5.84226
-5.82059
-4.96097
-5.20819
-3.78215
-5.78435
-6.31415
-7.20569
-7.87399
-6.54222
-4.55325
-3.63866
-7.47570
-5.80909
-7.00328
-3.60157
-5.45814
-3.69276
-4.43918
-4.64232
-4.95253
-5.35886
-5.73292
-6.68052
-4.35595
-2.84139
-4.73425
-5.45323
-4.36110
-4.90606
-5.60745
-5.20417
-4.52337
-6.58755
-5.60862
-2.79821
-3.72973
-5.31152
-3.64325
-5.38728
-3.41505
-5.09232
-6.16185
-5.31292
-6.98327
-4.48190
-4.27690
-4.78104
-4.06222
-7.56172
-8.26310
-4.21182
-5.42034
-2.63789
-4.11771
-5.46225
-4.40498
-5.11298
-4.18112
-5.55577
-4.69804
-4.27437
-3.20686
-4.31305
-5.66046
-6.45862
-3.58943
-6.80610
-6.89904
-4.73299
-4.65680
-3.10353
-6.70764
-6.06717
-5.65835
-5.85100
-6.40811
-3.58008
-6.02948
-4.52258
-5.36560
-6.76677
-7.18357
-6.08148
-6.26418
-4.82805
-6.76971
-4.65034
-6.61563
-6.04764
-3.94858
-5.78982
-5.70838
-5.99086
-5.90062
-7.10833
-4.71928
-2.46905
-4.11953
-4.63175
-5.04113
-4.32984
-5.52042
-7.05553
-6.04325
-6.77948
-7.82477
-3.77712
-4.84613
-4.66635
-4.84845
-4.54229
-5.97021
-5.73842
-4.19585
-6.26202
-9.73045
-4.78416
-5.34536
-7.86812
-6.00328
-4.16262
-4.20729
-7.75855
-2.83750
-7.17933
