9.61058
9.61058
9.61058
9.61058
1.14247
6.55107
-0.31501
1.80357
8.83670
4.25879
8.25951
2.18848
9.61058
5.32680
9.18631
9.61058
5.61320
8.53271
7.08620
0.62550
3.05451
6.01385
9.61058
-0.83935
9.61058
2.49354
7.61442
5.35321
6.37992
6.14483
6.49653
9.61058
-0.86844
8.49549
2.93560
2.47864
-2.12557
4.74223
6.72618
0.78549
9.14262
9.61058
6.60329
7.19130
6.90818
6.38062
9.17969
4.90756
-0.04113
5.30774
5.56779
7.70295
6.52949
2.20479
-2.61184
9.61058
7.73172
-2.72563
4.89000
1.06599
7.02534
5.25062
3.41279
7.37285
-0.06931
9.61058
4.29081
4.77116
9.61058
9.61058
6.21095
9.61058
9.61058
9.22756
8.70324
0.87986
9.61058
8.23558
3.45478
8.74189
9.61058
9.61058
9.61058
9.16912
8.83019
4.35701
8.75289
9.61058
7.56766
2.86214
5.76708
8.12447
6.75923
-3.29108
9.61058
4.92319
7.24837
9.61058
5.90008
4.74158
4.54047
3.67847
7.35532
7.85945
4.23801
9.61058
7.25499
3.23744
5.44786
9.61058
-0.92637
6.99100
1.27771
4.38861
3.20886
-0.88324
-2.09814
4.65650
8.59189
8.40773
2.19556
-0.17608
7.53324
5.07566
5.59802
1.65870
1.60906
2.02630
3.29304
4.87829
9.53297
8.46135
4.34177
0.33999
5.83044
8.40826
8.59685
9.61058
6.72172
4.60001
7.71290
4.10992
2.89193
7.53331
8.39274
4.11052
0.06524
4.11190
5.39381
3.84821
4.85513
7.91049
9.00441
5.93444
9.61058
5.75691
5.37300
0.90156
6.97068
4.39160
9.52498
7.87610
9.61058
9.61058
2.68305
4.37713
3.89716
8.17536
7.40997
4.58534
6.49325
9.61058
1.86964
9.61058
6.35073
8.97945
7.36420
5.65889
5.69226
2.59406
4.91282
6.29121
7.67709
3.30816
