1.69829
-2.37262
-2.30621
-3.42098
-3.19531
-3.65365
-2.00705
-1.94793
-4.38497
-2.70618
-2.63914
-1.50416
-3.65976
-2.38597
-3.16522
0.45541
-2.36811
-3.08799
-1.90330
-3.68502
0.16300
-2.39697
-1.26493
-1.44027
-3.26814
-2.52513
-3.74653
-1.66330
-1.97909
-3.79646
-2.79953
-4.05857
-1.94282
-3.63321
-1.39801
-2.69599
-1.93830
-2.40281
-3.07984
-0.51899
1.17713
-2.86070
1.81974
-3.66638
2.36470
-1.31302
-1.64708
-3.40554
-0.44665
-2.32795
0.03879
-4.06268
-3.00801
-2.01955
-2.56368
-2.34699
-0.83894
-1.13597
-1.88606
-0.58441
-3.73704
-1.23487
0.64841
-3.13406
-3.88045
-0.67176
-1.89922
-2.79060
-2.33313
-3.11218
-3.99181
-3.73270
-3.58811
-2.30654
-1.27673
-3.99146
-2.87583
-2.25587
-1.81233
-2.78262
-0.64723
-1.13329
-2.15466
-2.55592
-2.30749
-1.25969
-1.71260
-2.20116
-3.81830
-3.44389
-1.32519
-2.33234
-3.01736
0.13390
-1.89815
-3.71604
-2.72062
-4.28232
-3.91537
-2.51128
2.26362
1.51028
0.89585
-0.89588
-3.94388
-2.35538
-4.33301
-3.70423
-2.76007
-1.06431
-3.41579
-3.23581
-0.68540
-2.30543
-1.67170
-2.33101
-3.09016
-2.14155
-4.20166
-2.14317
-2.74957
-2.68911
-1.56227
-2.58452
-3.50486
-0.80556
-0.84281
-1.19663
-0.86012
-3.31683
-2.31884
-0.88356
-2.62657
-2.19100
-0.15336
-3.40747
-1.17402
-0.31876
-2.87542
-0.97173
-2.87329
-1.83170
-0.67747
-2.63413
-2.94311
-3.71131
-2.43113
-1.32856
-1.90572
0.13135
-3.94936
-2.98060
-1.24095
-1.56102
-2.47999
-0.51358
-3.36609
-2.76190
-1.53672
-2.51476
-1.08937
-1.98765
-2.74948
-2.90983
-3.70054
-2.87106
-3.41080
-1.76690
-2.08736
-0.00468
-2.42022
-3.85146
-0.21153
-2.20282
-2.15694
-1.83615
0.39113
-1.85093
-2.70226
-1.60565
-2.66939
-1.67802
-1.50038
-1.67611
-1.35369
-1.80165
-1.27666
-0.31852
-2.30350
-3.52831
-1.18140
-0.50237
-2.84623
-2.37532
-3.14486
0.23965
-2.56546
-3.36939
-3.43164
-1.68400
0.88959
-2.85039
-3.00441
-2.99293
-2.26652
-3.58153
0.23416
-1.10331
-2.39724
-3.51330
-2.82210
-2.56827
-2.07810
-0.44195
-1.40402
-2.62443
-3.28652
-3.19205
-3.36710
-3.24105
-2.97584
-1.68736
-3.53393
-1.06312
-1.92623
0.70965
-0.96863
-2.96909
-2.02518
-1.28289
-2.29366
-2.91857
-1.87714
-3.57124
-2.81737
-2.76762
-2.63895
-2.93662
-1.73319
-3.38525
1.83524
-2.48844
-2.26262
-2.83443
-3.20480
-2.88573
-1.71883
-1.55813
-1.40294
-1.80783
-0.88524
-3.03284
-1.77720
-2.63132
-3.66698
-1.89665
-2.62258
-2.55812
-1.10702
-1.79817
-2.42941
-2.48026
-3.30648
-2.21476
-4.21079
-1.72173
-1.06573
-2.83683
-3.20544
-2.97041
-3.53872
-3.27629
-2.76381
-2.20762
-2.54594
1.37461
-0.61950
-3.13300
-4.05241
0.04039
1.00589
-3.47350
-1.63647
-3.36486
-2.02731
-3.05994
-3.10868
-1.83882
-1.92878
-2.40693
-0.77325
-0.19392
-3.31554
-1.02702
-3.25445
-0.37533
-0.97364
-3.65336
-1.89065
-0.06939
-3.61678
-0.34778
-2.32349
-2.11097
-2.46398
-2.90522
-1.07564
-0.93901
-2.62796
-0.71330
-3.31583
-2.57649
-3.04781
-1.85645
-2.81691
-0.78314
-2.83473
-0.75318
-2.15855
-3.15444
-2.86788
-1.95581
-3.46271
-2.56008
-1.97142
-1.65599
-2.28894
-1.06444
-1.57982
-1.81955
-0.87791
-2.46572
-3.13580
-2.44512
-2.76575
-2.17053
-1.61130
-1.32151
-1.90636
-0.68730
-2.28130
-1.44137
-3.42904
-1.90599
-2.30021
-1.15219
-3.40172
-1.00465
-3.15089
0.80183
0.87923
-1.70715
-2.75851
-3.15795
-3.68638
-1.68815
-2.24955
-2.96465
-2.74308
-1.65528
-0.97506
-1.28313
-3.12536
-2.81613
-2.12224
-2.52477
-2.47769
-3.22534
-1.04504
-2.69781
-2.94213
0.22773
-2.68046
-2.82627
-2.23084
-3.81570
-2.90039
-3.31936
-3.93140
-2.22117
-1.54707
-1.17423
-3.12267
-3.49444
-3.27181
-3.80476
-3.52041
-2.08582
-2.92136
-1.53891
-3.14606
-1.82587
-3.45966
-1.23168
-3.45633
-1.70461
-2.41592
-1.54914
0.27057
-4.32204
2.47743
-0.03048
-2.67316
-3.92723
-2.03900
-3.09036
-3.29481
-1.34735
-2.02465
-3.81163
-3.60229
-1.73397
-2.95352
-2.66118
-2.63928
-3.58774
-1.17290
-2.49612
-1.90101
0.13040
-0.37537
-1.73350
-4.00939
-1.99917
-2.30299
-2.95932
-2.93333
-3.22604
-3.39439
-1.37276
-2.97808
-3.48331
-4.36642
-3.38901
-3.11862
-3.41730
-1.78506
-3.54679
-3.07163
-1.59914
0.10527
-1.47024
-0.60487
-1.09163
-2.37585
-1.89155
-3.68508
-4.28648
-3.31134
-4.31000
-3.16760
-2.67564
-0.00114
-1.09559
-3.92921
-1.86940
-1.90249
-3.97040
-0.18963
-1.20625
-3.43088
-3.10808
-1.88745
-2.95728
-1.72263
-1.34080
-3.69207
-2.87052
-3.97826
-3.85432
-3.91346
-2.49556
-3.41821
0.08277
-2.69841
-1.69859
-3.08508
-0.11403
-2.44321
-2.46869
-2.00910
-1.11633
-3.96506
-2.26103
-2.74544
-3.08337
-2.84155
-1.81801
-3.07551
-1.77945
-0.69282
-2.60443
-3.48574
-1.99807
-0.95786
-2.62445
-1.52660
-2.17336
-2.04010
-1.20702
-2.86187
0.39537
-3.69663
-1.76477
-2.23031
-2.54365
0.28250
-1.38929
0.26509
-2.59221
-2.19251
-2.84130
-3.60414
-2.05101
-1.40474
-3.57422
-2.71619
-1.19821
-4.10319
-3.81559
-2.15023
-1.42452
-3.27123
-1.58682
-2.43415
-0.84926
-1.87731
-2.45071
-2.51449
-1.39982
-3.31076
-3.50096
-2.70097
-3.23747
-3.47599
-0.45157
-1.55668
-1.76044
-1.64998
-3.15036
-3.40579
-2.61797
-0.82885
-1.79998
-0.59165
-2.13956
-3.12768
-2.38358
-2.97761
-3.25599
-1.80979
-3.16648
-0.86904
-2.48575
-2.01055
-0.79641
-1.91838
-2.58783
-2.09260
-2.15769
-2.76576
-2.05029
-1.04632
-1.65203
-2.66551
-3.42703
-2.19027
-0.49013
-3.18152
-3.63843
-3.48805
-3.42889
-2.54447
-2.98252
-3.53724
-3.08778
-3.32959
-1.64934
-1.50577
-2.76566
-0.95385
-2.22325
-0.54115
-2.11242
-1.59548
-2.94317
-0.47914
-2.37453
-1.31563
-3.81736
-2.48752
-2.13201
-2.06155
-0.52309
-1.72407
0.03517
-2.86119
-3.12346
-1.76946
-2.98179
-3.17980
-0.66300
-1.81514
-3.15684
-1.82476
-3.37960
-0.14119
-3.33653
-3.54710
-3.68108
0.81884
-1.83222
-1.29557
-0.70231
-3.50342
-0.47907
-1.18983
-1.59593
-2.62825
-0.76762
-2.32772
0.30271
-1.85547
-0.41400
0.95750
-2.99787
-2.79787
-3.00045
-1.22441
-2.32109
-0.35569
-0.98990
-3.02388
-3.05195
-2.64610
-0.81856
-2.39373
-0.92530
-2.23866
-1.73684
-3.02716
-3.41210
-1.14600
-3.29779
-3.08390
-4.00667
-1.92232
-1.50131
-2.30346
1.05204
-2.04006
-2.47158
-2.18442
-1.66398
-0.24252
-2.11413
-1.67956
-1.16074
-3.60857
0.18672
-2.30418
-2.00516
-0.54132
-3.73848
-3.11825
-2.86182
-0.19618
-1.56802
-2.08176
-3.36763
-1.39971
-0.71981
-2.01940
-3.83884
-2.72829
-3.18208
-2.11474
-2.51753
1.15635
-0.67448
-2.74799
-0.22129
-2.24510
-2.14290
-2.98624
-1.72645
-1.49795
-1.71009
-3.70038
-3.00396
1.57628
0.56893
-2.29669
-0.42495
-1.67556
-4.25502
-2.05121
-0.87593
-1.43073
-1.90869
-2.46331
-2.11926
-1.34694
-2.00189
-2.24188
-3.21380
-2.02265
-3.17496
-1.03058
-2.65207
-2.67001
0.12891
-3.62751
-3.16371
-2.18883
-2.14470
-0.36588
0.20514
-2.59598
-1.01695
-2.70607
-3.82578
-2.47743
-2.49319
-1.67872
-2.59630
-2.71392
-1.85866
0.09756
-2.59226
-2.41713
-0.85568
-1.69582
-2.50313
-2.48060
-1.77708
-3.00034
-3.38510
-1.26436
-2.96613
-3.43673
-3.66527
-2.16809
-1.29602
-2.28950
-1.70549
-2.28969
-2.42616
-2.90988
-1.77571
-1.94868
-2.45429
-1.57654
-2.88940
-2.67370
-1.00287
-1.52607
-1.84237
-1.90807
-2.83168
-2.19167
-3.38681
-3.65055
-2.04794
-1.50523
-3.82256
-2.64225
-0.98114
-2.56008
-1.44261
-1.71100
-1.65052
-1.82390
0.45850
-1.54311
-3.44275
-1.77667
-1.75430
-2.76028
-2.66740
-3.91933
-3.54831
-2.87226
-3.32829
-3.14311
-1.45777
-2.32458
-0.61462
-2.59820
-2.86630
-2.14635
-2.87845
-3.34505
-2.30281
-2.05083
-1.18019
-1.43468
-2.50929
-2.55689
0.48585
-4.33108
-4.32835
-2.10049
-4.13184
-2.99703
-1.63937
-3.13673
-0.61922
-1.10025
-0.70856
-2.52240
-0.34184
-2.93532
-0.24595
-0.53637
2.37192
-2.00607
-2.25370
-2.07783
-1.36835
0.36016
-3.00379
-0.07098
-1.08705
-1.18593
-1.84864
-0.99185
2.16963
-3.01863
-3.10893
-3.61769
-1.23114
-2.56502
-2.32296
-2.28427
-2.44616
-3.57168
-2.30791
-2.85641
-2.46521
-3.87766
-3.27063
-3.16723
-2.31523
-2.98491
-1.40801
-3.33279
-2.85799
-4.12383
-2.89543
-1.53012
-2.99286
-2.17437
-2.49295
-0.06667
-2.93579
-1.13434
1.24375
-0.95677
-2.90679
1.47814
-2.01966
-1.84535
-0.08542
-2.96946
-2.40929
-1.34702
-4.22752
-3.18826
-2.82208
-2.52897
-0.68697
0.64466
-2.79046
-2.44018
-2.16600
-1.27902
-3.25105
-2.99470
-2.11190
-2.29748
-0.94592
-1.13839
-0.97224
-0.98760
-3.13255
-3.18821
-3.13736
-0.96119
-2.90871
-3.13541
-2.40480
-1.84786
-2.23346
-2.47875
-2.59594
-2.85312
-4.25893
-2.68369
-3.37336
-3.16516
-1.69014
-2.75653
-1.63852
-1.10696
-2.41138
-3.33475
-2.20457
-3.53481
-1.71145
-3.51947
-2.49479
-2.78658
-0.22461
-4.41539
-3.74404
-1.38490
-2.15330
-1.65463
-0.74435
-3.02540
-2.63004
-0.87691
-1.62160
-0.20112
-2.24218
-1.77786
-1.27957
-2.83396
-1.76939
-1.53244
-0.88239
-2.20249
-4.21711
-1.06565
-2.64347
-3.61034
-3.81707
-2.27062
-1.23452
-0.54493
-2.44672
-2.18318
-1.31372
-2.16165
0.84020
-4.15549
-3.30853
-4.00807
-2.54606
-2.47579
-3.63483
-4.01192
-2.88336
-3.51951
-1.36368
-2.72974
-3.08868
-3.42153
-0.79502
-3.29241
-1.09725
0.25052
-1.96104
-3.74518
-2.55511
-1.06213
-1.51697
-3.23849
-3.23282
-2.38263
-3.69598
-3.07315
-1.78991
-1.78319
-3.22337
-2.12022
-2.73945
-2.10742
-2.66036
-3.40513
-1.08699
-0.20934
-0.82586
-2.76169
-3.50397
-2.84850
-2.81858
-3.34353
-2.10304
-1.57321
-0.43313
-2.99481
-0.64876
-1.49855
-2.02428
-2.41747
-1.19873
-2.68200
-1.01002
