-3.19531
-4.38497
-2.63914
-3.16522
-1.26493
-2.79953
-1.94282
1.81974
0.03879
-3.00801
-2.01955
-0.67176
-3.11218
-3.58811
-2.87583
-3.81830
-3.44389
-2.72062
-3.91537
-3.70423
-3.41579
-2.14155
-0.80556
-0.84281
-0.88356
-2.87542
-2.87329
-2.43113
-1.24095
-1.53672
-3.70054
-2.87106
-0.21153
-2.20282
-2.30350
-3.52831
-0.50237
-2.56546
-2.39724
-2.82210
-2.62443
-3.36710
-2.97584
-3.53393
-2.91857
-2.76762
-2.83443
-1.71883
-1.77720
-3.66698
-2.21476
-3.20544
-2.76381
0.04039
-3.05994
-3.10868
-1.89065
-3.31583
-2.57649
-2.86788
-1.97142
-0.87791
-2.44512
-2.30021
-2.75851
-1.68815
-1.28313
-2.69781
-3.81570
-2.90039
-3.27181
-3.80476
-3.14606
-4.32204
-3.09036
-3.60229
-1.17290
-1.99917
-1.37276
-3.38901
-3.07163
-4.28648
-4.31000
-3.16760
-2.67564
-3.10808
-3.97826
-3.41821
-0.11403
-2.26103
-2.84155
-3.48574
0.39537
-3.69663
-2.19251
-1.19821
-3.31076
-3.23747
-3.15036
-1.79998
-1.80979
-2.09260
-3.48805
-2.54447
-3.53724
-2.37453
-1.31563
-1.76946
-3.68108
0.81884
-0.47907
-1.59593
0.30271
-0.41400
-3.02388
-1.73684
-3.08390
-1.50131
-1.16074
-3.60857
-2.86182
-1.56802
-3.83884
-2.72829
-1.72645
1.57628
-2.05121
-3.21380
-2.67001
-2.18883
-2.47743
-2.59630
-1.77708
-1.26436
-3.66527
-2.28950
-1.52607
-2.19167
-3.82256
0.45850
-3.91933
-3.54831
-2.14635
-2.10049
-4.13184
-0.24595
0.36016
-0.07098
-1.23114
-2.85641
-3.16723
-4.12383
-1.53012
-4.22752
-3.18826
-2.44018
-1.27902
-1.13839
-2.90871
-4.25893
-3.37336
-1.69014
-2.20457
-2.49479
-3.02540
-2.24218
-1.76939
-1.53244
-4.21711
-4.15549
-3.30853
-2.47579
-2.88336
-1.51697
-2.38263
-1.78991
-2.73945
-2.84850
-3.34353
-1.19873
