0.23344
0.14697
1.19301
0.85595
1.56238
0.74481
-0.62819
1.05112
1.65572
-0.04845
1.87174
1.67537
0.40046
1.53677
-0.23036
-0.28720
0.65634
0.80520
-0.29255
1.08880
-0.21304
-0.61540
0.35199
-0.56944
0.21504
1.38840
-0.43882
0.08838
0.13359
1.87301
1.98770
1.37008
1.13575
1.11522
0.47232
1.39438
-0.27054
1.02668
0.97857
0.36025
0.16001
1.00480
0.95606
1.02121
0.32073
1.08652
0.75994
-0.91687
0.71506
0.45043
2.45165
1.07368
0.91099
0.12970
-0.45663
-0.09845
1.50591
1.81915
0.70057
1.28739
1.05001
1.03195
0.70211
2.37914
0.15514
0.42317
0.69960
0.72953
0.71670
1.88355
-0.01786
0.98650
0.77174
1.24827
1.76500
0.21149
1.07941
0.91443
1.26695
-0.29245
3.10277
0.80802
1.23903
0.90108
0.07564
0.87932
-0.43784
0.45839
0.27792
-0.44057
1.59394
1.42531
0.33779
-0.55162
-0.18342
-0.53398
0.99810
0.46104
-0.38401
1.05695
2.95568
5.80085
3.83544
0.19244
0.13370
-0.41951
-0.61747
1.02295
-0.08992
1.53127
3.08494
2.31873
-0.66251
0.00531
-0.70307
-0.07833
-0.28849
-0.18291
1.46087
-0.53735
1.78963
-0.40708
0.62063
-0.12909
0.80787
0.80142
-0.45888
0.87032
-0.08196
0.09487
0.72549
-0.09724
-0.30083
0.87175
-0.05556
1.17551
0.49229
0.10110
0.32403
1.11902
0.90668
1.47392
0.59618
0.41944
0.64369
-0.52633
0.61370
-0.09046
0.03177
1.35883
0.17174
-0.23316
1.85405
1.64221
0.49602
-0.50627
0.33166
0.28861
-0.41459
-0.90382
0.87110
0.42225
-0.21888
0.34381
0.84181
1.37308
-0.39678
-0.44447
0.36317
0.15633
-0.05946
0.73222
0.92953
0.84900
1.02094
0.79080
0.70695
0.09970
0.77305
1.35920
-0.11359
0.72108
-0.25324
-0.71966
0.23889
1.76208
0.85227
0.30060
0.55535
-0.02455
1.91324
0.81204
0.11820
0.41967
0.64938
1.11055
1.63985
1.29520
0.54889
0.99246
