0.38068
-0.70254
-0.12003
-0.55789
-0.29129
-0.67288
-0.50607
-0.36158
-0.26494
-0.07027
0.27411
-0.31873
0.10416
-0.39469
-0.60673
-0.55454
-0.66990
-0.53819
-0.61162
0.83680
-0.42608
-0.65381
-0.88880
-0.80706
-0.35008
-0.01926
-0.80344
0.12989
-0.69296
-0.48570
0.39650
-0.60823
-0.33651
-0.88695
-0.31414
-0.71663
-0.77973
-0.62295
0.01760
-0.31387
-0.45127
-0.44776
-0.74220
-0.59498
-0.75452
-0.12893
0.33991
-0.44591
-0.46666
-0.70470
-0.80625
-0.17320
-0.56543
-0.58597
0.74235
-0.37413
0.08291
0.14986
-0.47323
0.32248
0.90593
1.23651
-0.48843
-0.46650
-0.33279
-0.33089
-0.69730
0.13198
-0.73691
-0.46125
-0.62989
-0.32406
0.32444
-0.90572
-0.67436
-0.01538
-0.55680
-0.71816
-0.90044
-0.85043
-0.24737
0.23018
-0.10789
-0.91616
-0.18331
-0.87942
0.42534
-0.50898
0.43206
-0.68448
2.29535
4.34425
2.64904
0.17556
-0.75823
-0.89253
-0.20686
0.36026
0.19036
1.41395
0.31851
-0.29789
-0.27397
-0.16198
-0.90096
-0.77813
-0.88515
-0.61562
-0.10072
-0.63184
-0.03560
-0.65561
-0.88678
-0.64773
-0.61712
-0.90682
-0.59737
-0.41577
-0.35131
-0.22370
-0.07688
-0.48834
-0.66718
-0.74400
0.70009
-0.69562
-0.18816
-0.75461
-0.53888
-0.55476
-0.63191
-0.51659
-0.68026
-0.60779
0.01326
-0.77606
-0.73018
0.15859
-0.48267
-0.03108
0.12118
-0.79466
-0.06446
-0.05355
-0.10879
-0.52852
-0.29428
-0.24338
-0.46857
0.11333
-0.34547
-0.41474
-0.43741
-0.73840
-0.36869
-0.45956
-0.66844
-0.83020
0.20792
-0.41695
-0.33894
0.20710
-0.85800
-0.34441
1.25584
0.10956
-0.68099
-0.45290
-0.66370
-0.05381
-0.22269
0.19662
0.90435
-0.71192
-0.48744
-0.33704
-0.48208
0.15642
-0.26729
-0.19667
-0.71142
