-0.24444
0.38068
-0.54272
0.16545
-0.70254
-0.68684
-0.32546
-0.62406
-0.69852
-0.58307
-0.60156
-0.19480
-0.12003
-0.79965
-0.70624
-0.72261
-0.74090
-0.55789
-0.50795
-0.30513
-0.34502
-0.31438
0.02335
-0.29129
-0.37376
0.21385
-0.60542
-0.90389
-0.70524
-0.33904
-0.67288
-0.50607
-0.33841
-0.36158
-0.55220
-0.19585
-0.54610
-0.84351
-0.61749
-0.83999
0.36820
-0.26494
-0.07027
-0.73165
-0.09278
-0.26238
-0.09539
0.50387
-0.43916
-0.50136
-0.28307
0.27411
-0.49623
0.15821
-0.39481
-0.04223
-0.87369
-0.69572
-0.67387
-0.31873
-0.36719
-0.27150
-0.63696
0.22324
0.10416
-0.39445
-0.19436
0.00623
-0.34080
-0.57951
-0.78169
-0.80316
-0.69054
-0.74597
0.31311
-0.39469
-0.04629
-0.73397
-0.23379
-0.35182
-0.60673
-0.52531
-0.55454
-0.67302
-0.40402
-0.66990
-0.69142
-0.29072
-0.71159
-0.86781
0.13291
-0.49777
-0.64053
-0.71037
-0.39946
-0.53819
-0.80970
-0.05978
-0.61162
-0.13060
-0.39211
0.83680
0.44938
-0.60505
-0.36766
-0.80995
-0.41333
-0.63898
-0.42608
-0.26101
-0.04137
0.37162
-0.45101
0.92980
0.21146
-0.61274
0.52073
-0.45677
-0.65381
-0.79054
-0.88880
-0.86558
-0.89393
-0.25298
-0.88400
-0.83488
-0.22158
-0.80706
-0.91056
-0.35008
-0.02318
-0.84241
-0.25900
-0.27910
-0.69009
0.09211
-0.62681
-0.36613
-0.01926
-0.80344
-0.34520
-0.72536
-0.38899
0.12989
-0.82904
-0.25867
-0.78387
-0.55118
-0.53815
-0.28379
-0.69296
-0.52717
-0.49127
-0.48570
0.00843
-0.38136
0.39650
0.75824
1.87297
0.63552
-0.43807
-0.65758
-0.08275
-0.77258
-0.92151
-0.77082
-0.58719
-0.60823
-0.17903
-0.70495
-0.33651
-0.59672
-0.72507
-0.20339
-0.88695
-0.50534
-0.31414
-0.87084
-0.73931
-0.81505
-0.71663
-0.80011
-0.77973
-0.38597
-0.65869
-0.65470
-0.63989
-0.77076
-0.52924
-0.10068
-0.84682
-0.92021
-0.58755
-0.62295
-0.63527
-0.19666
-0.45794
-0.62263
-0.73727
-0.67682
-0.15975
-0.56879
-0.33184
-0.50734
-0.92059
0.01760
-0.58421
-0.31387
0.42768
-0.10632
-0.66822
-0.55204
0.01009
0.50431
-0.45127
-0.59384
-0.72189
-0.61377
-0.79032
0.14720
-0.55950
-0.09723
0.35282
-0.44776
0.31937
-0.88064
0.02711
-0.53756
-0.51247
-0.51738
-0.31699
-0.31221
-0.35778
-0.74220
-0.89434
-0.58373
-0.35942
-0.41119
-0.52078
-0.45541
-0.59498
-0.49016
-0.67169
-0.87357
-0.73078
-0.17561
-0.77431
-0.30881
-0.53347
-0.52221
-0.75452
-0.77796
-0.30544
-0.16732
-0.14203
-0.31817
-0.38680
-0.12893
-0.31123
0.33991
-0.27070
1.19928
-0.44591
-0.83717
-0.70149
-0.20294
-0.31472
-0.12651
-0.62308
-0.81098
-0.31407
-0.06005
0.36564
0.02120
0.43139
0.04776
-0.28470
-0.46666
-0.10555
-0.26980
-0.70470
-0.76169
0.01970
-0.03809
-0.41956
-0.77611
-0.68364
-0.80625
-0.00496
-0.22268
-0.49302
-0.17230
0.08092
-0.17320
-0.91217
-0.82206
-0.47749
-0.56543
-0.77529
-0.69824
-0.60442
-0.02741
-0.30306
-0.55468
-0.58597
0.00624
-0.52324
-0.65420
-0.36933
0.74235
-0.47181
-0.11066
-0.37413
-0.58013
0.08291
-0.40400
0.24678
-0.60063
-0.60089
-0.39013
-0.28885
-0.49168
-0.40129
-0.73679
-0.09200
-0.79652
-0.56803
-0.47350
0.15839
0.14986
-0.47323
-0.92190
-0.69720
0.32248
-0.11232
-0.68088
-0.57531
-0.17065
-0.38313
0.18775
-0.01148
-0.81837
-0.82242
-0.42262
0.90593
-0.67748
1.23651
-0.18429
-0.45951
-0.22076
-0.46378
-0.71523
-0.78570
0.36845
0.76152
-0.53934
-0.76567
-0.48843
-0.46650
-0.66673
-0.08438
-0.64396
-0.57830
-0.33279
-0.25732
-0.80678
-0.16080
-0.80683
-0.33089
-0.57529
-0.82002
-0.69730
-0.54508
-0.90790
0.13198
-0.11821
0.14876
0.16990
-0.14177
0.16241
0.24320
-0.73691
-0.51325
-0.69378
-0.86972
-0.66556
-0.74051
-0.89420
-0.39524
-0.46125
0.04137
-0.44732
-0.13732
-0.63499
-0.58277
-0.04645
-0.31003
0.24010
-0.63435
-0.62989
0.05975
-0.79152
-0.28925
-0.32406
0.21886
-0.19735
-0.43694
-0.65298
-0.51891
0.32444
-0.89587
-0.90572
-0.00361
-0.62345
-0.59624
-0.67436
-0.69783
-0.78164
-0.10110
-0.67465
-0.62188
-0.89943
-0.76752
-0.01538
-0.05803
-0.43971
-0.55680
-0.90456
0.04694
-0.50380
-0.71816
-0.16567
-0.72080
-0.79378
-0.41969
-0.75183
-0.86332
-0.34626
-0.71801
0.59541
-0.73628
-0.90044
-0.85043
-0.88769
-0.92061
0.05231
-0.53347
-0.38467
-0.35613
-0.15188
-0.45263
0.56917
0.44819
-0.35904
0.33861
-0.29560
0.06190
-0.46599
-0.43688
-0.24737
0.23018
-0.66471
-0.78710
-0.42324
-0.45650
-0.87622
-0.82393
-0.10789
-0.91616
-0.37777
-0.16679
-0.59315
-0.32310
-0.81210
-0.67110
-0.18331
-0.87942
-0.86111
-0.91844
-0.67106
-0.41663
-0.48154
-0.52190
-0.63673
-0.82451
0.42534
0.43099
-0.50898
0.41595
0.50429
0.09335
0.34595
0.43206
-0.37451
-0.84196
-0.68448
-0.92190
-0.49995
-0.82016
-0.36734
-0.79346
-0.33498
-0.85968
-0.47389
0.34722
1.47124
0.29875
2.29535
4.34425
-0.74733
-0.90216
-0.74267
0.61729
2.64904
2.57965
0.17556
-0.11714
-0.10553
-0.89713
-0.85075
-0.86102
-0.91949
-0.86775
-0.91273
-0.92178
-0.19533
-0.51875
-0.75823
-0.89253
-0.65061
-0.78228
-0.82118
-0.87950
-0.89117
-0.75514
-0.20686
-0.58294
-0.59936
0.36026
-0.28698
-0.63321
-0.32937
0.19036
-0.25436
0.60512
-0.56858
-0.06299
1.41395
-0.27617
-0.28764
0.29342
-0.00561
-0.84449
0.33048
-0.87044
0.60603
0.31851
0.04496
-0.29789
0.07405
-0.27397
-0.23587
-0.49021
-0.86550
-0.45728
0.36180
0.11637
-0.78506
-0.82295
0.31262
-0.16198
-0.54430
0.08677
-0.73275
-0.83928
-0.90096
-0.77813
-0.78167
-0.83553
-0.29309
0.34336
-0.30866
-0.77212
-0.79224
-0.04125
-0.75897
0.27336
-0.88515
-0.61562
-0.67841
-0.85019
-0.44439
-0.79242
-0.70743
-0.43696
-0.59744
-0.10072
0.11785
-0.58164
-0.47070
-0.04828
-0.75138
-0.04188
-0.64881
0.33202
-0.45486
-0.02423
-0.52219
-0.63184
-0.03560
-0.65561
-0.88678
-0.43875
-0.56946
-0.28517
-0.28650
-0.27737
-0.31393
-0.59265
-0.05971
-0.75317
-0.64773
-0.28367
-0.80912
-0.28566
-0.58605
-0.62861
-0.21263
-0.38754
-0.39637
-0.61712
-0.90682
-0.67859
-0.23013
0.01014
-0.21740
-0.58385
-0.59737
-0.60562
-0.91532
-0.35640
-0.38963
-0.29552
-0.14852
-0.46439
-0.44527
-0.34904
-0.41577
-0.44601
-0.35262
-0.35131
-0.22370
-0.87752
-0.46189
-0.34008
-0.64087
-0.07688
-0.74192
-0.65295
-0.62650
-0.62620
-0.26717
-0.47481
-0.31111
-0.62125
-0.48834
-0.24246
-0.79327
-0.66718
-0.76334
-0.80438
-0.74400
-0.07427
-0.72881
-0.26418
-0.55872
0.36304
0.70009
-0.26015
-0.73836
-0.50793
-0.69562
-0.59582
-0.52833
0.40958
-0.04929
0.14793
0.02545
-0.18816
0.56189
-0.75461
-0.75599
-0.75504
-0.35387
-0.71099
-0.66554
-0.53888
-0.65548
-0.91557
-0.90993
-0.37654
-0.33799
-0.55476
-0.56527
-0.64288
0.48572
-0.02063
-0.63191
-0.85617
-0.72124
-0.24301
-0.51659
-0.49311
-0.75083
-0.13173
-0.44762
-0.72000
-0.73942
-0.81661
-0.28457
-0.68026
-0.86402
-0.19125
-0.58630
-0.13141
1.30737
0.18730
-0.65476
-0.60779
0.01326
-0.84423
-0.88661
-0.00760
-0.83473
-0.91981
0.05204
-0.79735
0.08689
-0.77606
-0.73018
-0.92107
0.15859
-0.35818
-0.87183
-0.20070
-0.64028
-0.48267
-0.23974
-0.20238
-0.67006
-0.26000
-0.03108
0.04787
-0.76698
0.40183
0.05254
0.12118
-0.73705
-0.65382
-0.43973
-0.17680
-0.47011
0.02378
-0.17697
-0.63219
-0.79466
-0.43907
-0.22635
-0.04803
-0.06446
-0.49138
-0.87075
-0.05355
0.60027
0.66781
-0.07667
-0.16448
-0.12488
-0.25005
-0.34707
-0.10879
-0.49037
-0.59905
-0.52852
-0.65495
-0.24664
-0.11778
-0.29428
-0.92134
-0.66750
-0.76968
-0.76494
-0.77154
-0.24338
-0.71062
-0.86699
-0.46857
-0.84845
-0.27546
-0.91824
1.09635
-0.37360
-0.33899
-0.36909
0.11333
-0.13842
-0.53211
0.26500
-0.39834
-0.41279
-0.39003
-0.41371
-0.24832
-0.60052
-0.69646
-0.50956
-0.34547
-0.66304
0.27442
-0.60439
-0.13513
-0.43543
-0.41474
-0.46874
-0.09017
-0.48236
0.05252
-0.43741
-0.61843
-0.05040
-0.73840
-0.85665
-0.88021
-0.75578
-0.05908
-0.37221
-0.40511
-0.51074
-0.70844
-0.79082
-0.36869
-0.55947
-0.48095
0.23625
0.11960
-0.86846
-0.42793
-0.67938
-0.81941
-0.43991
-0.45956
-0.69367
-0.87448
-0.68912
0.02251
-0.66844
-0.79200
-0.02944
-0.55401
0.85839
-0.77907
-0.18498
-0.16795
0.13637
-0.47588
-0.29758
-0.83020
-0.42453
-0.91563
-0.16887
0.20792
-0.12889
-0.56237
-0.59973
-0.88068
-0.41695
-0.45133
-0.15151
-0.40534
-0.67666
-0.70115
-0.16339
-0.36103
-0.09766
-0.33894
-0.59250
0.20710
-0.13442
0.27803
-0.44365
-0.87633
-0.57555
-0.48598
-0.88004
-0.85800
-0.23945
-0.34441
0.06978
-0.77763
-0.91839
1.25584
-0.77104
-0.70189
-0.84751
-0.88804
-0.29907
-0.81359
-0.73159
0.10956
-0.73210
-0.68099
-0.45290
0.10713
-0.24642
-0.71726
-0.17760
-0.77133
-0.25114
-0.13913
-0.73453
-0.64071
-0.89755
-0.26516
0.60404
-0.66370
-0.81763
-0.70190
-0.46200
-0.44972
-0.84602
-0.32875
-0.25934
-0.34341
-0.59544
-0.44660
-0.05381
-0.88412
-0.51426
-0.22269
-0.59442
-0.21597
-0.83524
-0.41998
-0.34274
-0.30497
1.44597
-0.72376
0.19662
0.90435
-0.42848
-0.16035
-0.73108
-0.71024
-0.12166
-0.50490
-0.71192
-0.66023
-0.48744
0.09774
0.25300
0.37925
0.09623
-0.39779
-0.33704
-0.48208
-0.62074
0.27605
-0.63487
-0.55974
-0.45950
-0.49885
-0.74270
-0.06890
-0.88145
-0.83229
-0.92110
-0.85141
-0.74938
-0.80047
0.15642
0.27559
-0.63372
-0.26729
-0.57804
-0.52213
-0.19667
-0.89486
-0.66552
0.05614
-0.80963
-0.21028
-0.76224
-0.69867
-0.43475
-0.19572
-0.84640
-0.57884
-0.10592
-0.34493
-0.71142
