1.06666
-0.94060
-1.01392
-0.46215
0.00951
-0.98913
-0.60525
-0.63292
-0.23717
-0.92785
-0.97217
-0.90040
-0.51896
-0.42267
-0.34311
-0.76517
-0.32132
0.03412
-0.90431
-0.88506
0.32211
-0.24461
1.15176
-0.83413
-0.93546
-0.03222
-0.86484
-0.48457
0.83888
-0.89338
0.26160
-0.07202
-0.68407
-0.87952
-1.01735
-0.04325
0.72446
-1.01109
-1.01883
-0.99834
-0.88552
-0.34764
0.15603
0.25873
-0.90064
-0.10657
-1.01717
-0.97620
-0.33055
-0.58234
-0.43288
-0.89686
0.57443
-0.83910
-0.99430
-0.61426
-0.10780
-1.02104
0.73505
-0.26283
-1.00653
-0.58715
-1.01608
-0.77207
0.12248
-0.61210
-0.92738
-0.77374
-0.67805
-0.80745
-0.29431
-0.65525
-0.92232
-0.62367
-0.15321
1.03957
-0.97235
-1.01700
-0.80302
-0.95466
-0.36282
-0.52031
0.19591
-0.98412
-0.08864
0.21866
-0.17325
0.21218
-0.39007
-0.96900
-0.15864
-0.91013
-0.80047
-0.86365
-0.94097
-0.71372
-0.78740
-1.00651
-1.02338
-0.99210
-0.98243
-0.58401
-0.75400
-0.57901
-0.97284
-1.02203
-0.67233
-0.87302
-1.01241
-0.03149
-0.76508
-0.98400
-1.02621
0.39265
-0.37194
0.10725
-0.87336
-0.28501
-0.44790
0.77941
-0.80382
0.06762
-0.49991
-0.70368
-0.89959
-0.95331
-0.81543
-0.84705
-0.88420
-1.02121
-0.10695
-1.00850
-0.99949
-0.20474
-0.78277
-0.55696
-0.68710
-1.00741
-0.23554
-1.00224
-0.46151
-0.67353
-0.32202
-0.95290
-0.82920
-0.93517
-0.09313
-0.08010
-0.69054
-0.56023
0.52282
-0.25675
-0.47316
-0.23661
-0.73549
-0.55385
-0.98621
-0.99871
-0.73697
-0.83373
-0.35998
-0.88320
-0.94368
-0.17996
-0.54491
-0.83888
-0.70113
-0.52723
-0.74535
-1.02059
-0.31265
-1.00234
-1.01475
-0.57351
-0.60392
-0.55542
-0.79829
-0.46952
-0.96781
-0.67767
-0.59476
-1.00118
-0.39429
-1.02451
0.00301
-0.55106
-1.01803
0.47621
-1.01767
-0.66812
-0.25085
-0.15976
-0.72695
-0.39923
1.37812
-0.37026
-1.02708
-1.02580
-0.87428
-0.77229
-0.85074
0.14506
-0.24073
-0.96126
-0.65867
-0.27634
-0.93235
-1.01450
-0.13217
-1.01738
-1.00370
-0.84114
-0.15190
-0.84094
-0.89315
-1.00272
-0.91527
-0.99132
-0.54625
-0.89652
-0.92654
-0.21931
-0.66267
-0.74726
-0.69541
-0.91868
-0.18716
-0.84636
0.60219
-0.29227
-0.96058
-0.92257
-0.45248
-1.02749
-1.00051
-0.38863
-0.60252
-0.92715
-0.63886
-1.02509
-0.66170
-0.52016
0.22522
-0.92526
-0.41000
-0.22565
-0.26416
-0.94975
-0.73964
-0.91145
-0.69853
0.07549
-0.80283
-0.78400
-0.90530
-0.98941
3.55744
-0.87864
-0.89049
-0.83178
1.62383
-0.78740
-1.00973
1.10235
-0.93813
-0.94454
-1.02596
-0.77669
-0.50663
-0.80572
2.06452
-0.72455
-0.49080
0.02187
-0.25506
0.75758
-0.87827
-0.42104
-0.98933
-0.91669
0.44111
-1.01955
-1.02499
-0.93308
-0.54102
-0.94581
-0.87321
0.69169
-0.87903
-0.43134
-0.98807
-0.67401
-1.02321
-0.99935
-0.01694
-0.11564
-0.81965
0.33986
-0.98983
-0.46656
-0.19210
-0.91899
0.43101
-0.77103
-1.02719
-0.94140
-0.68504
-1.02722
-0.65021
-0.85832
-0.96071
-0.72666
-0.55807
-0.24395
-0.34128
-0.90071
0.30013
-0.91341
-0.57007
-0.73878
0.14484
-0.16481
-1.02420
-1.01595
-1.00849
-1.01002
-0.83153
-0.88172
0.00671
-0.74988
-0.51863
5.29652
0.43556
-0.91288
-0.19330
-0.81942
-1.02420
-0.90372
-0.35024
-0.95710
-0.43414
-0.94349
-0.89805
-0.84922
-0.44215
-0.81806
-0.71236
1.75347
-1.02389
-0.96802
-0.28399
-0.06309
-0.51768
-1.01279
-0.65128
-0.44900
-0.99052
-0.85300
-0.97490
-0.87494
-0.90100
-0.69362
-0.62655
-0.69563
-0.21262
-0.57198
3.63777
2.04140
0.01287
-0.85710
-0.67881
-0.89017
-0.72171
-0.99176
-0.62458
-0.99934
-1.02092
-1.01528
0.02290
-0.72962
-0.71449
-1.00151
-1.01775
-0.11805
-0.36870
-0.91979
0.26874
-1.01514
0.03324
0.25948
-0.35665
0.40905
-0.58335
0.26639
-0.35179
-0.73579
0.21401
-0.92045
-0.48012
-0.81047
-0.51175
-0.13593
-1.02018
0.22644
0.16949
-1.00976
-0.15898
-0.08636
-0.93210
-0.22436
-1.02630
-0.73631
-1.00321
0.21675
-0.17802
-0.96575
-0.63112
-0.65253
-0.96323
-1.02337
0.26164
-0.33188
-0.23123
-0.90277
-0.80330
-0.71229
-0.89205
-0.65238
-0.41754
-0.75837
-1.01233
-0.11169
-1.01651
-0.22962
-0.94884
-0.94342
-0.25803
-0.85204
-0.60448
-1.02725
-0.96953
-0.80119
-1.01631
-0.30336
-0.89537
-0.99932
-0.53391
-0.58178
-1.01498
-1.02616
-0.15309
-0.57838
-1.02312
-0.03857
-0.23222
-1.00546
-0.15184
-0.53099
0.09052
-1.02516
-1.01446
-1.01930
-1.01538
-0.44855
-1.02543
-1.02439
-0.47757
0.33801
-0.94849
-0.73172
-1.01886
-1.02060
-0.50169
-1.00065
-0.78396
-0.71496
-0.31420
-0.44391
-0.98246
-0.90256
-0.79987
-0.28535
-0.45740
-0.88167
-0.35383
0.43173
-0.46387
-0.66403
-0.97149
0.16896
-0.24404
-1.01650
-0.70793
-0.71500
0.01043
-0.00042
-0.98694
-0.95881
-0.50849
-0.35971
-0.79139
-0.81214
-0.78740
-0.92371
-0.57592
-0.29492
-0.07705
-0.70527
0.16781
-0.51360
0.13487
-0.63468
-0.97140
-0.29896
-0.95519
-0.94290
-0.72415
-0.44135
0.07838
0.26456
-0.91034
-0.83769
-0.82015
1.07719
1.37016
-1.02446
-0.68162
-0.75061
-1.01359
-1.00911
-0.55257
-0.37669
-0.61717
-0.74829
-0.96327
-0.98366
-0.84449
0.41976
-0.91279
-0.58682
-0.77787
-0.98256
-0.41134
0.05457
-0.71036
-0.68563
0.49488
-1.02711
0.64700
0.88192
0.56791
-1.02132
-0.47405
-0.21852
-0.32837
-0.84536
-0.93852
-0.61351
-0.64636
-0.82350
-0.71761
-0.91432
-0.80766
-0.02429
-0.45633
-1.01611
-0.34399
-0.34155
-0.90499
0.26742
-0.98825
-0.45133
0.05468
-0.56808
-0.34174
-0.68204
-0.61348
-0.68973
2.21396
-1.02749
-0.93692
-1.00660
-0.66391
-0.88575
-1.02406
0.94450
-0.98572
-1.02575
0.22937
-1.01614
-0.61418
-0.81335
-0.59851
-1.01118
-0.36964
-0.99051
-1.02712
-0.59118
-0.98304
-1.02674
-0.13713
0.28734
-0.58394
-0.50549
-0.95962
-0.47138
-0.87558
-1.02349
-1.01536
-0.67038
-0.16765
-0.93457
0.04253
-0.63826
-0.30702
-0.73959
-0.66894
0.33102
-0.82595
-0.14637
-1.02176
-0.21244
-0.79993
-0.86052
-0.54901
-0.67717
-0.16587
-0.79944
-1.02496
-0.44044
-1.02617
-0.86130
0.38816
-0.97011
-0.98868
-0.16152
-0.90256
0.16196
-0.94130
0.05347
-1.02750
-0.48351
-0.45727
-0.97306
-1.01529
-0.06712
-0.97956
0.11924
0.37925
-1.01853
-0.53065
-0.17749
-1.02741
-0.23779
-0.66075
-0.93022
-0.78710
-0.99003
0.44058
0.79304
0.46791
-0.75814
-0.52595
-0.31999
-0.79454
-0.49685
-0.81208
-0.89830
-0.74271
-0.55918
-1.02204
-0.94270
-0.96839
1.14607
0.24096
-0.75340
-0.68535
-0.83206
-1.02086
0.03448
-0.45428
-0.06823
-0.36610
-0.94195
-0.70634
-1.01993
-1.02685
-0.44214
-0.97199
-0.93371
-0.38997
-0.55273
-0.31100
-0.89750
1.94373
-0.50989
-1.01618
-0.89372
-0.97477
0.42781
-1.00809
-0.97004
-0.18407
-0.77082
-0.94171
-0.98870
-0.85427
-0.31379
-0.93056
-0.72445
-0.99574
-1.02393
-0.89746
-0.34222
-0.03277
-0.70460
-0.00225
-0.38984
-1.01783
-0.25860
-0.47628
-0.52518
-1.00223
-0.92771
-0.89162
-0.14050
-0.60717
-0.75695
-0.83199
-0.95421
-0.29454
0.52879
-0.60330
-0.75641
-0.70748
-0.15572
-0.96424
-0.65983
-0.59555
-0.66061
-1.01608
0.55294
-0.45762
-0.83380
0.53485
-0.41080
-0.94244
-0.81763
-0.14214
-0.82668
-1.00807
0.22152
-0.71319
-0.99871
-0.67611
-0.98067
-0.96148
-0.70184
-0.61246
0.06813
-0.57134
-0.76923
-0.86372
-0.93667
-0.72219
0.05511
-0.51889
-0.42488
-0.17054
-0.91205
-1.00673
-0.30040
-0.60051
-0.95319
-0.94886
1.59046
-0.84854
-0.99415
1.17856
-0.74472
-0.42567
-0.32807
-0.99446
-0.88110
0.03157
-0.97073
-0.81871
-0.59470
-1.02121
-0.40802
-0.93155
-1.02179
0.55985
-0.26118
-0.75871
0.27893
-1.01950
-1.01057
-0.82219
-0.64485
-0.96230
-0.56741
-0.99689
-1.00708
-0.47524
-0.29371
-0.10105
-0.98470
-0.82867
-0.28250
-0.43660
-0.38275
-0.91358
-0.70574
-0.91456
0.08859
0.26645
-1.02633
-1.01798
-0.18085
-1.02748
-0.83072
-0.72078
-0.48045
