-0.80572
-0.80717
-0.71492
-0.95463
-0.46353
-0.96793
-1.01999
-0.99007
-1.02671
-0.91487
-0.70843
-1.01928
-0.95560
-1.02195
-0.26966
-0.96330
-1.02677
-1.00716
-0.64012
-0.36089
-1.02174
-0.89874
-0.99840
-0.57900
-1.02742
-0.66388
-0.24487
-0.82203
-0.99776
-0.71569
-0.89390
-1.00986
-1.01920
-1.01006
-0.94406
-0.72964
-0.91120
-0.85036
-0.34793
-1.02085
-0.92366
-0.21448
-1.01913
-0.94479
-0.75480
-1.00473
-0.92033
-0.70568
-0.95488
-0.82567
-0.96086
-0.97386
-0.14060
-1.01781
-0.82617
-1.01556
-0.10199
-0.86921
-0.96030
-0.95877
-0.51655
-1.02725
-0.67277
-0.86393
-0.74747
-0.81125
-0.65874
-0.92445
-0.88441
-0.90045
0.52911
-1.01166
-1.01490
-0.61997
-0.80711
-0.95336
0.00054
-1.01684
-0.89025
-0.61932
-0.88716
-0.43471
-1.01807
-0.86711
-0.97565
-1.02745
-1.00228
-1.02228
0.34700
-0.84863
-0.83242
-0.92126
-1.00844
-0.98558
-0.85719
-1.00311
-0.76506
-1.02175
-1.00275
-0.62412
-0.83262
-0.93527
-0.03227
-0.85193
-0.98441
-0.86600
-0.93356
-1.02625
-0.99690
-1.02102
-0.82154
-0.97910
-1.00291
-1.00849
-0.87551
-0.90260
-0.91629
-1.02464
-1.02400
-1.00656
-0.93630
-0.80079
-0.86888
-0.62840
-0.94249
-0.84003
-0.23955
-0.93420
-1.02648
-0.94428
-1.02306
-0.63525
-0.94552
-0.88511
-1.01516
-0.78399
-0.64964
-0.85022
-0.99201
-0.51934
-1.01441
-0.89012
-1.02691
-1.00408
-0.69249
-0.66116
-0.30514
-1.02735
-1.02417
-1.02217
-1.02397
-0.99903
-1.02624
-0.70205
-0.98632
-0.78694
-0.98604
-0.77112
-0.31354
-1.02674
-0.95424
-1.02747
-0.97605
-1.02690
-0.77993
-1.02641
-0.57376
-1.00357
-0.45429
-0.57454
-0.87705
-0.87347
-1.02107
-0.85749
-1.01807
-1.02297
