-0.47639
5.40116
3.44214
3.24407
2.41682
3.66941
3.84687
4.90150
3.60561
5.32870
1.30315
2.71247
4.78270
2.71857
5.36465
3.54351
6.14204
-0.88390
2.16836
1.98133
2.59113
3.96212
5.01092
-0.53964
2.25183
2.22148
5.21954
2.43713
3.09732
2.15358
4.59809
-0.13820
3.44227
4.37743
1.75101
4.36277
6.45214
3.44292
4.54854
4.04597
4.41692
2.70742
1.25061
5.89955
3.30086
4.78619
2.88852
4.29651
5.08486
2.15297
5.01380
-0.10564
4.99542
-0.63640
3.49744
2.83712
6.52218
1.47378
6.65695
2.76590
3.42723
5.55262
3.20845
4.77311
2.77558
2.59805
4.85116
5.88364
6.59053
5.89710
-0.34977
3.43900
1.18814
6.57324
1.83935
4.10177
1.29930
6.51621
1.72475
7.52125
3.79509
2.70125
-0.72541
3.14783
2.20845
3.49244
5.42017
2.76357
1.87964
0.27696
5.69271
6.55708
4.47700
3.76428
3.98936
5.05956
3.74986
0.44751
7.52125
3.81864
5.42726
3.94351
3.68751
3.76615
6.32636
3.52348
1.35906
2.65857
1.60596
3.75255
0.69367
2.62850
6.74945
3.49770
0.92043
0.45406
0.03961
1.63449
0.68917
1.09855
3.38609
2.71231
1.49218
3.46532
4.86193
3.38934
3.87668
4.31651
1.24223
5.75027
2.75566
2.41381
4.84530
3.37083
1.93593
2.22139
3.25711
2.34680
1.32165
0.46219
-0.11489
0.19839
3.28648
1.52678
-0.69919
4.17889
2.62189
5.64790
7.21060
5.95636
2.27974
1.80773
6.64524
4.50401
3.49852
1.94830
3.42950
2.11223
4.66983
3.42539
1.61252
-0.29004
2.99159
5.00133
4.06915
2.23138
1.12958
0.05724
2.51332
1.44800
0.30959
0.28856
0.96668
1.76123
6.24007
2.90031
2.98953
4.06664
