5.69207
5.69207
0.72663
5.69207
2.14323
5.69207
5.69207
3.55991
3.25467
-1.06166
3.99589
5.69207
5.69207
5.69207
5.69207
1.15470
4.77292
5.69207
5.69207
2.90661
2.95573
5.69207
4.62636
5.69207
4.52115
5.69207
3.46566
4.13848
5.69207
5.69207
5.69207
2.39751
3.66892
5.69207
1.97663
3.78584
5.69207
4.22773
5.69207
-1.72838
4.44026
5.69207
1.80908
-0.77551
5.69207
4.50889
5.69207
-1.86501
5.69207
1.10308
0.19867
5.69207
5.69207
5.69207
2.88561
5.69207
4.49990
5.69207
5.69207
5.69207
0.33548
5.69207
3.80747
4.12593
-0.44615
5.69207
5.69207
1.30656
4.72670
5.69207
-3.39175
0.32866
4.37244
5.69207
5.69207
1.54473
4.35357
5.69207
-2.47075
5.69207
5.69207
2.96148
5.69207
-1.49870
5.69207
5.69207
5.69207
4.13226
3.96860
-0.48950
5.69207
5.07876
5.69207
-2.79200
5.69207
5.69207
5.69207
5.69207
5.69207
3.78674
5.26168
2.65643
5.69207
5.38567
5.69207
5.69207
4.83861
-1.60992
5.69207
1.43408
0.86685
-0.39477
2.05554
3.63260
5.69207
0.01425
5.41022
5.69207
3.51390
0.59192
1.80337
5.69207
-1.38970
5.69207
4.44207
5.69207
1.23710
1.39157
1.66936
3.47194
4.70244
5.69207
5.69207
3.44404
1.23829
5.69207
3.79478
2.13418
5.69207
3.60411
5.69207
5.69207
1.49732
2.86151
1.05615
1.09233
5.69207
5.69207
1.43658
5.69207
5.69207
5.59106
5.69207
5.69207
5.69207
5.69207
1.56039
1.47952
-2.26559
1.48164
-0.86472
-0.73251
1.93063
-2.76695
4.50298
5.69207
1.12764
5.69207
5.69207
5.35372
5.69207
5.69207
-2.05160
3.37460
5.69207
2.69641
5.19596
5.69207
5.69207
0.89706
0.66558
4.07367
5.69207
4.19348
2.77391
1.66957
5.69207
5.69207
5.69207
3.33042
3.08192
5.69207
4.51793
5.20354
5.69207
5.69207
5.69207
5.69207
-0.92647
-1.85151
