-2.33018
-2.40315
-0.40498
-3.13758
-2.19513
-3.37492
-3.66792
3.80359
-1.48690
-3.66554
-0.40002
-1.84610
-3.66792
-3.28788
-0.51494
-0.10230
-0.00244
-1.29296
-2.65510
-3.58516
-0.28375
-3.29995
-3.66792
-3.46276
-3.66792
-3.66792
-3.43508
-3.63767
-1.78356
-3.47847
-3.66792
-3.66792
2.83800
-3.29213
-2.52893
-0.08033
-1.23399
-3.49826
-0.79790
-1.09956
-2.34622
-3.66792
-3.23672
-3.26707
-3.66792
1.94662
1.11657
-2.65744
-3.39444
-1.47951
-2.52012
-3.10934
-3.63186
-1.80434
-1.90544
-2.82176
-1.19838
-3.16584
-3.31387
-3.31517
-0.72460
-3.12739
0.60251
-3.22937
-3.54351
-3.04127
-2.89402
0.82584
-3.08441
-3.25361
3.99716
-3.08431
-3.40727
-3.53623
-3.47278
-3.66792
-2.86363
1.14137
1.86793
-1.44693
-0.34914
-3.30650
-1.65256
-2.52716
0.95020
1.08190
-1.00530
-3.44490
-3.47589
-3.19075
-3.05033
-2.14884
-2.23406
3.22791
-2.96251
-3.33527
-2.96587
-0.67167
0.53839
-3.47661
-2.49667
-3.66792
-3.45336
-1.05382
-3.13802
-1.00163
-2.90007
-1.96359
4.64788
-1.54439
-1.63172
-2.28334
-2.47149
-0.71510
-3.66792
-3.66792
-3.21553
-1.20606
-3.40369
-2.35082
-3.59906
-3.66792
-1.00182
-0.95933
-1.69760
-0.75129
-3.58472
-2.29082
-2.37636
-2.97434
-3.66792
-2.92508
0.51345
-1.28122
-3.66792
-3.38765
-2.27379
-3.66792
-2.63380
-3.66792
-2.91166
1.75937
-2.39806
-0.51549
-3.12744
-1.30115
0.39887
-3.62013
-1.87027
-3.10165
-2.08961
-1.52791
-3.57958
-3.22091
-2.67505
-2.68030
-2.72699
-2.53153
-0.65789
-1.06112
-3.55654
-1.62828
-1.60551
0.73240
-3.36022
-0.51386
-3.19732
-2.37362
-1.65257
-2.99145
-2.63053
-2.65800
-2.71977
-2.30788
-3.66792
-3.09058
-3.14160
-3.12762
2.19464
-1.93659
