-2.57461
-2.33018
1.38792
-0.26009
3.94939
-0.00312
-3.66792
-2.40315
0.06677
0.75333
1.37270
2.13248
-0.94555
-1.39277
0.21580
-0.40498
-0.96615
-0.61897
0.82462
-3.61575
-3.13758
-3.66792
-0.87478
-2.19513
-2.91839
-2.98204
-0.59770
-3.25947
-3.37492
-3.66792
-3.66792
5.69207
-3.36673
3.80359
-3.66792
0.08001
-2.17352
-0.86248
2.82198
-1.56998
1.40477
-1.78811
-0.87033
0.85218
-2.21930
2.36452
-1.58568
3.36687
-1.48690
-2.20690
1.05447
5.69207
-3.44086
0.20447
-2.88485
-3.66554
-1.53238
4.20834
-3.66792
-0.40002
-3.23953
4.37982
-2.49320
0.75888
-1.55403
-1.84610
-3.55593
-3.66792
1.68331
1.25099
-3.66792
-3.28788
-0.51665
-2.11880
-3.36660
-2.46250
-0.63616
-1.52463
1.23049
-0.51494
-0.10230
1.99224
-3.35177
-0.00244
0.20621
-3.39251
3.44802
0.00714
-0.21992
1.76776
-1.89478
-3.63036
-1.29296
-0.67465
-1.27645
-1.42507
-0.39632
-1.14144
-2.13534
-2.65510
-3.66792
-3.58516
-0.28375
0.18227
-2.36600
-0.63238
0.72951
-1.95759
5.69207
-3.37972
-1.90134
-1.90015
-3.29995
0.74301
-2.26160
-2.83113
-3.66792
-2.75608
0.78701
-2.87541
0.75886
-1.36214
3.31552
-3.46276
-3.66792
0.40789
-3.22522
1.03953
-2.95990
1.71923
-2.66529
-3.66792
2.05895
-2.25160
1.25714
-3.43508
3.22623
-0.93966
-1.06475
-3.66792
-3.63767
3.28066
-1.45935
-1.01085
2.67415
-1.79882
0.51517
-0.79373
-1.78356
-3.55313
-0.10259
0.56164
3.20025
1.04521
-0.32786
-2.40806
-0.30447
-2.33667
-3.47847
4.61798
-3.66792
2.37348
-2.99716
-1.30974
-3.01319
-3.66792
2.83800
-1.07357
0.51205
-1.68515
-1.45747
2.88621
-3.27533
-1.68907
-0.25062
0.66791
0.25428
-0.90240
-3.29213
-0.75617
2.30789
-3.39306
-3.40173
-2.52893
5.57363
-2.14856
0.16682
-0.08033
5.46067
-1.49956
-0.83400
1.87362
-1.90974
1.54469
0.03361
-0.08092
1.31385
-3.58149
-1.23399
4.88899
1.23026
-2.69477
-0.17882
2.88446
-3.17065
-2.61662
-1.88075
1.26164
1.04716
-3.49826
-0.79790
1.44664
3.15027
-1.78495
-0.02077
-3.00101
-2.22913
0.65261
-1.09956
0.09673
-0.90470
5.58363
-3.57242
-2.34622
-2.33840
2.93867
-2.80911
1.31287
-3.66792
-2.71952
-3.23672
0.31227
0.91565
-3.26707
-0.40656
-2.51207
3.82670
-1.54738
-1.62838
1.67156
-2.26246
-2.06323
0.89161
1.55860
-2.58081
4.36180
-3.66792
-3.66792
1.94662
-1.38696
1.50544
3.25732
-2.64694
1.98484
1.11657
-3.58597
-2.53046
-2.65744
-0.66832
-2.47349
-3.39444
-0.63512
-2.38877
-1.47951
0.10867
-0.29870
3.23435
-2.21714
-1.12198
-1.05397
-2.52012
-1.11676
1.97607
-3.59834
5.69207
-1.59965
-3.10934
-0.64368
-1.39076
-3.07014
3.15375
-3.63186
1.38063
-3.48732
-1.80434
-0.30432
-1.90350
1.81505
-3.45679
2.05327
-3.38438
-1.90544
0.90282
0.48107
-2.29810
-2.82176
2.28743
0.70816
-3.36582
4.52059
-2.97719
2.58670
-1.88112
-1.15078
-1.26495
-1.19838
-0.17612
3.08366
-0.75762
-0.97028
-3.16584
-1.30788
0.18913
-3.31387
-1.46199
-2.09216
-3.31517
-0.80014
-0.87818
-0.74315
-2.88173
3.08499
-0.72460
-3.28574
-3.09358
0.92274
-1.48378
-3.12739
-2.28943
3.02501
-2.77138
-3.43057
0.60251
2.32017
0.36870
2.83715
-0.75309
-3.30082
0.16927
-3.22937
-3.54351
-2.31097
0.98688
-3.04127
0.67308
2.27069
-2.44516
0.48225
1.05408
-1.63905
1.69269
-0.03627
-2.40327
-0.51207
-0.52162
-2.89402
0.93620
0.76888
-3.58494
2.08846
0.82584
3.63669
-1.57452
1.78380
-1.36890
-3.52870
-0.34081
-2.28693
-3.08441
-1.56721
-0.70696
-3.25361
-3.12576
3.99716
-2.54775
-0.46434
-3.15020
-0.79464
2.58626
-0.73277
4.13040
-1.93754
-2.47422
4.28594
-3.08431
5.69207
-3.64664
-0.12437
-3.40727
4.51464
-2.88301
-1.20764
-2.78057
-0.97195
-3.53623
-1.30741
-1.89376
-3.47278
-1.74426
3.27302
5.69207
-1.71413
-2.88964
-2.50928
3.55981
-1.49367
-2.74205
-3.66792
-0.58216
-2.86363
1.68298
3.06302
-2.50862
-0.06430
-1.55369
1.14137
-3.04221
1.86793
0.52020
0.06135
-2.10518
-2.68104
-1.44693
-2.98876
-0.34914
-1.03196
-1.39818
3.34819
-3.31642
3.73500
-1.28136
0.23010
1.17921
-3.03261
-0.48843
0.65282
-0.92445
-1.34501
-3.30650
-1.65256
-2.52716
-0.42029
-1.16209
1.77273
0.50724
4.14968
0.08184
-1.11742
1.93881
-3.66792
3.86724
-1.78604
-1.16502
0.78852
0.95020
-0.37489
3.11143
-2.28953
1.48867
-3.19158
1.08190
-3.09966
0.79754
-3.19435
-3.26528
-1.00530
-3.43738
-2.44162
-1.61263
-2.69164
-3.44490
-3.42274
-2.67824
-1.50607
-3.47589
3.16346
1.90284
0.17285
2.11620
-0.74315
-2.70651
-1.77785
-3.19075
-0.08480
0.24708
0.15613
2.51283
-1.56983
-0.82051
-3.05033
-0.80745
-0.81528
-3.60930
-0.43793
-2.14884
-1.54799
-1.46569
-1.96964
4.29435
-3.44190
-2.23406
3.70176
-1.18317
-0.62263
-1.04422
-0.11737
-2.08132
3.22791
-1.79990
5.07798
-2.77105
-0.83825
-3.15973
-2.96251
2.41037
-3.29535
-1.69479
2.59226
-3.66792
-3.33527
-2.13365
-2.96587
-2.71691
0.54654
-2.97325
-1.93163
1.55777
-3.54473
2.46218
-0.63193
-0.67167
-1.46766
-3.34956
1.77375
-2.46153
-1.99042
1.99761
0.53839
-0.11753
0.73615
1.72650
0.11038
-2.82064
-0.08594
2.79603
-1.81642
-1.83966
-0.33263
-2.82136
-3.47661
-2.49667
-2.49736
0.87583
3.33618
-3.31765
-2.43789
-0.38435
-3.66792
3.52549
-2.45724
-1.67724
5.69207
-3.66792
-3.56620
0.06303
-3.45336
-0.59393
-3.56415
-1.05382
0.96311
-2.85779
0.59980
5.45243
-2.17533
-3.13802
4.04385
-2.73316
-2.32115
1.71692
-3.66792
2.46215
-2.58010
2.10131
-1.00163
0.00642
-3.13042
2.09589
1.30120
-2.48717
-2.90007
-1.96359
4.64788
-3.36516
1.74935
-1.33076
-2.42957
1.01614
1.23734
1.10933
-3.00374
2.46716
-3.66792
-1.41193
0.51457
2.59814
-1.79687
0.06119
-1.54439
2.23838
1.18832
-0.67685
-0.40860
-2.17709
2.61927
-1.79240
-2.76513
-1.63172
-3.66792
-1.13697
1.07899
-1.76010
0.16188
-3.48515
2.91206
-2.29586
-2.28334
-3.66792
-2.47149
-0.92822
1.17174
-3.11298
0.30314
-1.00089
1.05264
-2.75558
-0.71510
-2.05266
-0.27555
-3.66792
-0.10567
5.69207
-2.84156
-0.85170
-0.94610
3.95354
-3.04545
-1.38212
0.22565
-3.66792
-0.08572
1.40784
-2.22133
4.23826
-2.99289
1.33986
-1.69073
-3.21553
-2.39635
-0.50101
-1.20606
-3.40369
5.63020
-2.35082
2.13383
-1.90903
1.70844
-1.88584
2.29617
-3.66792
-0.79018
-3.59906
-3.66792
-0.95150
-2.59871
-2.01922
0.90583
-2.62332
-0.29777
0.59467
-3.64333
0.84971
-2.37372
-2.97275
-1.17301
-1.00182
0.65573
-0.65075
-0.58719
2.01616
-2.76465
-2.79411
-1.10566
0.26523
-0.95933
-3.57681
-1.69760
1.23983
-1.24183
-0.44763
2.71665
4.40664
-3.28806
-1.49109
-0.75129
5.69207
-1.26208
-2.43083
4.86897
-3.58472
-1.36885
-2.29082
0.69018
1.62254
-0.58346
0.47951
-0.00182
-2.37636
-0.89806
-0.91433
-2.74047
2.78907
1.18062
-3.66792
1.89430
-2.97434
-0.97557
-1.74755
-3.66792
-2.99335
-3.66792
-2.92508
2.24988
-3.52168
0.51345
-0.72501
-3.31667
2.42180
-3.53410
-0.94453
0.83270
-1.28122
-1.96959
-2.67814
-3.66792
2.44968
0.79374
-3.56050
0.33605
-2.63206
-2.70293
-3.66792
-3.38765
-2.27379
-0.60624
5.39397
-0.68020
-1.91270
5.69207
-3.66792
-1.06761
1.13143
-3.58981
-0.03747
-3.42482
1.34827
-1.80170
0.51171
-1.63079
0.93684
-3.66792
-2.63380
-2.02309
-1.04678
-3.66792
-2.91166
5.60247
-2.24435
0.84164
-1.62595
-1.42747
-2.27929
-2.84912
1.75937
-0.67582
0.08572
4.73733
-1.90967
0.40380
2.95455
-2.67414
-2.81255
-1.61050
-2.12692
0.85882
-2.39806
-0.51549
-2.04711
0.73507
0.35504
-3.19094
-3.66792
5.69207
-3.30329
-2.16910
0.62182
-2.36084
-1.57001
0.09290
-3.12744
-3.03167
-0.04337
-1.30115
-0.79379
-1.02482
-1.05296
-3.64914
2.96137
-2.26857
0.39887
-3.08789
-0.84561
-1.97131
0.07640
2.19117
-2.49806
-1.28837
-3.62013
4.30020
-1.52952
-3.08863
-1.87027
-3.10165
2.23861
-1.39614
-1.51135
0.28447
-0.76421
1.78928
-0.69963
-0.23948
-2.08961
1.78187
0.54389
-2.64055
2.20418
-1.95038
3.75574
-1.52791
-1.78940
-2.46589
5.69207
-3.66792
2.25127
-2.96347
-1.57478
-3.57958
-0.00643
-3.22091
1.00467
-1.43391
-1.41109
0.46227
-0.88813
3.05129
-2.39083
-2.79462
3.88687
-2.67505
-2.68030
0.07357
3.39204
-1.74228
-1.47625
-2.72699
4.85760
-3.23891
-0.96180
-2.52990
-3.03592
0.87855
-2.53153
-1.07729
-0.65789
5.52609
-2.29823
-2.22447
-1.06112
-1.52091
-3.64459
1.81658
-1.38167
4.96817
-2.35523
2.48380
-2.41147
-1.44262
-2.64745
-3.55654
-1.62828
-1.83217
-2.44617
-0.89874
-0.33280
-3.47279
0.81115
-0.25903
-1.60551
2.08128
-2.42739
0.73240
-1.69654
-3.36022
0.67540
-3.56283
-1.71914
-1.00066
-1.50174
4.52170
-0.51386
3.37099
0.55525
-3.40661
0.61965
-3.19732
-0.57760
5.69207
-3.52405
1.49625
-3.66792
0.12457
-2.86214
1.56731
-2.89657
-1.54993
-3.00430
-2.37362
0.01455
-3.08279
0.65389
-1.65257
-3.64164
-2.58615
-2.99145
-0.85954
2.94316
-0.70484
1.08904
-1.63171
-3.46856
-0.68739
-2.63053
1.16331
-3.63659
0.69953
-2.65800
-2.94273
5.03201
-3.10983
-2.74884
-2.71977
-2.30788
0.44872
-1.49588
1.79754
3.96405
-1.84189
-0.98414
-0.67853
-3.53341
5.69207
-1.35581
-3.66792
-2.13706
-3.66792
-3.09058
-1.38493
-1.05999
0.04837
-0.05789
1.02466
-2.70138
-3.14160
-2.88236
-0.29674
-3.28845
-3.39551
1.07564
-2.72872
-2.09640
-2.81993
-3.12762
0.63177
0.66959
2.19464
-2.89930
-0.00745
-3.66792
-2.52348
5.69207
-1.93659
