-3.39441
-2.77022
-3.24132
-1.37644
-3.27564
-1.42313
-1.68249
-3.59042
-1.84874
-1.54898
-1.43356
-0.98245
-2.86665
-2.74163
-1.49525
-1.51909
-2.69259
-2.34969
-2.36711
-3.52758
-2.87019
-2.55207
-1.97097
-3.00826
-2.29957
-2.22247
-2.96265
-0.14663
-1.06834
-0.96737
-1.79100
-3.18173
-2.50828
0.31821
-0.89232
0.23957
-1.44379
-2.72578
-2.65292
-0.13609
-2.02023
-1.57811
-0.97880
-2.81184
-2.59786
-0.06331
-0.83814
-2.45737
-0.15131
-0.40335
-1.32900
-1.69418
-1.73451
-0.82423
-0.79751
-2.38983
-1.18799
-2.18568
-1.81291
-3.41980
-3.03917
-2.49998
-1.58187
-1.37196
-2.41045
-0.85361
-3.03035
-2.98348
-1.28505
-2.59673
-1.45537
-1.12794
-1.84230
-1.84878
-2.00431
-1.69170
-0.85315
0.82085
-0.72602
-2.07134
0.02838
-0.72835
-2.62491
0.27978
-1.57214
-0.58931
-3.77937
-2.18604
0.80670
0.00988
-2.78387
-1.44893
-2.84938
-0.07963
-0.39139
-0.93983
-1.13285
-0.77830
-2.06232
-1.05926
-1.56505
0.01044
-1.16033
-3.25684
-3.33451
-2.54650
-2.25257
-0.95111
-2.16135
-2.37329
-2.88596
-1.23779
-2.58296
-2.03421
-3.23136
-2.14935
-1.16562
-4.13612
-2.00797
-2.34940
-4.61363
-2.28629
-1.81037
-1.60713
-1.77745
-1.23913
0.22296
-2.02210
-2.52299
-1.00955
-1.17336
-2.69063
-2.29595
-1.36784
-1.14648
-2.08009
-3.86598
1.10037
-1.63533
-1.19565
-2.14443
-0.60107
-2.04705
-1.08199
-2.97378
-0.40901
-2.77494
-0.25696
-1.34966
-2.10959
-0.41779
-1.50050
-3.82241
-0.28477
-1.87448
-1.65182
-1.45501
-2.35173
-2.90978
-2.94391
-3.27235
-1.74044
-2.39077
-0.60887
1.03719
-0.03915
-0.36179
-2.47885
0.34840
-1.00927
-1.83236
-0.92878
-1.11400
-3.22597
0.43709
-1.98500
-0.84542
-1.35591
-1.04440
-1.59844
