4.60777
2.88658
1.15269
1.87124
3.28910
2.90352
3.63257
3.35295
4.46617
1.08721
0.66812
0.20411
1.09400
3.04728
2.04119
1.85425
-0.01157
2.26329
1.39793
0.67415
-0.96700
1.66184
2.55732
2.30114
2.53007
2.30233
3.96995
0.92978
1.32757
-0.97140
1.24565
-1.28660
2.21181
0.45649
-1.00778
2.25811
2.17681
0.95626
0.64257
3.07495
-0.16923
3.04178
1.27960
1.47537
2.22006
2.99559
0.71384
2.34996
1.93588
2.49795
1.88186
3.26865
2.86217
2.54315
4.40822
2.17790
2.73847
1.82896
2.80696
3.33838
4.43903
4.10473
-0.24647
1.80965
1.33807
3.12392
0.94256
2.01349
0.26752
3.52645
1.83920
1.50729
5.17617
-0.10452
1.12317
0.61008
3.31071
2.12642
4.81653
0.57743
3.60857
1.96780
0.13085
0.79045
2.34534
0.95696
2.37409
1.85656
1.85313
5.00062
2.31751
1.34907
1.73985
3.40063
1.85495
4.02468
4.24414
4.52673
3.55703
2.85141
2.29436
2.54288
2.13276
2.39494
2.47791
2.72582
1.34596
2.08628
3.07423
3.70272
0.63086
0.45225
4.92745
3.01150
2.54708
0.63917
3.72272
1.96281
0.63159
0.43128
3.93521
1.08141
1.29197
2.57252
3.93306
1.10905
-0.16064
1.50196
2.15631
0.00184
3.83521
0.94416
1.88725
1.78986
0.93528
2.15810
2.24816
1.41950
0.71104
2.83702
1.56218
2.20233
2.28598
3.02771
1.03106
1.00542
4.18303
3.52687
2.45526
0.41089
2.88222
1.48794
0.86666
-0.51065
3.26589
2.41439
1.65578
0.89124
1.33303
0.90576
0.21645
2.71524
3.29885
2.64898
2.29155
0.86834
1.34996
2.25707
0.56766
1.41084
1.23002
2.92428
1.34301
1.22740
0.54624
0.66883
4.65345
2.29825
3.32475
2.21160
0.25094
2.34218
0.75011
0.38993
