-1.12345
-1.66566
0.04223
-1.30191
-0.75789
-2.35686
0.40510
0.30169
-1.94242
-3.39441
-2.77022
0.55631
-0.22187
-0.11357
-2.41918
-3.24132
-0.51408
-1.05056
-2.03028
-1.98891
-0.36041
-0.85600
-1.79225
-0.45357
-2.70723
-1.86227
-3.32948
-1.37644
1.13305
1.03819
-3.36124
-1.12827
-1.57779
1.93691
-0.11890
-3.94909
-2.02492
-3.27564
-0.69283
-1.42313
0.08687
-2.17525
-2.44536
-1.68249
-1.94156
-1.76847
-2.45379
-3.59042
0.51379
-1.33662
-1.82968
-1.00053
-1.38914
-2.57203
-1.84874
-0.41309
-0.96938
-0.55750
-0.73196
-2.79681
-1.54898
-0.41609
-2.55149
2.75385
-1.11457
-1.47170
-1.43356
-0.71613
-0.26666
-0.98245
-2.05635
0.75846
-0.38990
-2.70790
-2.60534
-2.86665
-0.06525
-3.46816
-0.68151
-1.31345
-2.38785
-1.20630
-0.64740
-2.05462
-1.24086
-1.97901
-2.74163
-1.01534
-1.75716
-1.49525
-1.43768
-2.05559
-2.89025
-1.51909
-2.44654
-0.67448
-2.13479
-0.73973
-3.00067
0.33947
-1.74678
-2.69259
-2.06126
-1.15820
-0.91550
-2.66987
-2.18057
-1.39089
-2.34969
-0.07080
-1.83352
-1.44422
-1.32832
-0.27503
-2.36711
-1.03684
0.34715
-1.28606
-3.52758
1.13123
-2.62957
-2.07524
-2.87019
-0.26376
-1.77994
-1.74904
-1.95936
0.75278
-1.39248
0.38161
-1.30748
-1.47063
-1.70583
-0.10431
-1.24969
-2.55207
-1.74422
-1.97097
-0.38126
-1.75477
-2.59832
-2.37582
1.03249
-1.99718
-1.38779
-1.07104
-0.72856
-3.71926
-3.00826
-2.06607
-2.29957
-2.22247
-1.57132
-0.52848
-1.35840
-0.49320
-2.96265
-0.55545
-1.16565
0.14687
-1.34607
-2.15925
-0.14663
-1.38641
1.27905
-1.20908
-2.28154
-2.85458
-1.98824
-1.06834
-0.74440
-2.96340
-0.10130
-1.94621
-1.88613
-0.96737
-1.55789
0.38826
-2.84258
0.57180
-1.20074
-1.34390
-2.51657
-1.79100
-2.10170
0.97686
-1.50519
1.05396
-3.23480
0.76423
-3.18173
-2.63488
-2.55287
-2.16700
-0.94450
-1.65714
-0.33013
-1.35495
-3.30715
-2.50828
0.71162
-3.12988
-0.94426
-1.05785
0.14438
0.31821
-2.32308
-0.86085
-1.10092
0.33245
-1.34432
-1.48373
-0.44556
-2.71114
-0.89232
0.23957
-1.74542
-0.79059
-0.24927
-2.61083
-0.37922
-1.95813
-1.78052
-1.44379
0.12243
-2.58696
-0.26698
-2.15975
-0.26933
-2.72578
-0.17474
-2.65292
-2.74255
-0.76956
-1.64664
-3.24350
-2.14676
-0.13609
-3.31464
-2.18360
-2.01851
-0.72611
-1.95408
-1.76479
-2.02023
-1.84905
-0.40676
-2.18732
-1.57811
-0.27389
-0.97880
-2.10798
-2.81184
-0.81518
-1.41808
-1.66241
0.26146
-2.31631
-2.44298
-3.60214
-2.59786
-0.06331
-1.42001
-0.48752
-0.41615
-0.45770
-2.86727
0.96365
-2.06501
-1.01233
-1.37589
-1.92705
-0.19082
-1.60344
-2.55286
-0.54459
-0.55114
0.84247
-2.74570
-0.83814
-0.25041
-2.45737
-0.36243
-0.62717
-1.41141
-0.15131
-3.66489
-1.96918
-0.31046
-1.16061
-0.40335
-0.43542
0.58249
-1.80328
-0.12071
-0.82187
-0.74976
-0.95375
-0.57548
-3.23092
-1.75673
-0.87115
-1.06913
0.20916
-3.31411
-1.32900
-0.95487
-1.62691
-1.69418
-1.74244
-1.50947
-1.73451
-1.05366
-3.66410
-0.21900
-1.70055
-1.37783
-0.82423
-3.37092
-1.26103
-1.78977
-1.59012
-0.47013
-1.14476
-3.29507
-0.79751
0.12017
-1.80171
-1.63034
-2.38983
-0.43272
-3.12025
-1.18799
-1.09880
0.92984
-1.81889
-2.01064
-2.28159
-3.76389
-2.18568
-1.93996
-1.81291
-1.95071
-2.89092
-1.72471
-1.57868
-0.47198
-3.41980
1.54118
-2.31481
-3.03917
0.24432
-2.49998
-0.16981
-2.06847
-1.51136
-0.37083
0.63605
-1.53790
-1.50858
-2.81135
-0.21929
-0.77686
-1.36898
-1.58187
-0.07228
-2.96785
-1.37196
-0.53458
-0.96290
-0.34600
-0.60958
-1.97246
-0.13941
-2.41045
0.87425
-1.36258
-2.65629
-0.85361
-0.92651
-0.83381
-3.03035
0.57991
-2.04731
-1.87832
-1.26909
-2.98348
0.67858
-0.94771
-1.57740
0.38500
-0.65310
-2.48715
-1.28505
-0.10080
-2.10830
-1.81032
-1.19664
-1.37721
-0.98162
0.09276
-1.41833
-2.82657
-2.69722
0.23021
-2.59673
-1.45537
1.43800
-2.85625
-1.75007
3.78139
-1.99805
-2.59036
-1.12794
-0.90378
-2.40499
-0.87550
-1.84230
-0.18178
-0.94849
-0.78898
-1.44264
2.80825
-3.82671
-1.84878
-0.08152
-2.03256
-0.18046
0.58361
0.68176
-2.12915
0.61018
-1.76225
-1.24591
-1.31089
-0.70280
0.36171
-0.95438
-2.68274
-2.00431
-1.69170
0.78434
-2.00952
-1.34220
-0.85315
-2.33085
0.82085
-0.17731
-2.98007
-2.73037
-0.72602
1.66336
-0.12518
-1.11034
-0.91042
1.18245
-2.51614
-2.07134
-0.06035
-3.30233
0.02838
-1.79995
-1.55378
0.10023
-0.10400
-2.67079
-0.72835
-1.71495
-0.01660
-0.65617
-0.38901
0.11175
-1.95922
-2.07821
-2.62491
0.10345
0.21373
-0.41267
-1.19330
-2.86944
0.27978
-0.30157
-0.67666
-2.88936
-1.39883
-1.57214
-0.40542
-2.45643
-0.58931
-1.03928
-1.88265
-0.23288
-0.73644
-1.80433
0.55182
-0.34943
2.29427
-2.39999
0.05706
-1.94872
-0.97539
-0.74951
-1.77191
-0.45873
-1.48150
-1.96524
-3.77937
0.49612
-1.75328
-1.92879
-2.18604
-1.49298
-0.70159
-2.22085
-2.60984
0.80670
-1.30014
-2.74549
0.00988
-1.24975
-2.17468
-1.78327
-0.16034
-2.65645
-2.78387
-2.21755
-0.88928
-1.68193
0.36737
-1.44893
-1.83304
-1.55065
-2.84938
-0.00441
-0.99558
-0.84178
-0.93611
-0.07963
-1.90157
-1.81996
-1.53966
-0.39139
-2.06347
-0.93983
-3.44340
-1.74192
-2.58544
-0.20589
0.49248
-0.36750
-3.89389
-2.14919
-1.65491
-1.13285
-1.79246
-2.17135
-0.15077
-0.77830
-1.34994
-0.70308
-1.51344
0.80702
-1.23835
-2.06232
-0.77858
-1.97892
-2.03314
-1.05926
-2.00357
-1.30141
-1.56505
-1.88046
-0.35371
-1.43560
-2.61838
0.01044
0.71471
-1.70541
-0.77174
-1.53411
-1.16033
-1.09028
0.11998
-1.27466
-2.35341
0.30098
-3.25684
-1.45531
-1.70215
-2.64974
0.46103
-2.81726
-3.33451
-2.54650
-0.85484
0.10565
-2.61384
-0.62303
-1.66023
-1.48187
-2.35707
0.56628
-1.93250
-2.25257
-1.67126
-1.48934
-0.47435
-0.76634
-2.07652
-0.96295
-0.95111
-1.92651
-0.64606
-1.91615
-2.84895
-2.16135
0.21243
-1.48675
-2.84415
-2.37329
-2.88596
-0.74105
0.78368
-2.47403
-2.71386
-1.23779
-2.37941
0.04492
-1.01364
-0.97054
-2.01980
-0.65449
-1.97840
-0.93632
-1.17779
-0.36803
-0.93944
-2.58296
-2.03421
-1.00818
-1.44908
-3.23136
-1.00500
1.11143
-2.05005
-2.25827
-0.68651
-1.17311
-2.14935
-0.70000
-1.16562
-0.51263
-3.25446
-2.49059
-1.12052
1.86248
-1.85839
-1.40489
-3.94421
-4.13612
-0.23697
-1.48890
-2.00797
-1.50248
-1.28931
-1.91107
-1.94486
-1.34702
-0.99519
-2.34940
-0.84136
-4.61363
-2.28629
-0.13292
-0.78618
-1.74808
-0.58117
-1.66316
-2.89288
0.25947
0.07875
-0.26905
-1.14178
0.13788
-1.17572
-1.34594
-1.81037
-1.60713
-0.75476
-1.96693
0.66824
-1.40276
-2.21760
-2.34163
-1.77745
1.68802
-1.44144
-1.86095
-1.90030
-0.64117
1.97294
-3.98312
-2.31767
-2.42525
-1.23913
-0.81969
-1.33113
-2.49018
1.20370
-1.79014
0.22296
-2.33169
0.37264
-1.11535
-0.77111
-1.31713
-2.02210
-0.41245
-2.38677
-1.03742
-2.52299
-1.00955
-1.87447
-0.11940
-0.92847
0.02126
0.41804
-3.06656
-1.17336
-0.79373
-1.72538
-2.91650
-0.74364
-0.36260
-0.97253
0.58936
-1.74755
-2.75364
-2.69063
-0.30780
-2.29595
-1.36784
-1.85198
-2.49335
1.23277
-1.95556
-2.08741
-0.95706
0.19469
-2.18753
-0.32781
-0.79707
-1.40065
-1.93016
-1.14648
-0.79698
-0.01551
-2.51787
-0.41003
-2.67569
-1.26956
-1.23206
-0.68422
-2.08009
-0.84253
-1.08085
-1.40250
-1.35483
-0.61631
-0.81216
-1.92631
-1.78477
-3.86598
1.10037
-2.64752
-0.74595
-0.54390
-3.76637
-0.59698
1.22701
-3.31365
-0.57436
0.11706
-1.76952
-1.21913
-2.05213
-1.63533
-1.19565
0.34614
-0.72239
-2.90867
-0.52509
-1.42207
-1.93972
-2.14443
-2.90728
-2.21197
-0.15814
-1.86751
-1.96871
-0.60107
-2.58610
0.41951
-1.76218
-1.64147
0.18829
-0.61657
0.29251
-1.07917
-2.39000
-2.04705
0.95129
-1.08199
-0.91582
-1.15422
-1.12022
-2.97378
-0.64253
-1.73562
-1.50681
-0.51551
0.09154
-3.14839
-0.50841
-2.44464
-1.22089
-0.58056
-2.20048
-0.40901
-0.06652
-1.53898
-2.72642
0.89474
-1.01681
-3.10901
-1.16613
-2.61544
-2.77494
-2.84530
-0.25696
-1.85679
-0.92496
-3.17101
-0.65810
-1.34966
-0.55633
-1.29463
-0.88339
-2.10959
-2.33589
-0.95410
-0.41779
-2.84530
-1.50050
-0.67357
-1.32558
1.42306
-0.22676
-0.56779
-3.02350
0.25098
-2.07735
0.69102
-3.17960
-0.92939
-3.82241
-0.28477
-2.03265
-0.05352
-1.36976
-0.08391
-2.23153
-0.89755
-3.24067
-1.87448
-0.62391
-2.35085
-0.70488
0.00512
-2.03160
-1.65182
-0.82911
-0.64292
-1.45501
-0.14112
-2.23110
-0.78886
-1.00048
0.09322
-1.89964
-2.35173
-1.49942
-2.06977
-0.23956
-2.00441
-0.63067
-2.90978
-2.94391
-0.07747
-1.36780
-3.27235
-1.74044
-0.57623
-0.74496
-1.65765
-1.49227
0.59886
0.28326
-0.22245
1.18421
-1.78347
-1.98030
-1.06522
-3.16084
-2.39077
-0.60887
-0.52057
-2.28438
0.49774
-1.91943
-2.69346
1.03719
-2.05013
-2.20944
-0.03915
1.54451
-1.39332
-2.03957
-1.87144
-2.38282
-0.36179
-1.25137
-2.30421
-1.91214
-0.84957
0.19372
-3.25093
-2.47885
0.38595
-1.17561
0.34840
0.49493
-1.55176
0.23846
-2.09820
-0.40068
-0.30223
-1.54554
-1.28212
-1.00927
-2.31866
-1.32742
0.35523
-1.83236
-1.47963
-1.17052
-1.90737
-0.49336
-0.14048
-0.92878
-0.84059
0.00608
0.11916
-3.35336
0.32391
-0.29864
-2.75587
-1.11400
0.28045
-1.81629
-3.22597
0.43709
-1.83438
-1.98500
-1.53928
-1.02125
-3.68440
-1.05206
-0.85118
-0.91406
-1.89265
-0.84542
-2.25914
-1.35591
-1.88105
-0.76946
-0.27110
-1.82110
-1.50173
-2.21017
-1.09734
-1.04440
0.48229
-3.12944
-1.59844
-1.05238
-0.04067
-1.86755
-1.69907
-0.48752
