0.77800
0.48592
0.46345
0.67404
0.99661
0.52430
0.54090
0.23810
0.60312
0.65851
0.05951
0.44929
0.10125
0.60749
0.62340
-0.23964
0.44604
0.67966
0.15078
0.68726
-0.00359
-0.05019
0.30805
-0.17537
-0.45317
-0.19339
-0.25161
0.34621
0.19293
-0.46185
-0.43496
1.00000
0.32553
0.05733
0.49645
0.40430
0.60887
0.29757
0.25804
0.32099
0.80379
0.49775
0.47908
0.53085
0.40395
0.58670
0.48780
0.33356
0.17949
0.56814
0.41585
-0.07585
0.20563
-0.30428
0.46599
0.33317
0.12231
-0.07446
0.14626
0.31493
0.62699
0.35714
0.51686
0.18868
0.44985
-0.05469
0.74551
0.15333
0.29170
0.46151
0.58087
-0.01521
0.54302
0.26857
0.28824
0.27558
0.00691
0.49441
0.27237
0.16392
0.54093
0.52754
0.05961
0.64670
0.99689
0.42741
-0.10785
0.59589
0.40772
0.01469
0.31982
0.38573
0.45439
0.36858
0.41463
0.34696
0.42975
0.26697
0.40513
-0.01618
0.03437
0.33001
0.05271
0.30052
0.90470
0.10892
0.39609
0.57906
0.08846
0.47147
0.37297
0.16185
0.31958
0.42734
0.23971
0.00954
-0.01709
0.38235
0.52542
-0.33172
0.00883
0.08689
0.42551
0.57913
0.65500
0.68146
0.39279
0.70355
0.55231
-0.02550
-0.01571
0.01778
0.55481
0.02134
0.11064
0.37464
0.31270
0.87714
0.23667
0.25534
0.13240
0.55808
0.60480
0.35878
0.29608
-0.00356
0.13407
0.08128
0.66024
0.66629
0.47665
0.28108
0.19111
0.60784
0.43663
-0.27161
0.01205
0.55063
0.46422
0.29049
0.74579
0.24475
0.36422
0.10181
0.36205
0.60915
0.45743
-0.02537
0.26429
-0.01211
0.27092
0.07653
0.27529
0.16251
0.90021
0.48815
-0.06986
0.32044
0.44369
0.08223
0.20997
0.32409
0.39178
0.09370
0.08113
0.66653
0.55827
0.29760
0.46481
0.22889
-0.19691
0.23545
0.36262
0.47536
0.31162
0.17283
0.15728
0.20313
0.76758
0.17482
