0.06386
-0.61950
0.12064
0.02939
-0.35208
-0.01117
0.29958
0.08002
-0.13414
-0.12852
0.05699
0.07028
0.10420
-0.35942
0.11131
-0.22324
-0.00623
-0.09417
0.33775
-0.23508
0.15942
0.00281
-0.00869
0.10247
0.06356
-0.05891
-0.19391
0.07394
-0.02170
-0.40682
0.42664
-0.38267
-0.29496
0.00835
-0.34532
0.00944
0.39942
-0.26689
-0.18958
0.09654
-0.22684
0.55601
-0.27942
0.44895
0.00085
-0.09032
-0.00040
-0.08534
0.54579
-0.17132
-0.37507
-0.31042
-0.07925
-0.29671
0.05338
0.25455
-0.34988
0.16288
-0.05219
0.16925
-0.14289
0.09220
-0.17303
-0.10784
-0.08938
-0.10484
-0.14722
0.11086
0.04483
-0.07584
-0.51697
-0.18274
0.03188
-0.18718
-0.12867
0.07056
0.02777
-0.16462
-0.11560
-0.41806
0.41783
-0.16975
0.22101
0.11567
0.26582
0.28133
-0.21508
0.21676
-0.10990
-0.19487
0.09656
-0.28066
-0.46572
-0.09509
0.08358
-0.08124
0.26866
-0.27467
-0.07237
-0.24765
-0.22728
-0.16429
0.14882
-0.00346
-0.11353
0.04669
0.21461
0.13562
0.40265
0.33147
0.08279
-0.11903
0.15399
-0.05310
0.02523
-0.03810
0.25734
-0.39675
-0.01504
-0.37492
0.33991
0.34008
-0.14884
-0.22200
-0.22593
0.09269
0.09716
-0.19545
-0.40221
0.43648
0.10888
-0.50577
-0.03007
0.32618
0.39605
-0.22921
0.10163
0.05093
-0.08301
-0.05708
-0.24071
-0.34008
-0.20008
-0.26473
-0.05847
0.32453
-0.56595
-0.23383
-0.01118
0.26935
-0.29681
-0.21574
0.28886
0.46066
0.05234
-0.12231
-0.20698
0.01792
0.13132
-0.04867
-0.01131
0.01387
0.40409
0.27001
-0.23574
-0.11394
0.02315
0.18597
0.01295
-0.02858
0.39468
-0.05127
-0.06181
0.23348
0.33527
-0.17985
-0.28491
-0.03298
-0.27133
-0.17967
0.41609
-0.17662
0.21813
0.24588
-0.24649
-0.57451
0.25487
-0.00674
0.06670
-0.24210
0.24973
-0.09833
-0.00030
-0.53136
0.17827
-0.36908
-0.26275
-0.18424
0.43045
0.14298
0.15308
-0.31835
-0.17131
0.14865
-0.30882
0.03372
0.13019
0.32056
-0.20871
-0.32982
-0.69129
0.19061
-0.00447
0.12348
-0.14779
0.18371
-0.14127
0.26585
0.24233
0.04401
-0.09812
0.28046
-0.12154
-0.43676
-0.04805
0.02875
0.06871
0.18585
0.15738
-0.33475
0.19988
-0.02892
0.11060
0.11739
-0.25503
-0.38689
-0.19935
-0.07327
-0.02530
0.01660
0.44305
-0.01292
-0.16766
-0.37583
0.13385
0.38632
-0.02156
-0.45897
-0.21926
0.19375
-0.36795
-0.39170
-0.09582
-0.09728
0.02520
0.13376
-0.18760
0.06703
0.09235
0.00977
0.08188
-0.28817
0.09838
-0.36464
-0.19206
0.35791
-0.47016
0.31078
0.04659
-0.36204
-0.24785
0.31810
0.28294
-0.08962
0.46324
0.07273
-0.22687
-0.15050
-0.14414
-0.20873
0.38107
0.33565
0.18138
0.32711
-0.23544
0.02869
-0.14694
-0.03733
-0.08050
0.22895
0.12231
-0.04831
0.00758
0.27067
0.00551
-0.30630
-0.01365
-0.08057
-0.01975
-0.31960
0.11418
0.29672
0.09482
-0.28873
0.26530
-0.19292
0.14232
0.19764
-0.01747
-0.20744
-0.25972
-0.11777
-0.16783
-0.19880
0.21737
-0.23972
0.19829
-0.52809
0.46752
0.10906
-0.24677
0.27884
-0.08590
-0.12895
0.17409
-0.10042
-0.35656
0.07473
-0.08910
0.31276
0.22248
0.05004
-0.07877
-0.07403
-0.26684
0.07022
-0.15192
-0.09591
0.06479
0.09742
-0.10712
0.10013
0.31088
0.05398
-0.17454
0.06881
0.49471
-0.30990
-0.03028
-0.22069
-0.07847
-0.04985
0.42071
-0.05668
0.19122
0.05645
-0.45632
-0.12493
-0.02709
-0.07057
0.01402
-0.04938
-0.11340
0.14722
-0.12150
-0.37208
-0.07324
0.05618
0.17226
0.17474
-0.40900
-0.20110
0.25924
0.45689
0.08071
-0.42691
-0.25961
-0.62036
-0.36761
0.04292
-0.18308
0.19029
-0.40954
0.34982
-0.19173
-0.42786
0.02106
-0.29890
-0.11718
-0.20841
0.21691
-0.16261
-0.03322
0.68599
-0.14124
0.20569
0.12248
-0.00640
-0.03338
0.06907
0.14003
-0.07700
-0.28822
0.03935
-0.31598
-0.18144
0.08031
0.02336
-0.22105
0.01050
-0.66443
0.22213
0.04055
-0.02735
-0.23832
-0.00796
-0.01240
-0.41084
-0.30074
-0.00890
-0.30987
0.18774
-0.01468
0.39088
-0.16888
0.32793
-0.46958
-0.12890
0.13666
0.04310
0.21676
0.04269
0.13232
0.09727
0.20065
-0.19516
0.16224
-0.55874
-0.21848
-0.21798
-0.51305
-0.14998
0.10451
-0.32524
0.01897
0.14580
0.22996
-0.26613
-0.15005
0.11852
-0.28651
0.00635
-0.12761
-0.01966
-0.09150
-0.18828
0.29049
0.03491
0.16291
0.18572
0.12708
0.01646
-0.22349
-0.32535
-0.08201
-0.11834
-0.09606
-0.10205
0.14595
0.00338
-0.16438
-0.07609
-0.04959
0.03167
-0.23127
0.43720
-0.30490
0.16846
0.07225
0.15310
0.08077
-0.51058
0.21320
-0.14664
0.19137
0.03436
-0.23813
-0.07712
0.01199
-0.00427
-0.03120
-0.25357
0.01116
0.15542
0.55462
0.16441
-0.27153
0.03369
0.09519
-0.21979
0.07978
-0.19436
-0.23050
-0.18508
-0.07275
0.11683
0.20476
-0.15704
0.11580
-0.28839
-0.25930
-0.31635
-0.22036
-0.21367
-0.11633
-0.24572
0.07513
-0.32017
-0.23982
-0.07953
0.01780
0.18016
-0.10898
0.17876
-0.20918
-0.01710
-0.25017
0.22559
-0.01250
0.05023
-0.42742
0.04900
-0.19926
0.26900
-0.18431
0.05007
-0.25006
-0.07902
-0.08068
0.19935
0.19396
-0.22809
-0.07348
0.48435
0.07214
-0.03299
-0.21627
-0.30297
-0.01779
0.28658
-0.18279
-0.30639
-0.11475
0.46679
-0.29907
-0.17481
-0.32185
0.26579
0.03011
-0.10252
-0.39523
-0.00256
0.04552
-0.09033
0.01075
0.20751
0.04532
0.06088
-0.24438
-0.08860
-0.13631
-0.54627
0.12319
-0.13874
0.69303
0.28112
-0.00033
-0.45332
-0.66937
0.05670
-0.01288
0.07008
0.18596
0.16482
-0.24857
0.35828
0.25181
0.27383
0.02226
0.01468
0.38410
0.07865
-0.09040
-0.57832
-0.57422
-0.91128
-0.36783
0.09908
-0.31120
-1.00000
-0.56636
-0.23767
-0.19576
-0.01054
-0.23792
-0.51352
-0.40889
-0.34288
-0.32716
-0.36566
0.26022
-0.03456
0.14418
0.07107
0.07000
0.58547
-0.38206
-0.42041
-0.07723
0.09413
-0.24068
0.05350
0.17815
-0.05023
-0.16770
0.25624
0.38759
0.03847
0.14879
-0.15578
0.37781
-0.02316
0.07040
0.47051
0.10202
0.35963
-0.13427
0.13957
-0.20084
0.22926
-0.18480
0.27991
0.11342
-0.28843
-0.09045
-0.41044
0.16460
0.14761
-0.19852
-0.14470
-0.02667
0.11718
-0.21758
0.09928
0.25621
-0.06608
-0.34652
0.09148
-0.15748
0.05407
0.15953
-0.05179
-0.12997
-0.13881
-0.18667
-0.23774
-0.09651
-0.01896
-0.09315
-0.49115
-0.05264
-0.22074
0.21165
-0.27795
-0.08945
-0.22783
-0.19505
0.02655
-0.12992
0.05633
-0.03026
-0.01944
-0.00613
0.56618
-0.14793
0.30733
-0.00844
-0.08160
0.25388
-0.03382
0.18693
0.00310
0.11674
-0.13269
-0.08341
0.57194
-0.22323
0.34165
-0.27838
0.35519
0.00930
-0.04841
-0.01988
-0.29260
0.20346
0.29347
0.02164
0.05882
-0.24453
-0.36536
0.06754
-0.17198
0.22472
-0.02643
-0.01735
0.11052
0.04272
-0.12881
0.07249
-0.39606
-0.02757
-0.04173
-0.05111
0.14462
-0.31147
-0.25545
-0.04278
0.05923
0.48822
0.25554
0.43032
0.07158
0.14679
-0.06295
-0.33058
0.03967
-0.15585
0.03460
-0.08252
0.26533
0.12580
0.04887
0.35614
0.07171
-0.01800
0.01708
0.02144
0.13866
-0.11906
-0.44086
-0.08679
-0.33073
0.26684
0.10648
-0.14188
0.08933
-0.00037
-0.13271
-0.25065
-0.00764
-0.17649
0.23144
-0.05659
-0.16263
0.06725
-0.50537
0.00599
0.15276
-0.32251
-0.37226
-0.07312
-0.44129
0.02251
-0.16795
0.03423
0.11039
-0.31491
0.27952
-0.08432
-0.17222
-0.13212
0.24113
-0.06572
0.37461
0.09899
0.09537
-0.13824
-0.00520
0.14048
0.03362
0.36677
0.08282
-0.20803
0.09679
0.17661
-0.10652
0.49074
-0.17714
-0.21918
0.00175
-0.39444
0.20018
-0.29284
0.11154
-0.18034
-0.01931
0.29548
0.30223
0.10043
-0.25257
-0.06702
-0.11193
-0.10846
0.22303
0.20928
-0.19560
-0.38696
0.45786
-0.26301
0.07999
-0.12898
-0.22636
-0.38745
0.69818
-0.11602
-0.09226
-0.12694
0.08590
0.12251
0.25727
0.33836
-0.11115
-0.01167
0.15492
0.22227
-0.02293
-0.52972
-0.02439
-0.37627
-0.15170
-0.00557
0.44282
-0.26958
-0.16129
-0.52273
0.15580
0.03401
-0.51508
-0.26811
0.07247
-0.07075
0.20467
-0.06021
-0.08706
-0.14507
0.03734
0.02839
-0.39531
0.14820
-0.07039
-0.08865
-0.01859
-0.00334
-0.02464
0.00851
-0.00417
-0.21944
0.12922
-0.26206
0.25266
0.02217
-0.03233
-0.15121
-0.41883
0.25822
-0.21020
0.05614
0.23215
-0.13144
0.07353
-0.11351
0.00256
-0.29057
0.06222
-0.49483
0.07595
-0.02908
0.42637
-0.11577
-0.04842
-0.16885
0.06816
-0.01493
0.13100
-0.24781
-0.05079
0.24304
-0.38068
0.01285
-0.16986
0.31587
-0.01436
-0.26257
-0.14073
-0.34657
-0.09143
-0.46193
0.03302
-0.13544
-0.25048
0.11673
0.03826
-0.33092
0.17944
-0.20602
0.04656
0.02605
0.11440
-0.12545
0.40494
0.01108
-0.15159
-0.16045
0.12174
-0.00384
-0.17749
-0.04298
0.20960
0.06317
0.05513
-0.19824
-0.04945
0.46014
-0.14264
-0.68668
0.03505
0.30374
-0.09502
0.15775
0.02617
-0.27945
-0.01840
-0.12012
-0.43402
0.61713
0.34303
0.00777
0.12636
-0.18920
-0.10389
-0.26601
0.12603
0.33773
0.07374
-0.22022
0.29810
-0.00115
0.30278
-0.28019
0.23973
0.05319
0.65498
-0.35368
0.11769
-0.37838
-0.05391
-0.29093
0.13547
0.05697
0.18922
-0.18336
-0.06773
0.26543
0.00549
-0.40933
-0.01262
0.04836
-0.09569
-0.04787
0.27034
-0.25301
-0.03596
-0.10921
0.12051
-0.07046
0.08718
0.00628
0.17762
0.00917
0.07864
-0.37286
-0.22077
0.21660
-0.57045
0.12856
-0.11054
-0.27006
-0.22613
-0.01814
-0.27588
