0.12064
-0.35208
0.05699
0.33775
-0.02170
-0.40682
0.00944
-0.18958
-0.22684
-0.37507
-0.31042
-0.34988
0.09220
-0.10484
-0.11560
-0.41806
-0.16975
0.09656
-0.46572
-0.07237
-0.11353
0.21461
0.08279
-0.22593
0.05093
-0.05708
-0.05847
-0.21574
0.05234
-0.23574
-0.02858
-0.17985
-0.27133
-0.24210
0.24973
-0.09833
-0.53136
-0.31835
-0.32982
-0.69129
-0.09812
-0.43676
-0.04805
-0.19935
0.13385
0.19375
-0.39170
0.09235
0.31078
-0.24785
0.07273
0.02869
-0.03733
0.00551
-0.08057
0.11418
-0.28873
-0.25972
0.21737
-0.08590
-0.07877
-0.07403
-0.30990
-0.22069
-0.04985
-0.02709
-0.11340
0.05618
-0.20110
-0.42786
-0.29890
0.68599
0.02336
0.01050
-0.30074
-0.00890
0.18774
0.21676
0.09727
0.20065
-0.51305
0.14580
0.29049
-0.11834
-0.10205
-0.07609
0.15310
0.08077
-0.23813
-0.03120
-0.19436
-0.15704
-0.25930
-0.32017
-0.01710
-0.01250
-0.42742
-0.08068
0.07214
-0.18279
-0.30639
-0.10252
-0.39523
-0.13631
-0.13874
-0.01288
0.07008
0.38410
-0.57832
-0.57422
-0.56636
-0.40889
-0.03456
0.09413
-0.16770
-0.15578
-0.20084
-0.18480
-0.09045
-0.41044
-0.34652
-0.05179
-0.09651
-0.27795
-0.22783
-0.14793
-0.03382
-0.22323
-0.27838
-0.29260
0.29347
0.07249
-0.02757
0.25554
-0.06295
-0.15585
0.02144
-0.11906
-0.08679
-0.13271
-0.17649
-0.07312
-0.13212
-0.06572
-0.13824
-0.10652
-0.29284
0.10043
0.20928
-0.26301
-0.38745
0.33836
-0.00557
0.44282
0.15580
-0.14507
-0.39531
0.00851
-0.26206
-0.15121
-0.11351
0.06222
-0.49483
-0.16885
-0.38068
-0.46193
-0.25048
0.17944
0.02605
-0.15159
-0.17749
-0.68668
0.30374
-0.12012
0.34303
0.29810
0.05319
0.13547
0.05697
-0.18336
-0.40933
0.08718
-0.37286
-0.22077
-0.11054
