-2.42863
-0.42444
-3.96225
-0.75741
-2.34437
-2.57542
0.86784
-1.22011
-2.69220
-0.31620
-2.86553
0.15242
-1.33602
-0.42312
-1.82718
-1.20588
-1.26128
-1.74860
-2.28582
-0.39302
-2.51405
-4.42299
-1.07902
-2.70564
-0.77762
0.16633
-0.98110
-2.78798
-1.67745
-2.03274
-0.14321
-3.01783
-0.54349
-3.13949
-3.04658
-3.14140
-0.77781
-3.03960
-2.39236
-3.90570
-3.58689
0.74363
-3.17600
-0.38737
-3.41930
-3.29456
-1.65762
-0.93955
1.55620
-0.19657
-3.42419
-3.49057
-1.61187
-2.76850
-1.09595
-2.49684
-1.92418
-0.84265
-1.48621
-0.91500
-1.28467
-1.62095
-2.34675
-3.17772
-2.42216
-1.89834
-0.54382
-2.59909
-0.81081
0.61959
-2.84134
-2.60989
-1.66074
-4.48437
-0.14944
-2.92623
-2.19236
-0.13975
-1.74153
-3.11724
-2.24240
-1.64252
-0.98396
-3.61989
-2.30459
-1.44621
3.38258
-2.41261
-2.60600
-3.60083
-2.68209
-0.75207
-3.62059
-3.58578
-3.74424
-2.63263
-1.63678
-2.60438
-3.47610
-2.49545
-3.28483
-2.22806
-1.66950
-3.83930
-2.24208
0.39313
-1.65370
-1.97146
-1.86238
-0.98331
-2.24476
-1.59668
-2.47002
-2.57191
-1.62901
-2.63626
-1.48487
-2.59030
0.73687
-2.05977
-3.58048
-2.16127
0.18941
-2.40279
-3.05065
0.12412
-2.39976
-1.35658
-2.17541
-1.49436
-2.59217
-3.92112
-3.16666
-2.76952
-1.47660
-3.17701
-3.04002
-1.80275
-2.17596
-2.09345
-2.70292
-1.69983
-1.38719
-3.64164
-2.06084
-2.15086
-2.99703
-4.20363
-2.08143
-3.47771
-2.69650
-2.60045
-2.61094
-0.02309
-1.91249
-2.05051
-3.74930
-0.54830
-0.61848
-1.89012
-3.00916
-1.38156
-3.93832
-1.13538
-2.99131
-4.19623
-3.72749
-3.37493
-1.53441
-2.03372
-4.01709
-1.18516
-0.18668
-4.24341
-3.37115
-1.87209
-3.30263
-2.81088
0.15640
0.07063
-3.12474
-3.10571
-0.26928
-1.35417
-2.61044
-3.91396
-3.00310
-2.20893
-3.81149
-2.39797
-0.99624
-1.37224
-4.58625
-1.66069
-1.49539
-2.96868
-1.19613
-0.92249
-2.86096
-1.26006
-4.88586
-2.18687
-1.16646
-2.71780
-4.13714
0.12603
-1.55605
-1.91680
-5.12448
-1.30129
-3.08531
-1.71866
-1.06039
-2.21369
-1.36671
-1.95923
-2.43284
-1.55446
-2.93702
-1.76277
-2.40659
-0.96935
-2.05479
-3.22195
-2.37186
-1.56131
-1.57819
-3.12523
-2.68035
-3.31325
-2.35864
-1.53628
-3.04519
-1.65014
0.11370
-2.54771
-2.72546
0.65229
0.81730
-4.32273
-1.80420
-1.99962
-2.87726
-0.95038
-2.68849
-1.72928
-4.33160
-2.30626
-3.68550
0.80726
-2.98004
-3.40911
-2.80701
-3.31486
0.11175
-0.47131
-2.63334
-3.74441
-0.67469
-2.07234
-4.01995
-0.15662
-2.14852
-3.07676
-0.45250
-2.45468
-2.11169
-3.07193
0.46940
-3.30470
-3.22778
-2.54463
-1.67998
-4.20541
0.35692
-2.03203
-3.55811
0.40855
-0.07198
-3.37542
-2.25766
-1.31156
-4.66298
-1.70863
-1.55317
-2.28287
-0.65758
-2.83920
-1.92546
-0.92363
0.04074
-4.33301
-0.85502
-2.54348
-1.06575
-2.21053
-1.41173
-1.36045
-1.90944
-0.98676
-1.69585
-1.44281
-0.36897
0.34957
-4.37618
-1.27614
-2.11654
-2.07057
-2.23520
-2.71084
-1.74887
-3.99115
-1.90386
-2.33806
-3.54188
-1.82956
-1.78511
-2.18753
-3.96062
-2.99656
-1.96281
-3.06394
-3.58066
-3.66854
0.09885
-1.20924
-2.83242
-1.73586
-1.36851
-4.13520
-2.30797
-3.03470
-1.14395
-1.57585
-2.82535
-1.86316
-1.94453
-2.41543
-1.79606
-1.21366
-1.91276
-3.37555
-3.63277
-3.40654
-3.01530
-2.11504
-0.81870
1.09417
-3.53205
0.87572
0.43591
-2.44782
-1.04566
-3.11584
-2.36340
-0.83480
-2.11443
-4.45136
-1.21016
-2.19582
-3.11645
-2.17302
-2.91971
-2.28708
-2.08285
-3.63327
-3.05166
-0.65711
-2.83676
-1.68505
-3.39331
-3.01295
-3.26461
-0.19193
-1.48544
0.54539
-2.75198
-0.03168
-2.60428
-0.69896
-4.33971
-1.60979
-3.62914
-2.59368
-1.51636
-2.94696
-4.08574
-2.72669
-0.56728
-3.11059
-2.15355
-3.14063
-3.88923
-2.70230
-0.84039
-0.90050
-1.66239
-2.96243
-1.03011
-3.75324
-1.81062
-4.23488
-2.20620
-1.62697
-0.11583
-1.62764
-0.81734
-2.79956
1.76828
-2.03142
-0.52786
-3.33639
-0.69347
-2.72065
-3.14025
-2.51796
-2.65848
-2.20719
-1.90652
-1.41114
-4.37360
-3.06164
-2.03754
-1.98641
-1.52895
-3.17677
-1.96205
0.13006
-1.66398
-3.25898
-2.51335
-1.57708
-4.20485
0.89524
-3.38772
-1.99073
-1.77273
-3.39226
-3.24099
-2.08014
-2.88273
-4.17431
-2.80207
-3.75318
-2.15805
-0.88088
-1.88281
-1.33295
-2.21371
-3.65888
-3.87240
0.46459
-4.33118
-0.37397
-1.71221
-3.42740
-2.59895
-3.80182
0.40347
-1.82524
-1.76707
-0.18387
-1.49538
0.56476
-1.67191
-4.43308
-1.35966
-3.53445
1.14940
-1.00466
-3.63911
-0.59129
-4.03215
-0.53861
-1.58969
-0.76452
-0.50479
-2.20136
-1.73752
-1.43203
-1.32175
-3.06385
-3.83111
-3.22224
-1.09026
-0.58242
-4.98164
-2.90457
-3.13689
-3.38530
-3.70751
-2.82701
-3.47406
-2.78327
-3.26218
-2.65994
-4.28960
-2.32940
-1.80204
-2.26868
-2.07173
-0.39103
-3.47207
-3.01776
-4.06389
-2.60084
-3.44904
-1.13256
-5.34355
-2.47559
-4.64508
-2.89910
-2.96786
-4.21952
-1.86984
-2.10241
1.60672
-0.74857
-3.73900
-3.46638
-0.80522
-4.00959
-2.41077
-2.38536
0.70013
-2.16335
-2.76413
-4.05490
-4.28563
1.03083
-1.06105
-1.41531
-1.69616
-1.21526
-0.60627
-5.30904
-2.83047
-2.68017
-1.53419
-1.60383
-1.34035
-4.75886
-2.32610
-2.43159
-0.74323
-2.14498
2.16401
1.34436
-1.02669
-4.78137
-5.33422
-3.08053
-4.74179
-1.24817
-4.64871
-3.35745
-2.90143
-2.99323
-2.39454
-0.85898
-1.22694
-1.61837
-2.10840
-3.82022
-1.86802
-2.09949
0.69339
-2.70658
-1.76435
-2.72249
-2.64264
-1.12144
-3.09856
-2.98632
-2.13810
-2.10835
-2.09687
0.60912
-3.99559
-3.56706
-3.06920
-0.30104
-2.39110
-0.59362
-1.90798
-3.56409
-0.90585
-1.49716
-1.71935
-4.28923
-1.84712
-2.50495
-4.39045
-1.63269
-0.49811
0.46281
-2.29117
-3.36245
-3.63222
-3.42589
-0.11166
-0.83546
0.10325
-1.08801
-2.21413
-1.68356
-2.52058
-2.28479
-3.81427
-1.72715
-2.08852
-2.76897
-4.29194
-3.56566
-3.40409
-2.78579
-2.99247
-3.03465
-4.25512
-1.09174
0.56385
-3.41950
-4.34770
-1.87924
-0.53238
-4.10394
-2.86588
-0.20465
-1.17189
-3.97481
-1.65942
-2.04122
-1.54398
-3.26538
-1.46765
-3.97345
-2.84237
-2.44818
-2.92872
0.13082
-1.73257
-1.16071
-2.77249
-0.35858
0.49859
-0.43449
-2.99885
-2.12398
-3.40134
-0.22216
-3.47453
-3.57447
-0.50974
1.04309
-1.89551
-3.67602
-2.86093
0.77825
-0.06390
-1.62243
-3.52042
-2.46756
-3.75449
-2.83149
-3.00937
-1.62615
-0.80690
-2.30935
-1.12197
-0.55150
1.23065
-1.90328
-0.26374
-0.16505
-3.37691
-0.12774
-3.38169
-1.83587
-1.16313
-2.55047
-2.39115
-2.92319
-3.04212
-2.94815
-1.12643
-1.96547
-4.15979
-2.41770
-3.81700
-2.02184
-1.37409
-4.35837
-0.82317
-1.59657
-0.85654
-1.38707
-2.82461
-3.37383
-2.52761
-3.48881
-3.26184
0.35323
-1.32574
-1.72372
-3.96463
-0.68497
-4.56517
-3.94298
-1.48054
-2.44627
-3.63559
-3.58842
-1.53208
-1.89214
-3.06105
-2.48992
-1.29711
-4.13177
-2.48747
-3.08869
-2.14895
-0.88818
-3.77425
-2.42277
-2.35347
-1.96556
-3.16433
-3.88535
-1.20505
-1.10493
-2.79271
-1.66518
-0.56669
-2.05239
-3.12791
-2.06267
-4.06411
-2.49667
0.03429
-2.48349
-1.52544
-1.64979
-2.59112
-2.00942
-1.23223
-3.83516
-1.11101
-2.39143
-3.06664
-1.38822
0.37335
0.09434
-3.55509
-2.95467
-2.18147
-2.23504
-2.46571
-1.75339
-2.35088
-3.94548
-4.41581
-3.41370
-0.33447
-3.71741
-1.45299
-0.60547
-0.62779
-2.10201
-2.46786
-1.13902
-1.61132
-4.47490
-2.85214
-1.63789
-3.36527
-1.10535
-3.87441
0.14558
-3.99846
-3.33935
-2.64458
-2.94576
-2.42266
-2.52436
-3.14167
-2.32999
-0.57420
-1.38310
-1.14443
-2.76327
-1.36585
-0.61208
-2.60222
-3.12872
-2.20584
-2.90324
-1.13525
-1.09248
-2.78124
-1.91399
0.50224
-0.57862
-4.28540
-3.49895
-3.41769
-1.74337
-2.85198
-3.85414
-2.59211
-3.48949
-3.84285
-2.89265
-2.50488
-1.35239
0.06937
-2.60897
-3.94664
-0.67207
-3.62322
-3.43626
-1.14355
-1.20529
-3.27425
-3.05178
-2.35655
-1.09000
-3.33132
-3.59314
-2.99690
-1.23814
-3.48298
-0.30804
-2.09926
-2.27498
-3.23257
-3.05260
-2.11143
-3.13256
-1.91972
-4.65930
-2.06458
-3.37039
-1.10878
-4.69497
-4.18585
-1.51229
-2.64196
-0.55486
-3.44696
-3.09139
-3.98835
-2.52930
-0.51145
-2.21506
-0.62385
-2.38260
-0.33625
-2.15784
-1.76771
-1.71876
-2.71905
1.70764
-0.95522
-2.68546
-0.86664
-2.69372
-2.95064
-1.30817
-2.20821
-1.75335
-2.03095
-2.44855
-2.84625
-2.37954
-2.88256
-2.94860
-2.52269
-3.77105
-2.98103
-2.53218
-1.66331
-1.58577
-3.76422
-2.75901
-2.81447
-3.34649
-2.17858
-1.22870
-2.79809
-1.89342
-4.00101
-0.23852
-2.14619
-0.28119
-1.67686
0.15423
-1.71367
-2.59836
-3.00943
0.00746
-3.38245
-2.29391
-1.62253
-3.90142
-3.61516
-1.27218
-1.77060
-3.75733
-2.79987
-1.57751
-2.20575
-4.24856
-3.12552
-2.17859
1.26415
-1.19325
-2.51621
-2.39039
-2.49262
-3.17197
-1.47325
-4.13924
-2.95402
-0.97697
-2.25562
-1.58227
-0.68608
-1.33573
-1.29936
-4.00534
-2.29733
-2.59275
-0.19356
-2.91519
-4.29926
-2.12987
1.19703
-2.77276
-2.28943
-2.39121
-1.80549
-2.78929
-1.29653
-3.53769
-3.16192
-3.25807
0.55814
-1.74164
-1.81481
-3.95658
0.41303
-2.65004
-2.77173
-1.51789
-1.17145
-0.22441
-1.56369
-4.57260
-2.84372
-3.03116
-2.22949
-2.71776
-0.87585
-2.16380
-0.59991
-2.91199
-0.13652
-2.27316
-2.68105
-2.52636
-1.33484
-1.09690
-3.01371
-4.11646
-1.17957
-2.13334
-2.05938
-1.17918
-2.21012
-1.07287
-3.98608
-0.40822
-1.96026
-1.91779
-1.28324
1.07180
-3.58867
-1.76754
-1.77937
-0.46868
-2.68390
-2.85380
-0.41593
-2.95342
-2.74367
-2.31261
-2.34966
-0.58691
-1.75652
-3.52891
