-0.42444
-0.75741
-2.51405
-1.07902
-0.54349
-2.39236
-3.58689
0.74363
-3.42419
-1.28467
-1.62095
-2.59909
-2.19236
-2.60600
-2.68209
-3.74424
-2.49545
-3.28483
-1.66950
-2.47002
-2.57191
-2.59217
-1.47660
-2.09345
-2.06084
-4.20363
-2.60045
-2.61094
-4.19623
-3.72749
-0.18668
-3.37115
-2.20893
-1.66069
-5.12448
-1.30129
-3.08531
-1.76277
-1.56131
-3.31325
-3.04519
-2.54771
-0.95038
-3.40911
-0.67469
-0.15662
-2.11169
-2.54463
-1.67998
-4.66298
0.04074
-2.54348
-2.21053
-2.71084
-3.54188
-2.18753
-3.06394
-1.36851
-1.94453
-1.21366
-3.63277
-3.40654
0.43591
-1.21016
-2.08285
-3.63327
-3.39331
-3.01295
-2.59368
-3.11059
-2.70230
-0.11583
1.76828
-0.69347
-1.90652
-4.37360
-1.52895
-3.38772
-1.99073
-4.17431
-2.15805
-4.33118
-3.63911
-0.76452
-1.43203
-3.38530
-3.47406
-2.32940
-2.60084
-3.44904
-4.64508
-0.80522
-2.38536
-5.30904
-2.83047
-1.34035
-2.32610
-2.90143
-3.82022
-1.86802
-2.64264
-3.56706
-3.56409
-4.28923
-2.50495
-1.63269
-1.68356
-1.72715
-2.76897
-3.40409
-0.53238
-1.17189
-3.26538
-2.44818
-2.99885
-0.22216
-0.50974
-1.89551
-2.46756
-1.16313
-2.39115
-3.04212
-2.02184
-3.37383
-2.52761
-3.94298
-3.63559
-2.48747
-3.16433
-2.79271
-4.06411
-2.49667
-2.59112
-2.35088
-3.94548
-3.41370
-0.33447
-1.61132
-4.47490
-2.64458
-2.60222
-1.74337
-3.48949
-3.94664
-3.43626
-1.14355
-3.33132
-2.11143
-3.13256
-1.10878
-2.64196
-3.98835
-2.52930
-1.30817
-3.77105
-2.53218
-2.75901
-2.79809
-2.14619
-1.77060
-3.75733
-3.12552
-1.47325
-0.97697
-2.29733
1.19703
-1.29653
0.41303
-4.57260
-2.22949
-1.33484
1.07180
-1.76754
-2.68390
-1.75652
