3.01438
3.44589
-1.24504
3.99964
0.47353
-4.60897
3.80380
2.61009
3.18866
-1.07072
4.61970
2.41037
-0.41280
5.30946
-0.42988
1.15087
0.31694
0.93519
4.25564
4.15112
0.67852
4.43602
1.65317
2.36120
3.83130
-0.22024
0.99216
3.59072
2.44079
3.47279
3.35197
1.30121
4.88509
4.44517
4.20005
3.56464
2.03332
1.77734
4.73960
1.58105
2.93871
-0.44703
-0.24316
2.82364
-1.08425
2.76162
1.16188
0.54489
2.67134
-0.66768
3.60452
3.86674
3.72151
1.96045
3.00552
0.40689
5.45977
2.04431
-0.05767
1.64440
1.36917
0.21360
1.33309
2.32216
0.72911
1.84701
6.16089
4.23374
2.31083
3.44077
0.91824
4.33616
3.83765
1.04202
2.41727
0.42402
6.09495
6.37466
-0.91695
3.26991
3.25664
4.27828
5.37749
1.88175
1.12575
3.52960
3.12086
0.10189
2.08555
2.13351
1.28524
1.39383
2.50954
0.96955
5.24590
3.04571
-1.11489
-1.02923
2.67505
2.06975
5.96937
2.84303
2.65041
0.30182
6.76055
1.61213
1.76359
-0.07849
3.76299
2.49553
1.89455
2.35509
3.03091
2.41214
4.45276
5.93312
5.99809
6.00971
4.21630
4.30685
1.18678
4.73744
5.69286
2.01925
5.75983
4.73558
2.34163
2.03892
2.53535
2.82425
2.66734
0.00450
1.67040
0.47738
2.52409
4.55381
0.26864
6.07165
0.80364
1.06423
0.58505
1.76732
-0.25765
5.37554
4.10153
1.44056
2.86995
0.51056
1.97527
1.11769
5.00375
1.78638
0.94873
4.52771
4.13933
2.11829
1.42172
1.42102
0.16648
-0.31106
3.00364
2.94242
1.82914
2.21952
0.17563
5.04940
3.43874
4.67053
5.93392
7.00329
4.33938
5.66098
-0.32052
-0.68028
5.20350
0.76285
1.88096
2.31887
0.27432
4.45476
3.21620
-1.31339
3.01352
-0.91074
3.75810
-0.36775
2.63843
5.38577
-0.15280
1.17036
2.67507
-1.44679
-0.23004
1.91352
-0.30790
2.25841
2.59946
1.40387
0.11839
0.13022
