7.12163
10.33205
10.44904
10.35690
8.47985
6.99141
1.18397
8.46000
8.06164
10.44904
4.80402
5.36340
4.45538
6.69599
7.01253
3.03083
7.82034
3.39667
10.44904
10.44904
4.29291
8.68528
9.67862
8.34521
10.44904
10.44904
8.50788
10.44904
6.40332
9.45044
8.37185
7.98352
6.60217
7.35701
3.61975
10.44904
10.44904
8.78987
4.72963
3.49797
8.56438
9.24679
5.17259
10.44904
8.12944
6.39932
6.91245
7.47772
10.44904
3.46076
7.41187
5.81188
6.39670
9.92586
4.36821
7.29617
10.44904
6.31661
10.41789
8.74678
4.04659
10.44904
6.11545
10.44904
8.29552
8.58812
5.95415
10.44904
3.68224
4.74103
7.34550
2.35997
10.44904
10.44904
5.58074
6.19867
5.73869
3.49797
6.31694
5.30639
3.74732
5.74382
4.90909
2.46642
5.75761
1.90626
3.67153
0.32329
1.23442
2.12363
1.93706
3.83947
6.74707
8.18767
5.03499
1.34923
10.44904
-1.10099
6.56926
10.44904
8.48933
5.96217
10.44904
4.84631
6.56424
6.06604
5.78694
3.81426
10.44904
8.35461
10.33796
7.30681
6.29832
9.41382
10.44904
10.44904
10.22403
10.44904
10.44904
8.31857
10.44904
6.62801
1.97205
4.72012
3.18375
4.21918
8.69040
6.62443
9.65313
8.78184
5.22340
3.24976
4.02924
6.52403
6.06463
3.37010
9.43364
9.52280
9.78037
10.44904
10.44904
4.85128
10.44904
6.28790
10.44904
8.81878
6.76242
8.00863
10.44904
2.67867
7.12607
8.68844
4.52817
5.15331
10.44904
10.44904
10.44904
6.75898
5.77231
10.35307
9.24051
7.76651
10.29902
9.39110
9.65268
10.44904
4.69908
5.22108
3.00770
3.39124
8.77547
6.32246
10.44904
4.91651
7.75855
4.18492
5.35057
6.10788
7.40543
10.44904
