-3.43083
-1.05745
-2.46976
-2.00398
-0.97555
-2.46948
-4.21568
-2.23853
-3.79025
-1.86346
-1.46167
-3.61401
-3.83618
-3.20948
-2.98693
-2.45036
-1.30602
0.86356
-1.76101
-2.94045
-2.49299
-2.38489
-3.87220
-3.26942
-3.46774
0.18713
-1.06875
-2.73506
-3.53469
-3.77626
-2.24329
-3.33703
-3.76932
-0.70651
-2.09396
-0.18739
-3.62431
-2.15496
-2.21781
-1.90747
-2.43474
-2.40708
-1.24968
-3.24410
-2.89809
-1.64011
-3.40945
-0.67197
-2.01293
-3.13059
-1.26049
-1.65845
-3.01009
-3.03742
-2.56450
-1.62883
-0.96566
-2.31409
-1.38457
-3.38392
-3.10222
-1.87070
-1.38472
-2.42402
-2.10280
-1.95256
-3.55671
-2.22012
-2.58301
-2.07052
-3.32340
-3.79734
-3.24915
-1.22302
-1.20300
-2.01308
-3.39027
-2.90817
-3.92690
-2.40384
-4.31337
-1.88894
-3.62056
-3.54606
-3.00616
-3.16762
-4.09833
-2.71936
0.86476
-2.56865
-2.24470
0.75382
-0.73251
-2.66105
-3.79071
-3.36706
-3.51114
-1.89007
-1.23446
-4.07357
-2.95656
-2.48296
-3.59805
-1.22181
-1.62287
-1.86382
-3.52419
-2.33263
-2.40423
-2.79955
-3.09404
-2.99793
-2.28626
-3.15654
-2.86742
-2.35515
-3.43411
-3.90506
-3.63195
-0.79847
-2.38476
-2.86466
-2.09823
-1.26952
-1.44584
-3.07398
-2.09254
-4.11976
-2.28947
-1.50558
-1.89477
-2.86825
-1.48767
-1.10924
-1.36372
-2.33223
-1.63162
-3.77433
-1.51301
-1.76858
-2.62159
-1.91098
-3.61137
-1.45874
-2.75334
-2.45383
-2.68037
-2.87798
-3.47006
-3.58760
-1.93462
-2.56449
-3.26155
0.55154
-2.77606
-3.12554
-3.61645
-2.06684
-1.57177
-2.80769
-3.29346
-2.30808
-2.32627
-0.60396
-3.40065
-1.90775
-2.14601
-1.98477
-3.24111
-2.84198
-3.78180
-3.70100
-4.10534
-4.23544
-1.73926
-3.15930
-2.46589
-1.22052
-2.71703
-1.23662
-1.73543
-3.40895
-2.70031
-3.03087
-1.78119
-2.30622
-2.14459
-3.00758
-2.33463
-3.91219
-2.41599
-3.04595
-3.64260
-1.72258
-3.11835
-3.96465
-2.85478
-2.06035
-3.49109
-3.38402
-2.52810
-1.96409
-2.37970
-2.48167
-2.26643
-3.52532
-1.72409
-3.28211
-3.62652
-2.04233
0.68687
-4.06006
-2.50816
-1.63169
-3.84016
-3.26253
-3.54745
-3.40723
-3.05142
-3.89007
-3.47583
-2.44624
-1.97526
-3.38077
-4.42813
-4.51920
-3.98961
-3.12476
-2.93126
-2.52692
-3.46773
-2.97872
-3.98318
-2.19327
-1.94062
-1.40250
-3.20241
-3.70587
-2.87961
-4.36340
-2.73813
-1.97523
-1.82495
-1.36283
-2.39167
-1.89493
-4.01912
-0.86202
0.81207
-3.99189
-2.61456
0.39026
-3.17771
-3.60894
-3.47991
-3.05346
-3.95763
-2.95628
-3.75553
-1.86857
-2.60608
-1.49478
-3.53525
-3.35060
-3.44881
-2.18497
2.93823
-0.42420
-2.84723
-1.53126
0.44395
-3.03399
-1.80249
-0.25841
-2.10334
-3.77382
-2.90532
-2.79148
-1.08255
-2.16788
-3.39128
-1.90365
-2.35156
-2.28566
-2.88871
-1.89251
-3.60257
-3.16430
-3.76149
-2.44374
-2.29532
-1.77277
-2.68468
-2.36307
-2.63232
-3.09078
-2.09601
-3.75818
-3.47872
-2.77063
-2.31227
-1.92872
-0.81515
-2.92723
-2.07923
-2.15249
-3.00297
-2.27901
-0.57294
-2.22094
-3.27701
-3.73866
-2.88575
-2.55929
-2.09434
-3.39599
-1.43378
-2.45472
-1.26950
-2.53575
-2.74349
-2.85056
-3.19750
-2.50727
-2.00635
-2.52980
-1.69740
-2.64826
-1.71853
-1.84944
-1.85375
-1.81487
-3.51978
-3.01503
-3.03712
-3.50984
-4.25951
-0.68908
-1.48570
-2.88060
-1.07438
-4.27708
-0.46793
-2.61113
-2.62099
-3.63985
-3.25459
-2.41733
-0.54397
-4.05513
-1.97653
-0.33461
-2.99093
-2.98657
-3.58206
-2.36915
-2.98591
-1.90954
-0.87437
-3.12917
-3.28414
-2.06881
-1.10918
-2.17223
-3.37189
-0.85655
-3.89115
-3.11444
-2.62296
-2.86197
-0.65617
-0.54412
-3.37892
-2.06191
-3.01651
-2.23032
-2.62060
-3.73209
-2.03962
-1.79776
-2.10455
-3.09685
-2.54449
-1.27050
-1.89764
-3.23013
-1.36060
-3.44691
-3.42565
-3.94035
-1.85032
-3.74019
-3.01806
-2.65737
-1.68986
-3.11223
-3.75330
-2.51877
-3.20023
-2.73642
-3.38204
-3.29252
-1.16851
-2.54493
-1.51895
-2.28104
-2.07676
-2.03900
-1.51813
-1.02168
-1.85189
-3.80544
-0.74132
-1.44404
-1.33338
-1.86440
-1.74788
-2.42952
-2.99097
-3.20031
-2.15608
-3.60687
-2.31777
-3.24494
-3.57759
-2.83880
-3.50747
-3.56608
-3.59968
-2.60007
-2.40527
-2.79798
-2.09093
-0.08617
-3.36408
-3.24352
-1.78662
-1.94451
-1.05341
-2.65280
-3.89201
-1.91644
-2.55284
-0.25285
-1.90877
-3.03545
-1.92170
-2.14067
-2.92880
-0.06209
-0.83765
-2.38219
-1.85789
-1.79063
-2.31615
-2.94667
-2.11094
-2.85338
-2.88978
-3.96738
-1.35986
-2.77055
-2.74675
-2.04779
-3.49216
-3.85899
-2.96123
-3.80440
-2.27865
-3.32773
-2.36421
-2.18836
-2.45859
-3.73162
-0.18407
-1.08999
-3.24580
-3.71229
-2.35628
-2.29774
-4.48928
-2.30673
-3.55123
-3.54496
-2.37808
-2.00169
-2.25804
-2.44347
-1.34022
-4.52883
0.75070
-2.83982
-2.53100
-3.91618
-3.69333
-2.18285
-0.28038
-1.46648
-1.88821
-2.55093
-2.81208
-2.63105
-1.90061
-0.42153
-2.55876
-1.89571
-2.60888
-2.48198
-3.22946
-2.11939
-1.35374
-1.37340
-2.52349
-1.75169
-3.70990
-3.11398
-2.30010
-3.34793
-3.47761
-3.89746
-3.34892
-2.86686
-3.85576
-1.65685
-3.20343
-2.48486
-3.50237
0.66083
-3.73213
-3.80805
-2.52020
-0.48872
-2.99978
-3.04259
1.26992
-2.21578
-2.76429
-1.66534
-1.76301
-2.26345
-0.79399
-3.72156
-4.29441
-1.95629
-3.37748
-1.58319
-4.35677
-3.00942
-3.06309
-2.45603
-1.18851
-2.88292
-2.15111
-1.70794
-2.98142
-2.09585
-2.76598
-3.10592
-3.12184
-3.40262
-2.28442
-2.16571
-1.80785
-2.82047
-3.21188
-3.33891
-2.68574
-0.60428
-2.18973
-1.17489
-1.85756
-3.33911
-1.79844
-1.05197
-2.68534
-2.64763
-0.37761
-0.89922
-1.48975
-2.75907
-1.90590
-4.07146
-3.25106
-1.06245
-3.44890
-1.08760
-3.08556
-2.72863
-3.12669
-1.47754
-3.41960
-3.43488
-3.36764
-3.70820
-2.46592
-2.91161
-1.61319
-2.67939
-3.54668
-3.14830
-1.85608
1.01266
-2.32266
-2.31581
0.71817
-3.36806
-0.95137
-3.14343
-3.38624
-2.58667
-1.26102
0.23535
-3.15836
-0.51394
-1.77917
-2.08223
-1.96677
-1.59143
-2.44785
-2.18950
-0.35964
-3.28505
-2.31510
-2.96737
-3.60693
-1.08769
-3.22578
-2.78644
-3.20173
-2.66226
-2.70015
-2.84162
-3.16794
-1.54843
-0.67608
-0.44499
-2.97424
-1.38280
-1.26496
-1.54868
-2.37650
-2.65928
-2.40017
-1.77719
-4.05690
-3.58297
0.02430
-2.83776
-2.19507
-2.67838
-2.00509
-1.23040
-0.44505
-3.56111
-3.66336
-4.16959
-2.39937
-3.13757
-3.57923
-2.49530
-1.98188
-3.51917
-3.85204
-3.70020
-2.57836
-4.12526
-0.60795
-3.76250
-2.09663
-1.30741
0.67652
-2.09868
-3.95076
-2.80377
-2.10153
-1.84396
-3.41349
-3.25552
-3.56153
-3.63983
-3.13016
10.44904
-3.08435
-2.38201
-1.98943
-3.78593
-3.01959
-3.63360
-2.08069
-2.63628
-2.45597
-2.57785
-2.27334
-4.17021
-2.56191
-0.55350
-2.28702
-0.65652
-2.01541
0.24966
-2.59031
-2.54361
0.07560
-0.30251
-3.40991
-2.67072
-3.51732
-3.32763
-3.55256
-2.08822
-3.48218
-2.13109
-1.67081
-1.82152
-2.38547
-1.89363
-2.61717
-3.48765
-1.20999
-0.73077
-3.63502
-2.74582
-2.63367
-3.32910
-1.71235
-1.74818
-2.64865
-3.68202
-1.03696
-3.78173
-3.22366
-0.28845
-1.38823
-3.42641
-3.32877
-1.20479
-3.20390
-1.93085
-2.03062
-2.69603
-2.18215
-2.67847
-3.05715
-3.62641
-0.70646
-1.98824
-2.22427
-1.54734
-3.35894
-3.91234
-2.88077
-3.95209
-0.30288
-3.04695
-0.03430
-2.90839
-3.74909
-2.16904
-1.07013
-1.73922
0.76532
-1.66713
-4.07489
-3.51392
-2.48701
-1.59825
-2.91405
-3.26210
-3.52224
-1.66014
-3.49046
-2.53456
-3.00179
-0.40684
-1.93607
-2.10060
-1.03981
-3.42248
-2.72301
-3.63025
-3.60741
-3.67375
-1.44345
-2.58837
-3.65035
-2.76216
-1.96604
-0.47469
-2.41896
-2.95685
-1.94891
-2.66238
-2.66151
-4.29253
-3.53050
-2.05376
-2.78300
-1.03200
-1.49951
-2.80076
-1.22411
-0.60235
-2.84126
-3.49068
-0.89583
-2.78741
-1.13305
-0.86816
-1.23782
-2.04403
-2.02150
-3.08288
-2.68131
-0.78086
-0.21468
-3.23231
-0.75895
0.12094
-2.73212
-4.51428
-1.42530
