-2.96572
-2.71146
-2.54498
-2.71971
-1.84948
-2.68569
-3.27311
-3.28404
-2.24442
-0.56005
-3.42173
-2.48851
-4.10243
-2.42211
-3.74394
-0.32442
-3.61989
-3.68708
-2.36125
-3.19804
-4.01094
-3.70370
-2.95952
-3.20315
-3.24318
-4.27786
-3.63914
-4.02699
-2.62206
-2.77400
-3.35557
-2.93886
-2.65109
-1.60794
-2.16248
-2.07664
-1.92105
-2.21694
-3.88446
-1.36144
-3.19849
-3.32742
-2.62405
-1.70578
-4.50976
-1.32081
-3.50825
-3.18816
3.15238
-4.34512
-1.87453
-3.20279
-3.03679
-3.11743
-4.01019
-2.66927
-2.23295
-0.49785
-2.45651
-3.25179
-3.80609
-3.87606
-3.52958
-3.05551
-3.14064
-3.10181
-2.69196
-4.56280
-3.99612
-3.64180
-2.96123
-1.88203
-2.15007
-2.32644
-3.93423
-2.22025
-1.76964
-4.01094
-1.14907
-1.99116
-3.53725
-2.93034
-2.80801
-2.66107
-2.48982
-2.76085
-0.41933
-3.57508
-2.90131
-4.05778
-4.12541
-0.33314
-2.32078
-1.23529
-2.75015
-1.80412
-4.25842
-3.82879
-2.92517
-0.59679
-2.37278
-4.17891
-2.68209
-3.24247
-3.89387
-3.86512
-3.86151
-2.84771
-3.28712
-3.70217
-4.24509
-3.57433
-3.20772
-3.70036
-1.66380
-3.64094
-4.05041
-3.86345
-2.56190
-3.24943
-3.55273
-3.96430
-2.75058
-2.35880
-3.47391
-3.21252
-3.64072
-3.44375
-3.19013
-3.71045
-2.40722
-3.99530
-4.07833
-2.54762
-2.89057
-3.11944
-4.53398
-3.37339
-4.11815
-4.14516
-3.77266
-3.81862
-3.97304
-2.57014
-3.13130
-3.47621
-2.80930
-4.52147
-0.18209
-3.30132
-3.10968
-4.21374
-3.46864
-3.26400
-0.23543
-2.13725
-1.82561
-1.44546
-3.41134
-3.33994
-3.03425
-2.52576
-3.56908
-4.01893
-3.09967
-3.40295
-2.72524
-1.20820
-2.52947
-2.60230
-1.74608
-1.60973
-1.50922
-1.82753
-1.95964
-3.10502
-2.86271
-3.26015
-3.37275
