7.05054
6.46998
6.42032
6.98764
6.94056
5.62704
3.05658
-0.17021
4.17914
7.26700
-2.13634
5.90004
2.85896
5.81357
5.14440
1.66862
3.99987
2.23587
5.64416
2.80815
5.67689
3.40143
7.26700
5.46758
2.99617
3.93964
3.16368
6.59543
3.98539
1.75843
4.89540
2.79830
5.64286
0.72367
-0.16860
3.50464
2.72236
2.42487
4.40046
7.26700
3.68409
4.95388
4.70929
0.52673
6.72457
3.49678
4.19782
7.26700
6.77606
7.26700
5.45985
3.87259
3.75347
0.11180
3.39524
2.24008
7.26700
3.66658
5.91143
7.15438
7.26700
7.26700
5.14397
4.49334
4.89814
3.67901
6.92721
4.79922
3.48264
6.97295
7.26700
6.11370
4.29940
5.11789
1.13255
1.55235
3.59127
1.51135
1.82430
2.47247
-0.18476
1.97314
6.68090
3.24705
6.83918
3.11608
2.84181
2.46962
3.25290
2.40560
5.10734
3.91468
4.31425
0.97879
3.92497
1.83124
5.80729
6.48548
3.94986
6.55556
1.30432
3.40784
5.63177
7.26700
3.48850
-0.21204
4.38516
4.16965
7.26700
4.53112
4.55673
5.37506
3.73459
7.26700
4.75962
6.55601
7.26700
6.18587
0.58802
3.52979
7.26700
5.73610
4.68266
4.46253
5.99236
5.41638
3.41811
4.11533
7.14838
7.26700
3.11860
5.38375
7.26700
7.26700
7.24480
4.73397
3.77489
4.72209
4.58074
7.26700
6.55358
7.14442
4.57516
3.30591
6.20079
7.26700
3.98588
6.06549
3.28286
5.16993
3.88096
4.98226
1.68735
1.90946
3.22832
1.80410
3.28391
6.97466
2.42420
4.50935
4.52894
1.88466
2.66287
3.34532
7.26700
0.99076
3.78552
0.75378
-1.42704
0.22904
4.83570
-0.51026
4.78339
5.95771
1.50200
1.37599
7.26700
7.26700
7.26700
5.14728
3.97615
2.11138
4.35328
7.12695
4.95777
-2.09847
3.57159
-0.22830
-2.85403
4.10054
2.64526
2.03942
0.40503
3.28654
5.79192
3.77930
5.09920
7.26700
2.64246
1.75390
1.72409
4.06726
4.33307
4.18530
0.07062
6.66845
2.28771
4.69375
5.36734
-0.18102
1.52579
7.26700
4.77123
1.77106
4.26520
7.24723
2.93201
5.04989
7.26700
5.12220
-1.36805
4.67229
7.26700
0.60105
3.22358
6.64951
2.78647
3.34364
7.26700
-2.45213
7.26700
7.26700
7.26700
5.94765
7.26700
6.10597
1.90384
5.52949
3.83801
6.89343
3.37130
6.47823
-2.13260
3.93647
2.18183
3.77409
-1.02265
0.04336
1.97944
1.05635
3.76457
4.24627
0.36377
7.22321
3.02604
7.21626
5.03897
2.10895
4.89868
-0.79384
2.44169
3.48795
-0.50732
-0.52614
7.26700
1.39242
4.01555
2.57518
4.02144
7.26700
3.06245
2.83632
0.71362
2.72585
3.53644
5.82327
4.29265
5.91643
2.34484
4.29033
7.26700
5.10782
5.65044
6.69702
-1.20019
3.09525
6.01433
3.22662
6.71306
4.50993
3.98591
5.27600
4.87522
7.26700
4.69936
-0.78759
-0.38964
3.88874
3.45765
0.32359
3.93933
2.36299
0.72468
2.41764
-0.61815
4.52033
-2.19068
5.51736
3.79562
5.77011
4.56679
6.92072
-0.49702
3.88142
-0.31502
3.93501
3.92621
4.65668
7.26700
5.25137
0.90122
5.18217
3.69331
4.58502
4.56951
-2.25953
0.69484
3.03961
3.32758
3.22333
5.32481
4.90551
1.37621
5.77168
2.86602
4.36438
1.69514
5.60546
0.76613
2.20553
6.28232
7.26700
