-0.78475
-2.26647
-2.07004
-0.98274
-2.63450
-1.65378
-2.34566
-1.39660
-2.34160
-1.32069
-1.55194
-3.24579
-2.83903
-0.36228
-0.82627
-2.75222
-0.52860
-3.08718
-3.10031
-1.65908
0.55966
-2.85511
-1.49664
-2.94238
-3.33715
-3.12715
-1.51530
-3.04813
-0.88145
-2.29111
-2.15565
-0.08712
-2.89410
-0.88018
-0.46310
-2.34422
-0.22200
-2.08468
-1.96222
-2.89071
-2.18825
-2.67977
-0.72474
-1.16850
-1.25237
-1.40365
-1.11699
-1.73636
-2.39244
-1.24816
-2.02792
-2.24378
-2.67496
-2.66460
-2.54792
-0.57237
-1.94067
-0.33502
-2.54759
-2.45167
-2.40728
-2.28687
-3.01303
0.61746
-1.82304
0.08703
-2.46726
-1.89075
-1.38255
-2.06681
-2.63518
-2.36095
-0.51485
7.09459
-1.73272
-1.48418
-0.11458
-1.65187
-2.72080
-2.87555
-2.21954
-2.43031
-2.93278
-1.96797
-1.70553
-2.02223
-1.87466
-2.15583
-2.22168
-2.19847
-2.21943
-2.16396
-0.66880
-1.69223
-2.31147
-1.70556
-2.71286
-2.06580
-2.10228
-1.02916
-1.42366
-2.48011
-1.81194
-2.16776
-1.83136
-0.82294
-2.32648
-2.29612
-2.09361
-2.40199
-2.35235
-1.05794
-1.65412
-1.95976
-1.25772
-3.02525
-1.95749
-1.36224
-2.29865
-1.84093
-1.17308
-1.92221
-2.49175
-0.86780
-1.47320
-2.49794
-2.31345
-0.00587
-1.75792
-0.63871
-2.02372
-1.13246
0.33133
-1.26096
-2.98904
-2.90304
-3.00624
-0.41399
-1.28935
-2.03767
-2.17001
-1.98843
-2.46797
-0.97773
-1.74061
-0.02309
-1.51197
-1.07724
-3.38553
-3.29362
-2.46434
-0.55998
-0.53541
-1.49666
-2.56079
-2.44784
-3.28186
-1.63323
-2.58556
1.69392
-0.97406
-2.45891
-2.72554
-0.34001
-0.19272
-2.35045
-2.08525
0.41676
-2.75414
-2.82520
-3.34383
-1.55137
-0.51805
-0.79298
-2.32384
-0.29777
-2.09731
-2.59799
-2.14195
-2.81314
-2.37333
-1.59220
-1.68888
-0.65610
-2.79622
-2.77325
-1.77127
-1.30900
0.00353
-2.52074
-1.41990
-2.63281
-2.11913
-1.46221
-2.43061
-0.37322
-2.26974
-2.61545
-1.79820
-0.76867
-1.12793
-0.92161
-0.49446
-2.79646
-2.20937
-1.38045
-1.62044
-0.51504
-1.71880
-1.87127
-0.70028
-2.23361
-2.22431
-0.57250
-1.01731
-1.34875
-3.28976
-1.87163
-2.03003
-3.22254
-1.09294
-3.29362
-1.23475
-1.47432
-1.69027
-2.66557
-1.49912
-1.34487
-2.73091
-1.19846
-1.37151
-2.20775
-2.45363
-3.03854
-1.37898
-1.75363
-2.58770
-2.09674
-0.48754
-1.63217
-0.41046
-2.88752
-1.59554
-2.59397
0.25940
-1.53872
-2.11863
-2.44239
-1.33264
-1.52116
-2.54105
-2.50575
-1.50522
-1.24953
-2.27063
-2.17711
-2.55227
-1.64361
-0.85582
-1.30201
-1.55937
-1.84165
-2.55949
-2.35889
-3.40703
-3.33443
-3.33963
0.04125
-2.06700
-0.62591
-2.65200
-0.95763
-1.70195
1.55025
-3.35115
-2.50968
-1.02122
-2.27740
-1.83708
-1.94736
-2.43978
-2.77890
-2.55259
-2.88479
-0.34412
-1.37709
-2.84343
-2.04036
-0.81181
0.29074
-0.33275
-1.45568
-2.01042
-0.54907
-3.25173
-2.13533
-1.59902
-1.65797
0.30518
-0.63223
-3.11972
-1.48802
-2.38221
-0.35200
-0.61837
-1.07227
-0.74618
-2.59599
-2.97099
-2.58594
-1.86878
-1.17944
-0.99109
-2.18357
-2.59485
-2.19299
-3.26567
-2.95054
1.22506
-1.48793
-2.88374
-1.20599
-0.93641
-1.53054
-3.01551
-2.58047
-0.43028
-2.52714
-3.26167
-1.91472
-1.60369
-2.74512
-3.16216
-2.32209
-0.52176
-0.75873
-2.55857
-2.43452
0.76168
-0.25993
0.02773
