-1.07339
-3.08363
-0.78475
-1.10973
-0.93301
-1.37571
-2.46350
-1.33898
-2.26647
-0.97972
-1.14907
0.40081
2.06770
-2.20790
-0.01264
1.13713
-1.64386
-2.07004
-1.64384
-0.75363
-0.98274
-2.63450
-3.06225
-1.65378
-2.59689
-0.67245
1.54865
-1.32964
-0.62836
-2.75003
-1.77396
-2.02427
-0.59155
-3.24431
2.09469
-1.02961
-2.76472
-0.90240
-3.43771
-2.34566
-2.77674
-1.39660
-1.12223
-2.80597
-2.99713
-1.08205
-0.57655
-2.80031
-2.34160
-2.71836
-0.94431
-0.71032
-1.98725
-1.90394
-2.14090
-1.32069
-1.65104
-0.44275
-0.70465
-1.55194
-1.91020
-3.24579
-1.09041
-1.45495
-2.52488
0.37326
-1.86328
-2.83903
-0.59299
-0.23931
-0.96504
-0.66012
-0.25030
-0.36228
-2.80209
-1.12453
-2.20662
-2.07230
-2.37600
-0.10936
-0.82627
-2.44223
-1.19037
-0.55114
-0.18703
-1.31888
-1.08225
-1.35812
-0.63893
-2.75222
-0.52860
-0.70052
-3.08718
-3.10031
-1.91215
2.11709
-1.92640
-2.36030
-1.76166
-0.88910
-2.33321
-1.17663
-2.80183
-3.01131
-1.65908
-1.25040
-0.75515
-2.01890
-2.08281
0.55966
-2.34925
-2.31314
-0.86005
-0.83986
-0.95683
-2.30839
-2.53068
-2.40140
-2.85511
-2.64961
-1.49664
-0.93273
-3.39149
0.76174
-0.90696
-2.74122
-1.77118
3.23867
-2.94238
1.23312
-3.33715
-3.15446
0.35530
0.13101
-0.79978
-1.83560
-3.12715
-2.10567
-0.86145
-2.68403
-1.51530
-2.50755
-3.05833
-3.04813
-0.73356
1.37470
-2.63182
-0.88145
0.46184
-0.13201
-2.57993
-2.59230
-2.29111
-2.45431
-2.15565
-0.16473
-2.03545
-0.88858
-1.05725
-0.90480
-1.25500
0.23425
-0.08712
-2.51482
-2.45989
-0.69825
-2.89410
-1.67682
-0.78621
-0.12710
-2.64396
-2.38840
-2.24490
-0.86583
-2.01668
0.63170
-0.88018
-0.46310
-1.34651
0.40707
-2.07721
-1.74298
-2.02681
-1.32559
-2.21245
-2.31326
-2.51955
0.07378
-2.34422
-2.30028
-0.14602
-1.86275
-1.43179
-2.33203
-0.22200
-1.73835
-2.27642
-2.04058
-0.98049
-3.35288
-1.69766
-2.89752
-2.08468
-1.96222
-2.35682
-0.86729
-1.78455
-1.67603
-2.30893
-1.56857
-2.73388
-2.03225
0.71513
-2.89071
-2.78821
-1.79129
-2.18825
0.17987
-0.79198
-1.09261
-1.66501
0.33084
-2.65133
-2.67977
-2.61605
-0.72474
-1.15848
1.44496
-1.68073
-1.15392
-2.89530
-1.16850
-1.42563
-1.25237
-1.48690
-0.67511
-1.43530
-2.70745
-2.29220
-3.42183
-1.40365
-1.02347
-2.57054
-1.11699
-1.94975
-0.20662
-1.70830
-2.03972
-2.03791
-0.07793
-0.69558
-1.53208
-2.13857
-1.73636
-0.52660
-0.58789
-0.73215
-2.39244
-1.02906
-1.63035
-1.24816
-1.77885
1.45076
-2.02792
0.67724
-2.84359
-0.88997
-0.19454
-0.68384
0.29954
-1.92029
-0.08294
-1.39396
-1.18601
-2.74392
-2.24378
-2.67496
-1.82158
0.04146
-2.02610
-1.74976
-2.53320
-2.69678
-1.94529
-0.29016
-3.13741
-2.66460
-1.80358
-1.35354
-2.43610
-2.54792
-2.80946
0.20152
-1.03545
-2.29710
-2.16722
-0.57237
-2.74418
-1.77705
-1.23814
-0.58035
-2.22410
-1.94067
-1.50930
-0.54021
-0.49146
-2.86291
-0.33502
0.50826
-0.51540
-2.54759
-0.69596
-1.68905
0.46271
-1.31257
0.13235
-0.20510
-1.07003
-1.12595
-1.76078
-2.66993
-2.77338
-1.55248
-0.33058
-2.45167
-2.54565
1.01403
-2.40728
1.29123
-1.58557
-1.30923
-2.28687
-2.57310
-1.29111
-2.39393
-3.01303
-3.03331
-0.99895
0.17918
-2.60011
0.61746
-0.14473
-2.37551
-2.21623
-0.38668
-0.01328
-2.13286
-1.10656
-1.38064
-2.34329
-1.82304
-2.15678
-2.04191
-0.77346
-1.57766
-2.62415
-1.40353
0.08703
-2.46726
-2.07636
-2.66059
-1.90854
-1.89075
-1.92565
-0.61938
-1.71794
-2.30231
-1.38255
-1.18640
-0.65698
-1.74832
-1.38109
0.65462
-2.21733
-0.10445
-2.67722
-2.72010
-2.06681
-1.77854
-1.68612
-0.91124
-2.03124
-2.63518
-2.51184
-1.35514
-2.36095
-2.13685
-0.99513
-0.58940
-1.20496
-0.79921
-0.66486
-2.56194
-3.18314
-0.51485
-0.97454
-1.73142
-0.93311
-2.51702
7.09459
-1.57612
-1.73272
-2.84925
0.19425
-1.59215
-0.70685
0.21441
-1.98446
-2.73864
-1.48418
-2.86364
-3.03252
-0.11458
-1.73504
-2.63203
-2.53173
-2.72973
-1.65187
-1.89139
-1.13129
0.80822
-1.65976
-2.72080
-2.87555
7.26700
0.13251
-1.40577
-0.90565
-3.20928
-2.53067
-3.20662
-3.24004
-2.21954
-2.13461
-1.95475
-2.36930
-2.43031
-1.21309
-2.21595
-2.42947
-2.93278
0.63443
-0.35718
0.39153
-1.76766
-1.09816
-1.97975
-0.91257
-1.96797
-0.73541
-2.14131
-0.38722
-1.70553
-1.12676
-1.25428
-1.22153
-1.62870
-0.99551
-1.91598
-2.17566
-2.02223
-1.87466
-1.14399
-2.54980
-1.90266
-1.85968
0.47346
-2.16775
-2.18412
-2.15583
-2.73766
-1.95903
-2.78721
-2.22168
0.53745
-2.55119
-2.19847
0.52856
-2.42817
-1.56448
-0.49543
-0.42036
-2.29210
-2.21943
-2.16396
-3.05526
-2.87361
-1.62129
-0.52656
-1.63807
-2.44809
-0.68683
-2.18848
-0.48115
0.25719
-1.08950
0.39478
-0.38044
-0.66880
-1.69223
-1.59756
-1.93109
0.11066
-1.55971
-1.72637
-1.16864
-2.13675
-0.21285
-1.83653
-2.59096
-2.31147
-0.83081
1.12125
-1.70556
-1.44516
-2.63889
-2.71286
-1.71138
-1.06031
0.04784
-1.10247
1.34950
-2.06580
-1.29989
-1.79189
-2.17914
-1.22666
0.07102
-2.10228
-2.35077
0.02052
-1.49544
-1.48592
-2.77921
-0.15226
-1.02916
-3.00109
-1.73365
-1.42366
-2.88240
-1.96800
-0.86705
1.44330
0.16488
0.40036
-3.08378
-2.48011
-2.30580
-2.02035
-2.03659
-1.81194
-1.71115
-2.16776
-1.83136
-2.61843
-2.78147
-0.84606
-0.07786
-2.00627
-1.10172
-2.10645
-2.32533
-0.82604
-1.87946
-1.56126
-1.61516
-1.39975
-0.82294
-0.43569
-2.32648
-2.97156
-0.73927
-2.54170
0.20455
-1.70896
-0.60610
-2.48864
-2.29612
-2.42761
-0.56393
-2.09361
-1.39626
-1.55189
-2.41880
-2.97017
-2.40199
-2.35235
-1.00799
-1.07844
-2.78789
-2.32562
2.22582
-2.18229
-1.05794
-2.35704
-0.47338
-1.68445
-2.03293
-1.65412
-2.29588
-1.96350
1.71976
-1.95976
-1.03149
-1.25772
-1.19217
-1.55060
-2.45296
-2.53776
-1.41907
-1.57768
-2.34325
-1.73476
-3.02525
-1.69489
-0.68664
-1.38049
-2.59244
-1.95749
-3.20640
-2.12975
-1.36224
-2.29593
-1.44020
-0.79775
0.67744
-1.42410
-1.98255
-1.54734
-2.29865
-2.58639
-1.24597
-2.00668
-1.84093
-2.28450
-0.91092
-1.56292
-1.64354
-2.50489
0.06120
0.98124
-2.75417
-0.29573
-2.38652
-1.17308
-1.30674
-0.63807
-1.92221
-0.66489
-0.17994
-2.40173
1.26455
0.66303
-0.33292
-2.36181
-1.96360
-1.00339
-0.98548
-1.07472
-1.09115
-2.49175
-1.63912
-0.72996
-0.86780
-1.76030
-1.55745
-2.46024
-1.77969
-1.83019
-1.81422
-1.47320
0.32884
-1.20672
-2.92004
-0.82388
-0.98674
-1.54580
-2.60914
-1.08843
-2.49794
-2.31345
-1.51970
-2.01093
-2.07864
-0.00587
-2.18550
-1.81373
-2.25644
-1.75792
-3.12417
-0.63871
-2.85953
-2.96042
0.37423
-1.61614
0.00512
-2.02372
-1.57594
-1.90613
-0.67734
-0.25293
-1.53080
-0.13192
-1.09446
-0.85709
-0.92092
-2.42147
-1.13246
-1.79828
0.33133
-2.25476
-2.52041
-2.33651
-1.26096
-1.29547
-2.14848
-1.42707
-0.63973
-1.71539
-2.98904
-1.81493
-2.04178
-2.90304
-1.54612
-0.54883
-1.48880
0.29154
-0.56901
-2.04123
-1.30431
-1.27722
-3.20067
-2.33012
-0.88727
-1.90630
-3.00624
-0.41399
-2.73431
-2.06643
-2.36005
-2.05591
-1.57942
-1.39962
-1.28935
-1.84439
-2.03767
-3.38627
-0.84469
-0.55148
-2.77142
-2.17001
-2.73695
-3.05865
-1.98843
-0.99051
-1.46642
-2.05165
-1.50053
-1.86352
-2.94774
-2.46797
-1.39107
0.36433
-2.57877
-1.63789
-1.84220
0.42684
-2.54981
-2.47573
-1.77248
-0.97773
-2.80680
-1.74061
-1.69682
-2.43970
-0.02309
-2.56148
-0.78118
-1.15432
-1.56023
-1.97548
-2.26013
-1.51197
-0.80281
0.63869
-0.76429
-1.02708
-0.11850
-0.26300
-2.49401
0.34047
-1.57500
-1.07724
0.81271
-1.59436
0.11755
-1.45539
-0.42019
0.10034
-0.11577
-3.38553
-2.41971
-2.99764
-1.01380
0.08209
-0.44507
-3.29362
-3.24037
-1.74842
-0.84675
-2.46434
-0.84314
-0.54270
-3.26359
-1.90664
-0.55998
-1.51676
-2.11570
0.11955
-2.66604
-1.70360
-0.50302
-1.85052
-0.53541
-0.74910
-3.01316
-1.49666
-0.68798
-1.64419
0.25129
-0.44313
-2.08979
0.60936
-2.19133
-1.89680
-2.44286
-2.01139
-2.56079
-2.44784
-2.22015
0.71110
-0.20095
0.65127
-1.99051
-2.15543
-3.13701
-3.28186
-2.36719
-1.63323
-1.03154
-1.34518
-0.77945
-1.29701
-3.19476
-2.58556
1.69392
-0.66997
0.52752
-1.62190
-1.67783
-0.39214
-2.82407
-0.97406
-2.76345
-2.45891
0.21157
-0.98488
-1.50025
-2.67268
-0.84622
-2.24183
-1.32239
-2.45810
-2.42141
-2.72554
-0.34001
-1.38387
-0.79198
-1.00839
-0.57325
-1.67709
-2.71517
-3.32941
-0.19272
-2.58543
-2.87985
-1.16593
-0.12108
-0.48818
-1.75128
-0.96313
1.25291
-1.56916
-2.51154
-0.88171
-3.17213
-0.44116
-2.35045
-2.08525
3.10094
-1.85303
-1.09464
0.41676
5.13419
-3.18461
-2.53956
-1.65416
-2.75414
1.47376
0.52852
-1.60894
-1.71342
-0.89801
-1.21399
-0.98006
-1.25945
-1.71879
-0.46526
-2.82520
-1.54898
0.70657
-1.65321
-1.05785
0.38678
-3.34383
-2.67897
-1.55137
-2.52434
-2.31940
-2.85410
-0.51805
-1.82993
0.14863
-2.76447
-0.51189
-0.10991
-0.79298
-0.12389
-2.70819
-1.08990
-2.86467
-0.21948
-0.42174
-1.24033
-0.81497
0.38433
-0.77235
-2.32384
-2.34240
-0.29777
-1.81156
0.69533
0.80794
-1.98531
-1.61551
-2.33678
-2.09731
-1.97840
-2.11474
-2.59799
-2.46781
-1.59443
-2.51393
-1.40108
-2.20943
-2.14195
-2.33536
-2.20004
-1.70584
-2.81314
-2.37333
-2.24856
-2.36912
0.48811
-0.25934
-1.42539
-1.24046
-2.37471
-2.94331
-1.59220
-1.92145
-1.41670
-2.25983
-2.44023
-1.68888
-2.57455
-0.65610
0.49482
2.52806
-0.04565
-1.13680
-1.70599
-1.80864
-0.81464
-1.45183
-2.79622
-2.28956
-0.28788
-2.77325
0.65925
1.67704
1.20734
1.03027
-2.11130
-2.25504
-1.51260
-1.47547
-0.63286
-2.18102
-1.77127
-1.53555
-2.44353
-0.45870
-0.25930
-1.00802
-1.15941
-1.30900
-2.20039
0.00353
-0.89211
-3.18258
-2.52074
-1.34824
-0.00533
-1.07846
-0.84911
-1.38436
-1.81893
0.13871
-2.00010
-1.41990
-1.95506
-2.97263
-0.58900
-0.05464
-1.49055
-2.63281
-1.97137
-2.58000
-2.83759
-2.11913
-2.26945
-3.07518
-0.78139
-2.74734
-1.46221
-0.20260
-1.07624
-0.41381
-2.71272
-2.43061
-3.06024
-0.37322
-2.01178
-0.58099
-1.08564
-0.46974
-1.64058
-2.04431
-2.26974
-1.31890
-0.24880
-1.40164
-1.85683
-0.61471
-0.64859
0.14430
-0.08570
-2.61545
-2.81873
-1.79820
-0.29489
-1.08625
-1.49612
-1.36884
-0.76867
-1.12793
0.12950
-1.50105
-1.96163
-0.92161
-0.80977
-1.36816
-2.09594
-1.38360
-1.80389
0.40689
-1.11169
-0.31627
-3.22972
-0.49446
-2.53900
-2.79646
-1.38525
-2.55668
-0.10915
0.05242
0.31989
-1.60676
-2.20937
-1.38045
-0.65551
-2.38288
-2.85356
-0.20141
-1.13365
-2.19401
-2.80174
-0.99408
2.17443
-1.49575
-1.62044
-2.68098
-0.51504
-1.43661
-0.60109
-2.15003
-1.92302
1.40902
1.23311
-1.61581
-1.39909
-1.67257
-1.71880
-1.93795
-1.83756
-1.87127
-1.50838
-3.27495
1.03309
0.11718
-0.35541
-0.80672
-1.40338
-2.86519
-1.71902
-0.70028
-1.96198
-2.10998
-2.23361
-1.75736
-3.43672
0.27857
2.94154
-2.23809
-1.66850
-0.78296
-1.10454
-1.85721
-2.22431
-2.21969
-1.73022
-1.47770
-2.47396
-1.55229
-0.13615
-1.71595
-0.57250
-1.88779
-2.00730
-1.01731
-2.25045
-0.92712
-2.50828
0.34672
-1.70096
-1.68250
-2.59722
-1.38281
-1.34875
-1.20170
-1.93267
-3.28976
-3.31911
-1.87163
-2.72447
-0.19616
-0.99303
-0.38921
-2.39129
-2.03003
-1.75522
-1.52913
-0.14173
-1.39601
-0.91342
-1.24868
-1.22727
-3.22254
-1.95781
-1.09294
-0.81287
-0.45533
-1.19162
-2.98435
-0.56660
-1.38363
0.82477
1.55532
-0.50660
-3.29362
-1.20619
-3.16782
-0.52182
-0.92258
-1.23475
-2.66150
-1.08732
0.05577
-0.77073
-1.06564
-2.18672
0.67500
-2.72436
-2.27775
-1.81755
1.22925
-1.68826
-2.88734
-0.79614
-1.47432
-2.56050
-2.69871
-2.19982
0.01707
1.18896
-2.48190
-1.69027
-3.30594
-2.58244
-2.66557
-2.57891
-1.11898
0.42673
1.54547
-3.02980
-1.49912
-1.86660
-2.29410
-0.56675
0.80957
-2.59604
-0.97068
-1.32374
-0.57567
-2.50428
-1.16894
-3.00232
-1.34487
-2.73091
-1.19846
-2.29142
-1.22258
-1.74454
-1.37151
-1.90914
-0.99724
1.08591
1.60220
-1.95059
-1.02362
-1.61579
-2.90527
-2.20775
-1.71585
-0.63336
-1.07674
-1.33587
-2.55317
-1.78281
-2.45363
-2.07968
-1.98002
-3.03854
-1.86214
-1.64599
-1.96535
-1.37898
-1.28138
-0.40595
-1.67637
-0.48143
-1.02931
-3.00255
-2.95400
-1.75363
-2.09501
-2.03592
-2.58770
-3.11608
-1.66882
-2.36022
-1.07035
-3.11809
-2.09674
-2.90424
-1.54199
-3.20791
-2.46642
-0.48754
-1.61630
-2.67692
-1.00326
-0.06858
-1.42599
-0.12324
-1.95121
-1.63217
-1.73653
-0.41046
-1.07094
-2.48024
-2.88752
0.06820
-1.54657
-1.57959
-1.18284
-0.91315
-1.68132
0.80743
-2.71130
-2.32364
-1.59554
-1.78767
-1.31222
-0.64482
-1.67998
-1.70256
-1.62605
-2.59397
-0.56031
-1.13043
-0.82100
-1.57251
-1.97521
-1.53698
-0.85067
-1.72582
-3.37178
0.25940
-1.53872
0.17491
-2.23758
-1.31726
-2.24842
-1.31269
-1.99287
-2.11863
-1.27773
-2.29239
-3.12122
-2.44239
-1.33264
-1.38984
-1.26699
0.77742
-1.68718
-1.91014
-1.26810
-1.30015
-2.76291
-1.52116
-2.30537
-1.72021
-1.31142
-1.67801
-1.24265
-1.44889
-2.54105
-1.14315
-1.96402
-2.45857
1.31620
-2.50575
-2.05281
-0.02564
-1.42610
-2.94396
-1.50522
-1.76473
-2.73978
-1.24953
-0.92150
-2.52311
-2.88486
-0.66136
-1.78949
-0.41272
-0.77124
-0.86840
-1.73469
-1.49181
-0.29230
0.45887
-2.13161
0.13031
-3.09511
-2.27063
-2.17711
0.01496
1.17366
-1.37950
-2.80554
-2.11215
-2.55227
-2.62984
-2.78376
-1.64361
-1.02052
0.02216
-1.12227
-1.31174
-0.85582
-1.23454
-1.40881
-2.94778
-1.30201
-1.08205
-2.38771
-1.32434
-2.37461
-0.64911
-1.76119
-1.97485
-2.16347
-1.55937
-2.41294
-0.82314
-1.48259
-1.84275
-1.84165
-1.96358
-1.13916
-0.70848
-1.44523
-0.04684
-2.55949
-0.64759
-2.07778
-1.56833
-2.35889
-1.14623
-1.02550
-1.90589
-0.66616
-0.24691
-0.63588
-1.98647
-1.63107
-3.40703
-3.33443
-2.63716
-1.09213
-1.87522
1.24463
0.55054
-0.00353
-1.87846
-1.19314
-2.76510
-3.33963
0.04125
-1.41499
-0.34869
-0.43478
-1.45560
-1.03589
-1.31815
-1.62370
-1.97435
-1.67291
-2.25836
-2.06700
-1.61980
-0.75735
-3.41383
-0.62591
-1.39565
-0.99193
-2.08595
-1.47373
-2.65200
-2.02087
-0.95763
-2.07297
-0.63554
-2.22473
-2.37395
0.06425
-2.52801
-1.70195
-2.79470
-0.14249
-2.26826
-1.25073
-1.93811
0.09653
-2.24433
1.55025
0.69774
-0.99294
-1.97745
-0.85808
-2.85292
-1.44220
0.24015
-0.25645
-0.15914
-2.72102
-3.35115
-2.50968
-1.00574
-0.35846
-0.68176
-2.74317
-2.45810
-2.13534
-0.92089
-1.39123
-3.30546
-1.02122
-1.94343
-0.20642
-0.12406
-3.04515
-2.50069
-1.08996
-0.67821
-0.93421
-2.22316
-2.27740
-3.00231
-1.83708
-1.71299
0.22524
-0.58283
-0.16432
-2.96280
-0.88863
-2.13570
-2.89013
-1.94736
1.73051
-1.89511
-2.43978
-1.11003
-0.25979
-1.31475
-2.00705
-2.65532
-2.77890
-2.49382
-0.97424
-0.63317
-1.68204
-2.55259
-2.91994
-1.39203
-1.91919
-2.14448
-1.05045
-1.63178
-3.30520
0.94605
-0.95277
-2.74671
-2.06881
-0.97539
-1.43613
-1.46976
-2.88479
-1.59723
-0.34412
-2.87018
-3.22790
-1.37709
-2.62938
-0.83226
-2.11327
1.52708
-0.60502
-1.69086
-1.24507
-1.41529
-2.00944
-2.80869
-2.08994
-1.71084
-2.84343
-2.04036
-2.65338
-1.10016
-0.81181
-0.53546
0.69945
-2.21416
0.29074
-2.70108
-1.53862
1.14315
-1.36296
-1.94146
-2.36233
-2.05643
-0.33275
-2.15956
-0.67218
-1.34352
-1.45568
-1.95627
-3.26492
-2.12082
-0.21374
-1.66882
-1.37840
-1.51045
-1.36129
-1.01416
-1.94975
-2.01042
-0.54907
-0.25311
-1.42687
-1.64665
-0.53341
-1.82979
-3.25173
-1.19597
3.28081
-2.74827
-1.97616
-3.20634
-2.34494
-2.13533
-0.73639
-0.76730
-2.16792
-0.87254
-2.27028
-1.83384
-2.30938
1.31395
-1.97156
-2.17569
-3.37794
-1.59902
0.02162
-1.30142
-1.73632
-2.08422
-1.65797
-1.24226
0.88955
-1.38692
-0.09541
-0.78901
-2.40089
-2.55263
-2.29871
0.30518
-2.09621
-1.59120
-0.63223
-2.33776
-1.64260
-1.75091
-2.41386
0.14787
-1.91579
-0.61276
-3.11972
-1.48802
-2.66675
0.64894
-1.05976
-1.30352
-2.05840
-1.87565
-2.22212
-0.97137
-2.27634
-1.63576
-2.38221
-2.17143
-1.58381
-2.56706
-0.35200
0.20356
-1.00193
-2.67237
0.21741
-1.36720
-1.46588
-0.61837
-2.20334
-1.39737
-1.92007
-2.45151
-1.07227
-2.00446
-1.21294
-2.27360
-1.09137
-0.57537
-0.42308
-0.34386
-0.28687
-2.36937
-2.92409
-0.74618
-2.59599
-2.43977
3.09490
-1.11680
-2.35620
-2.44088
0.41553
-2.97099
-2.45783
-1.52281
-2.58594
-2.16343
-2.02809
-0.09658
-2.46629
-1.58984
-1.78319
-1.64204
-2.81443
-1.86878
-1.17944
-3.35913
-0.99109
-1.30660
-1.79388
-2.33161
-1.67649
-1.78859
-2.18357
-2.73553
-0.68113
-2.87393
-2.12332
-1.41685
-2.59485
-1.40639
-0.93898
-2.28856
-0.78942
-1.26723
-1.18217
-1.60580
-0.80948
-0.72140
-1.73544
-2.52125
-2.16566
0.60860
-2.19299
-3.26567
-1.08137
-1.21543
-0.50892
-0.73102
-2.95054
-2.56776
-2.01031
-0.68545
-1.95457
1.22506
-1.89953
-1.27059
-2.28467
-2.94310
-1.48793
-0.30383
-0.27104
-2.54033
-2.11378
-1.58992
0.58163
-1.36666
0.44273
-1.27020
-0.19622
-2.88374
-1.61710
-1.10799
-3.18500
-1.20599
-0.93641
-1.39083
-0.57919
-2.81640
-2.65089
-1.98997
-2.68916
-3.01234
-1.53054
0.09045
-3.01551
-3.20093
-1.00871
-1.63679
-2.04250
-1.82766
-2.05251
-0.25660
-0.11055
-3.28867
-2.58047
-2.64504
-0.78370
0.60878
-2.41972
-2.62974
-0.43028
-1.68266
-1.63137
-0.96068
-1.43928
-1.95778
0.61441
-1.34215
-2.52714
-0.55385
0.27424
-1.53545
-1.02457
-3.26167
-1.91472
-2.29644
-2.75005
-1.60369
0.13096
0.82722
-1.64404
-0.82274
-0.93637
-1.16693
-0.52172
-2.97058
-2.74512
-2.23470
-0.18726
-0.88267
-1.74757
-0.69883
-1.32264
-3.16216
-2.32209
-1.68428
-0.09771
-1.55609
-1.82488
-1.87237
-1.69027
-2.37792
-2.53581
-0.52176
-3.19001
-2.86664
-0.75873
-2.82936
-2.55857
-0.94559
1.02831
-1.31741
-2.37020
-2.11472
-2.36257
-1.54775
0.46143
-2.02600
-2.43452
-2.07037
-2.12478
-1.98089
-0.29478
-2.70393
0.76168
-1.39687
-2.03866
-2.59723
0.29174
-0.98889
-0.01428
-0.19855
-0.13810
-2.15503
-2.40516
-0.57472
-0.76948
-1.55184
-0.67542
-0.25993
-2.69396
-0.63084
-1.42950
0.02773
