-1.46292
-1.40815
-0.18587
-0.87922
0.54677
-0.98810
0.32386
-1.74200
-1.69824
-1.70241
-2.43833
-1.41762
0.63021
-2.26683
1.27280
-1.76653
-1.28842
0.08983
-2.12397
-1.06403
-0.86472
-2.08878
-1.52084
-1.71457
-1.75008
-1.28726
-1.25798
-2.39332
-2.21982
-1.73913
-1.07355
-0.85374
-0.94432
-0.54862
-1.16626
-1.56918
-1.84543
-1.58962
-1.61249
-0.78060
-1.62923
-1.44332
-1.79220
-1.52747
-0.50262
-1.05897
-1.34222
-0.79919
-1.02888
-0.76988
-1.62566
1.40343
-1.93013
-0.94123
-2.09430
0.54067
-1.49122
-0.88837
-1.47934
-1.38098
-0.11271
-1.24778
-1.57404
-1.15336
-1.75000
-1.20329
-1.20702
-1.92157
-1.29684
-1.79697
-1.74232
-1.62833
-1.37764
-0.45193
-0.56164
-1.73389
0.56282
-1.22509
0.66110
-1.83526
-0.49439
-0.36070
-0.65752
-0.08681
0.47666
-1.17734
-1.83803
-1.52100
-0.39749
-0.53350
-1.43420
-1.39883
-1.33799
-0.74619
-2.01698
-0.51697
-1.08096
-0.84380
-1.36267
-0.05060
-0.55375
-1.29322
-1.16886
-0.90992
-0.91654
-0.79298
0.45036
-1.59134
-1.89642
-1.92878
-2.21356
-1.72308
-2.17652
-0.87483
-1.19196
-1.18598
-0.92946
-0.49134
-1.85552
-2.23904
-1.06263
-1.38935
-0.81767
-1.76149
-2.06510
-0.07518
-0.64122
-1.30302
-0.84934
-2.47791
-1.34645
-0.62749
-2.31137
-2.18421
-0.44720
-1.10079
-2.64652
-0.50130
-2.27576
-2.45877
-2.37429
-0.09158
-1.98645
-0.24996
-1.53990
-1.53218
-0.63565
-2.31186
1.86047
-1.19234
-1.56899
-2.22436
-0.87820
-0.89584
-1.13144
-2.55450
-1.55378
-1.54383
-1.68214
-1.40210
0.68833
-2.23761
-0.76753
-0.83497
1.19043
0.24405
-2.65680
-1.20252
-0.49159
-1.61319
-0.70040
-0.82495
-1.87890
-0.87020
-1.00902
0.07590
-1.21482
-1.63191
-1.33085
-1.99814
-1.19844
-1.56385
-1.65081
-1.62426
-1.07972
-1.12399
-0.69037
-0.94582
-0.49485
-0.25426
-1.73854
-0.65483
-1.19336
-1.69692
0.37952
-1.35596
-1.22476
-1.86703
-0.63225
-0.59336
-0.65461
-0.86639
-1.46287
-1.33898
-1.46291
-0.35140
-1.55786
-1.92388
-0.53010
-0.15382
-1.30768
-1.36394
-2.20476
-2.05361
-1.69092
-1.20772
-0.92062
-1.20348
-0.73823
-1.39590
-0.83441
-1.87771
-2.08971
-1.69697
-1.43864
-0.00399
-0.76699
-1.29739
-1.11422
-0.53162
-0.16984
-0.65715
-1.63121
-1.30846
1.22008
-0.13593
-0.76635
0.53467
-0.82078
0.09709
-1.09487
0.61933
0.25564
-1.82975
-1.00085
-0.12680
-0.14973
-1.48403
1.29496
-1.35989
0.00438
-1.02419
0.90191
-1.91967
-1.64786
-2.42454
-0.12400
-1.54158
-1.38103
-1.20879
-0.94819
-1.87692
-1.58842
-1.42604
-1.63429
-1.49633
1.99895
-1.62168
0.34287
-0.89039
-1.63976
-2.46569
-1.64696
-1.53108
-1.64093
-1.82741
-2.32563
-1.61014
-1.17257
-0.66962
0.30549
-1.51542
-2.48218
-1.25073
0.85284
-1.82307
-2.51655
-1.91950
-1.41177
0.19168
-1.24749
-1.26652
0.28460
-0.83966
-0.32041
-1.92020
-1.76650
0.92195
-2.44032
-1.86167
-1.95781
-0.16555
-2.11436
-1.70009
-1.96734
-1.30140
-1.49884
-1.98800
-1.21312
-1.89230
0.71472
-1.74763
-1.64903
-0.76821
-1.92059
-2.26618
-1.33521
-1.10549
-1.48770
-2.14136
-0.13970
-0.86455
-1.62980
-0.91177
-2.39741
-0.56682
-1.30052
0.88571
0.19261
-0.42327
-0.32126
0.14968
-1.83917
-0.29283
-2.05609
-0.32650
-0.19933
-0.58504
0.05762
-0.06364
-0.74946
-1.42522
-1.09027
