-0.03436
0.33513
-1.08308
-1.66413
-1.69654
0.41896
-1.73749
-1.46292
-0.66842
-1.40815
-1.16865
-1.30616
-1.71980
-0.97403
-1.32582
-0.18587
0.17028
-1.33314
-0.87922
-0.63879
-0.71509
0.54677
-0.61444
-0.16378
-0.54001
-0.17120
-0.44322
-0.66326
-0.98810
-0.80253
-0.59251
-2.10570
0.32386
-0.24884
0.53800
-0.82739
0.59953
-1.74200
-1.13715
-1.82364
-1.03775
-1.53630
-0.41968
-0.93096
-0.95334
-1.66304
-1.69824
-0.65170
-1.41084
-1.70241
-0.72905
-2.43833
-1.78150
0.76326
-1.41762
-0.12892
-1.43714
-1.87812
-1.97867
-1.41103
0.63021
-1.69158
-2.26683
-1.94911
-0.85599
-0.04324
-0.37555
-0.21412
-0.85869
-1.70622
-1.45256
0.21262
1.27280
-0.55793
-1.31952
-1.36190
-1.76653
1.65611
-2.01701
-0.53866
-1.84188
-1.03105
-0.86284
-1.05722
-1.28842
-2.32217
0.08983
-1.80922
-1.03879
0.21037
-2.36775
-0.65677
-2.06476
-1.02286
-1.87191
-1.72843
0.00468
-0.17082
-2.12397
-1.06403
-0.86472
-1.53761
0.24834
-1.42932
-1.37820
-0.23332
-1.48903
-0.62112
-1.10348
-2.08878
-0.71835
-1.52084
-1.71457
-0.61490
-0.49071
-1.93812
0.91029
-1.14637
-1.30263
-1.14635
-1.82011
-1.75008
-0.67664
-1.07142
-1.28726
-0.26281
-0.75098
-1.65410
-0.85394
-0.83925
-1.25798
-1.41302
-1.03152
-1.01830
-0.50174
-1.73947
-2.03205
-1.22568
-0.67053
-0.60521
-2.01064
-2.39332
-1.23817
-2.05743
-1.74324
-0.82069
-0.45543
-1.12252
-0.82228
-2.21982
-1.22518
-2.00158
-1.19822
-1.73913
-1.97451
1.49743
-1.81646
-1.07355
-1.97816
-0.81205
-0.85374
-0.73454
-2.02567
-0.96057
-0.13069
-1.76020
-0.69126
-1.07878
-0.45090
-0.94432
-0.71817
-2.38506
-0.99829
-0.54862
-1.15474
-1.16626
-0.03829
-0.80533
-0.78198
0.01661
-0.39435
-1.54027
-1.49572
-0.62176
-1.56918
0.20489
-0.23508
-1.45501
-0.49423
-1.84543
-1.63201
-1.58962
-1.81782
-1.15668
-1.16409
-0.16001
-1.52682
-0.73202
-0.20704
-1.86499
-0.29719
-1.22578
-1.61249
0.11556
-2.34828
-1.53086
-0.78060
-1.26752
-1.82712
0.24822
-1.39903
-2.26032
-1.62923
-0.52836
0.59277
-0.47958
-1.40832
-0.53045
-1.37041
-1.44332
-1.20194
-1.79220
-1.52747
0.18642
-1.84472
1.01428
-1.18466
-1.59514
-1.77522
-1.28716
-1.92220
-0.50262
-0.96253
-1.04705
-1.05897
1.05000
-1.73159
0.55623
-1.94025
-0.72527
0.01972
-1.36627
-1.34222
-1.47301
-0.36101
0.13201
-2.15801
-1.13627
-1.09048
-0.79919
-1.02888
-1.36253
-0.76988
-1.02053
-1.09928
-1.35120
-0.86510
-0.23209
0.20333
-0.05558
0.39774
-1.73816
-1.62566
-0.55999
-1.26697
-1.95381
-0.04238
-0.92830
1.40343
-2.34979
0.09501
-1.82636
0.11142
-0.57755
-0.63775
-2.10697
-1.16394
-1.93013
-0.94123
-0.92989
-1.84950
-1.42972
0.50652
-1.86740
-2.09430
-1.39181
0.54067
-1.52372
-0.68681
-1.92066
-1.28424
-1.97570
-1.49122
0.29309
-1.62609
-0.46369
-0.42111
-1.67641
-0.64874
-1.54170
-0.37671
0.84704
-1.42013
-1.17292
-0.44422
-0.88837
-1.89150
-1.42137
-0.45243
-0.92117
-1.47934
-1.38766
-2.31814
-1.60398
0.16175
-1.71778
-1.63948
-1.38098
-1.87599
-1.22479
-1.26319
-0.11271
-0.99868
-1.27227
-1.76268
-1.24778
-1.38320
-1.25290
-0.80356
-1.84900
-1.57404
-0.70909
-1.15336
-1.17634
-0.32019
-1.68794
0.32196
0.17189
-1.15216
-0.37304
-2.21544
-0.67642
-1.98099
-1.75000
-0.59048
-0.75271
0.21968
-1.38536
0.29123
-1.20329
-1.69295
0.33806
-1.34313
-1.67768
-1.22031
-1.85559
-0.83619
-1.91664
-1.20702
-1.31363
-2.68201
-0.98412
-0.88933
-0.13453
-0.07109
-1.44483
-1.12703
-0.77155
-2.07993
-1.92157
-1.29684
-1.77056
-1.82753
-1.79697
0.33997
-0.69517
-1.46554
-0.63821
-1.74232
-0.92351
-1.62833
-0.99724
-0.88489
-1.08211
-1.37764
-2.09172
-0.74544
0.83486
-1.76176
-0.46115
-1.59970
-0.45193
-0.44312
-1.04819
-0.56164
-2.04353
0.75454
-1.08272
-0.07196
-1.07528
-0.71721
-1.79503
-1.33927
-0.47700
-1.40566
-0.76198
-1.73389
0.56282
-1.11321
-0.61038
-1.93759
-1.91203
-1.22509
-1.05645
-1.46076
-1.68934
0.66110
-1.86019
-0.89509
-1.21846
-0.42427
-0.93073
-1.83526
-1.09196
-1.58128
-1.63733
-0.41675
-0.95752
-0.49439
-1.56112
-0.91066
-1.49610
0.08678
-1.26958
-0.36070
-0.65752
-1.12821
-1.06652
-0.89948
-0.62196
0.38739
-1.05592
-0.50252
-1.14917
-1.55071
-1.33212
-0.66155
0.44933
-0.08681
-0.85958
-0.67060
0.44592
0.47666
-2.12495
-1.72073
-1.05901
-1.40612
-0.01667
0.68381
-1.22441
-1.17734
-1.83803
-1.65287
-1.36726
-1.96173
-1.16711
-2.00929
-1.26102
1.41102
-1.27760
-1.52100
-0.39749
-1.17954
-0.74068
-0.80546
-1.88524
0.18149
-1.31988
-0.92008
-0.91505
-0.53350
-1.42735
-1.43420
-1.79886
-0.78176
0.35296
-0.67449
-0.42127
-0.54295
-1.38512
-0.62083
-1.44013
-0.57375
-1.38571
-0.46839
-0.85468
-0.84758
-1.39883
0.54333
-1.33799
-2.59787
-1.65359
-0.58949
-1.47683
-0.74619
-0.56450
-0.27912
0.06138
0.66395
-2.01698
-0.72527
-0.75124
-0.51697
-1.26303
-1.14236
-0.18687
-1.67608
-1.08096
-0.42218
-0.69797
-1.09793
-1.50862
-1.19274
-0.80463
-1.54953
0.08742
-0.01984
-1.77115
-0.02187
-0.84380
-1.36267
-1.96451
-1.05168
0.29748
-0.05060
-1.93901
-0.55375
-0.47147
-1.90501
-1.45225
-0.46805
-1.29322
-1.32805
-1.16886
-1.00385
-0.70545
-1.34447
-0.78731
-1.67531
0.56039
-1.74559
-0.48298
-1.08876
-2.26162
-0.56071
-0.90992
-0.89390
-0.62922
-1.44257
-1.77967
-0.37560
-1.45601
-0.91654
-1.82669
-1.00935
-0.30392
-0.79298
-1.17016
-0.81310
-0.40034
0.83840
-0.45145
-0.82096
-1.49285
0.45036
-1.75705
-1.37736
-1.29495
-2.10810
0.14908
-1.59134
-0.55789
0.70061
-2.77136
-0.59595
-1.23993
-0.22634
-0.39143
-0.75739
-0.14069
-1.89642
-1.92878
-1.61052
-1.60672
-2.21356
-0.54108
2.10208
-1.63766
-1.54554
-1.42696
-1.21143
-1.93997
-1.96914
-0.43153
-1.72308
-1.76667
-1.67067
-0.71234
-1.34188
-2.17652
-0.20354
-1.44548
-0.87483
0.30681
-1.19196
-0.44155
-0.03168
-1.10451
-0.40062
-1.88925
-0.66586
-0.73195
-1.23427
-1.18598
-0.76823
-0.92946
-1.95468
-0.60947
-1.05973
-0.66316
-0.57489
-0.49134
0.76279
-1.61833
-1.28982
-0.65619
-0.39790
-0.24202
-1.29327
-1.85552
-0.83240
-1.17528
-1.76579
-0.80872
-2.23904
-0.90141
-1.30814
-0.91411
-1.30041
-1.41148
-1.06263
-1.91029
-1.38935
-1.42348
-1.43403
-1.68355
-0.38080
-0.81767
-1.10792
-2.04765
-2.46640
-0.53398
-0.58884
-1.76149
-2.06510
-1.20358
-0.74248
-1.01611
0.88997
-0.59666
-0.55023
-0.73525
-1.23807
0.78310
-0.07518
-0.64122
0.36603
0.15749
0.07216
-0.57608
-0.98733
-1.43007
-0.25666
-1.62686
-2.23180
-2.00411
-1.30302
-2.31712
-0.46645
-2.42670
-0.84934
-0.62345
-0.65193
-1.67983
-1.26416
-0.95015
-1.22518
-2.47791
-2.30114
-0.36870
-0.03393
-0.81281
-1.34645
-0.73216
0.35022
-0.62749
-0.91597
-1.44577
-0.66918
-1.44019
-0.31965
-1.85549
-1.68837
-1.21780
-2.31137
-2.18421
-1.63010
-0.31670
-1.75118
-0.95743
-1.99175
-0.54671
-0.44720
-1.08792
-1.88683
-0.92305
-1.10079
-2.01117
-1.15658
-0.84227
-0.64610
0.60758
-0.93218
-0.28055
-0.76070
-2.64652
-1.42302
-0.50130
-2.51797
-0.66701
-2.27576
-0.20783
-1.17327
0.16353
0.11348
-0.24298
-0.74173
-1.70192
-2.08199
-1.00711
-0.58899
0.06188
0.18849
-2.42222
-2.02906
-0.98145
-0.85042
-0.97771
0.41549
-2.45877
-2.37429
-0.09158
-1.86484
-0.60346
-1.19431
-1.77357
-0.09032
-0.67018
-1.98645
0.59538
-0.24996
-0.92939
-1.31837
-0.95736
-1.38250
1.35747
-0.15099
-1.23215
-2.38228
-1.53990
0.75168
-0.03025
-1.53218
-0.82253
-0.34598
-0.90353
-1.20806
-0.66771
-0.63565
-2.03016
0.57104
0.86867
-1.93426
-0.83267
-0.46934
0.10074
-2.31186
-0.20016
1.86047
-1.92098
1.22072
-2.63610
-1.19234
-1.58769
-2.72248
-1.48633
-0.64067
-1.56899
-1.37812
0.37230
-0.23190
1.12335
-1.70274
-0.43464
-0.59788
-1.90587
-2.22436
1.27681
-0.87820
-1.31921
-0.89584
-1.00335
-2.32950
0.12915
-0.37858
-0.17509
-1.59461
-1.13144
0.36967
-1.99797
-2.06813
-0.94382
-1.55558
0.30535
-1.27498
-0.75376
-0.29992
-1.26306
-0.72822
-2.55450
-1.55378
-1.91495
-1.08602
-1.59375
-0.58283
-2.60624
-0.03632
-1.54383
-1.32915
0.48579
-0.68252
-1.75633
-1.68214
-0.42148
-0.88756
-1.05531
-1.81648
-0.42722
-0.96413
-2.20049
-0.77665
-1.40210
-1.77700
0.68833
-1.61048
-0.85481
-0.88852
-1.64420
-0.43283
-0.57407
-1.53110
0.51387
-0.59738
0.47096
-1.73776
-2.11341
-0.62362
-2.23761
-1.31862
-1.14518
-0.76753
-1.69545
-0.83497
0.61511
1.19043
-1.69662
-1.94698
-0.55298
-2.17819
-1.13261
-0.43602
-2.48448
0.24405
-0.29917
-1.54747
-0.38874
-1.29659
-0.51205
-1.46930
-2.00413
-1.81202
-0.67234
-1.47916
-1.70500
-0.99325
-2.65680
-0.92801
-1.00329
-1.20252
-0.96280
-0.49159
-0.82696
-2.01362
-1.05468
0.15123
-1.27331
-0.30300
-2.15823
-1.61319
-1.81017
-1.02357
-0.34173
-2.15562
-0.46026
0.63419
-1.82010
-0.44811
-1.64025
0.00568
-1.30616
-0.70040
-1.50052
-1.75161
-0.60683
-1.24036
-0.82495
0.26290
-0.59175
-0.99769
-1.87890
0.40611
-1.48065
-1.35932
-1.48468
-0.83806
-0.85065
-0.87020
0.23341
-1.76694
-1.00902
-0.43006
-1.67910
-0.44795
-0.15270
1.61529
-1.08742
-1.87672
0.07590
-2.26534
-1.21482
-1.63191
-2.12132
-1.67335
-1.33085
-1.26618
-1.75979
-1.95024
-0.72271
-1.12436
-1.81218
-1.99814
-0.94682
-0.86635
-0.54625
-0.89849
-0.97401
-2.34584
-0.84685
0.19838
-1.09068
0.94702
-1.41069
-0.38937
-0.33280
-1.67473
-1.19844
-0.42378
-1.56385
-0.48642
-1.57834
-1.16709
-1.38620
-1.62721
-1.93447
0.64232
-1.65081
-2.02786
-1.62426
-1.37033
0.86614
-0.37961
-2.58861
-1.59894
-1.42955
-1.35154
-1.55491
-1.62544
-1.07972
-1.56905
-1.18400
-1.12399
-1.23909
0.91864
0.96130
-1.62702
-0.69037
-0.94582
-1.26517
-1.18589
-1.52762
-0.49485
-1.43736
-0.54078
0.08089
-1.63127
0.67189
0.25510
-1.40410
-1.21321
-0.83009
-0.25426
-2.37385
-1.73854
-2.32924
0.92791
-1.18209
1.85853
-0.46308
-0.65483
-0.97179
-1.19336
-0.75875
-0.81603
-1.69692
-1.00024
0.09435
-1.69505
-0.68740
-0.85569
-0.69865
-1.65611
0.37952
-1.41724
-1.53276
-0.86117
-1.36773
-2.20112
-0.12413
-0.68936
-1.35596
-1.31570
-1.29261
0.11504
-0.76682
-1.65915
-1.10573
-1.22476
-0.80058
-2.19736
-0.08855
-1.86703
-0.63225
-0.84179
1.85681
-1.21369
-1.81791
-0.93404
-0.59336
-1.01247
-1.86079
-1.14550
-0.02520
-2.18410
-0.47307
-1.64837
0.61237
-0.65461
-0.86639
-1.68100
-1.62104
-0.09998
-0.34369
-1.46287
-2.21236
-1.33898
0.07475
-1.00762
-1.42471
-2.08866
-1.73659
-0.80243
-2.28671
-1.29768
-1.46291
-1.45775
-1.99673
0.27518
-0.35140
-2.36512
-1.80499
-1.55786
-1.92388
-0.95013
-2.01526
0.31478
-1.97099
-0.40291
-0.53330
-0.66913
-1.77208
-1.88447
-1.25475
-0.53010
-1.94355
0.34345
-1.70956
-0.15382
-0.88716
0.43861
-2.23352
0.30708
-1.11931
-0.68549
-0.58020
-1.59217
-0.10893
-1.30768
0.51671
-0.67939
-1.20262
-1.36394
-1.00594
-1.27989
-0.69902
-2.20476
-1.27235
-0.66081
0.01204
-0.54494
-1.72675
-1.34539
-1.47480
-1.34954
-2.05361
-2.07554
-1.69092
-1.57639
-0.53429
-0.49256
-2.09606
-1.20772
-0.66025
-2.11332
-1.07664
0.74639
-1.35108
-1.72586
-1.40748
-1.03650
-0.64034
-1.06079
-1.48116
-0.92062
-1.13142
-1.47133
-0.36363
-2.15856
-0.94659
-1.84004
-1.13643
-0.86276
-1.25063
2.17012
-1.20348
-1.76518
-0.64190
-1.87523
-1.62462
-1.41305
-0.99246
-2.50880
-0.04615
-1.70607
-0.73823
-0.11985
-0.29868
-2.33404
-0.66284
-1.53299
0.14555
-0.24405
-1.39590
-0.93959
-1.53123
-0.46047
-0.45718
-1.07338
0.47565
-1.46221
0.56621
-2.40898
0.02111
-1.00738
-0.83441
-0.02628
-1.58567
-0.87845
-2.09846
-1.87771
-0.44933
-1.10258
-0.29517
-0.75929
-1.22367
-0.64860
-1.79283
0.19057
-2.08971
-1.57511
-0.35867
-1.99282
-1.69697
-0.23630
-1.31110
-1.74086
0.07777
-2.13349
0.06415
0.08251
-0.61591
-1.43864
-1.65281
0.26802
-2.55637
-0.54077
-0.00399
-1.69684
-0.76699
-1.90441
-0.12111
-1.42588
-0.28785
-0.73770
-0.90800
-1.25184
0.58369
1.94297
-0.69048
-1.50892
-0.70460
-1.29739
-0.27500
-0.72715
-1.26716
-0.79667
0.04923
-1.11422
-0.18458
-1.65698
-0.53162
0.58997
-1.75294
-0.16984
-1.02094
-1.59144
-1.18085
-1.06769
-0.65715
-0.07677
-1.72259
-1.63121
-1.15226
-0.14257
-2.04346
-1.50425
-2.05099
-1.30846
-0.29504
-0.96211
0.46821
-1.46222
-0.36747
-2.22606
0.13296
-0.50526
-0.65434
-1.55387
-1.04506
0.23091
1.22008
0.29030
-1.65608
1.36071
-0.13593
-0.98743
-2.09603
0.09980
-0.50546
-0.46904
-0.74763
-0.76635
0.53467
0.34632
-0.54135
-0.35950
-1.79922
-0.82078
0.94273
-0.90957
-0.28907
-2.04618
0.32898
0.09709
-1.49467
-1.12078
-2.03496
0.39316
-1.97410
-1.29981
-1.09487
-1.31076
-0.89129
0.12482
0.61933
-1.78891
-1.44679
-2.08061
-0.82182
0.25564
-1.74000
-1.14491
-0.85783
-0.30425
-1.35968
-1.82975
-1.19842
-1.00085
-1.41467
-0.99417
-1.33834
-0.93206
-0.12064
-1.62896
-0.99486
-1.31095
0.04912
-0.12680
-1.68081
-1.32186
-1.74265
-0.14973
-0.56703
-1.48403
-1.67721
-1.13179
-0.30679
-2.60754
-0.30115
1.67821
-0.90070
1.29496
1.70295
-1.51927
-0.41158
-0.53922
-1.35533
-0.84107
0.19321
-1.06140
-1.82459
0.02155
-0.36756
-1.31461
-1.35989
-0.79040
0.00438
-0.17370
-0.82399
-1.18778
-0.76103
-1.32220
-2.43310
0.18535
-0.47079
-1.12632
-1.02419
-1.45905
-0.68652
0.90191
-2.08822
-0.29626
-0.09553
-2.38735
-0.84624
-1.39603
-1.91967
-0.08693
-0.51130
-1.46534
-1.41898
-1.64786
-1.48842
-0.32320
-1.34800
-1.43779
-2.42454
-1.58033
-0.12400
-1.27081
-1.85139
-1.75875
-1.28299
-0.22342
1.51534
-0.86159
1.22716
1.08216
-0.54078
-1.54158
-1.38103
-1.75099
-1.20879
-1.93365
-2.05018
0.18276
-1.03717
0.06505
-0.94819
-1.62142
-0.12658
-1.98780
0.02162
-1.87692
-0.11738
-0.65993
-1.44366
-0.97850
-0.88208
-0.79448
0.08400
-1.58842
-2.11021
-1.42604
-0.77323
-0.81226
-2.32433
-1.63429
0.65477
-1.39320
0.41094
-1.40166
-0.53443
-1.82760
-0.44358
-1.55299
-1.96171
-1.49633
0.72054
-0.99929
1.99895
0.12092
-1.53061
-1.05040
-0.91598
0.45709
-1.62168
-1.18257
-1.32896
-1.12864
-1.36448
0.29564
-1.12000
0.34287
-1.70513
0.02484
0.84535
-0.25490
-0.74611
-1.31298
-1.56645
-1.02178
-0.94360
0.22179
0.04765
-0.89039
-1.05337
0.30644
-2.57644
-1.63976
-1.23519
-0.50309
-1.44896
-0.81278
-1.65505
-1.22792
-0.95780
-1.70382
1.42776
-2.46569
-0.71333
-1.64696
-1.88627
-0.03106
-0.49283
-1.53108
-0.81396
-2.08713
-1.64093
-1.43661
-1.73625
-1.82741
-0.68714
-0.90305
1.12756
0.03302
-0.64820
-2.32563
-2.02015
-0.75659
-1.32695
-0.77097
-1.61014
-0.67089
-1.63656
-2.02435
-1.17257
-0.97972
-0.81424
-0.44761
-0.46407
0.28303
-0.60498
-0.84297
-0.80290
-1.25684
-1.98171
-0.86505
-1.38180
-0.66962
-2.14589
-1.97407
0.30549
-1.46050
-1.38001
-0.73531
-1.51542
-0.20159
-1.79241
-1.13573
-0.70120
-1.91665
-0.71811
-1.48970
0.33195
-1.31852
0.18532
-1.55661
-0.68530
-0.82047
-2.48218
-1.64095
-1.25073
-1.30276
-0.47110
0.85284
-1.40539
-0.81291
-1.52088
-0.43118
-0.04956
-1.21679
-0.74611
-0.05740
-0.32374
-1.82307
-2.14961
0.66147
-1.98778
-2.51655
-0.96561
-1.85391
0.33123
-0.47324
-0.60572
0.06630
-1.91950
-0.37221
-0.73834
-0.42631
-2.19611
-1.13292
-2.62761
-1.41177
0.19168
-1.87205
-0.89695
-0.23859
-2.05049
0.26143
0.11387
-1.24749
-1.90719
-0.17590
-1.77825
0.66610
-1.14405
-1.96254
-1.07877
-1.26652
-1.43203
0.28460
0.63948
-1.51066
-1.66993
-0.41107
-1.73186
-0.83966
-0.49454
-0.59811
-2.23193
-0.25347
-0.32041
-0.80981
-0.83510
-1.99876
-1.92020
-0.83337
-0.95700
-2.45556
-0.58666
-1.76650
-1.25120
-0.95202
-1.42032
-0.87651
-1.58082
0.10482
-0.94138
-0.57596
-1.43542
0.92195
-2.03738
-1.77514
-1.61451
-2.44032
-1.39538
-1.86167
0.51697
-1.45983
0.67955
-1.47921
-0.12013
-1.95781
-1.02040
-2.27423
-0.16555
-1.42504
-1.50224
-0.86494
-0.14491
-2.11436
-1.83999
-1.24106
-1.66081
-1.70009
-1.28296
0.88101
-2.59416
-1.35146
-0.59085
-0.36809
-1.60532
-1.60185
-0.89934
-1.96734
-1.34061
0.01999
0.20224
-1.56789
-1.30140
-0.70537
-1.49884
-0.21396
-1.98800
-0.20202
0.10104
0.57219
-0.73740
-0.59967
-2.19343
-1.73800
-1.21312
-1.89759
-1.07602
-1.45257
-0.66816
-1.47417
0.53845
-0.60535
-1.89230
-1.63816
-1.05477
-0.18141
0.62656
-1.08095
0.71472
-1.43615
-0.96487
-0.51241
-1.50252
-1.74763
-0.92044
-2.55069
-1.64903
-0.85223
-1.28014
-1.61182
0.97936
-2.11645
-0.76821
-1.92059
-0.71436
-1.26433
-2.26618
-0.72656
2.27248
-1.24808
-1.33352
0.76039
-1.09487
-0.79011
-0.77118
-1.13941
1.34357
-1.88572
-1.33521
-1.18999
-0.97753
1.02642
-2.10758
-1.10549
0.01276
-1.08572
-1.31037
-0.59260
-2.26534
-0.79049
-1.48770
-1.12396
-2.20767
-1.58462
-1.61052
-1.42045
-1.60845
-2.14136
-0.13970
-0.63756
-2.03320
-0.47143
-0.48283
0.88794
-2.44462
-0.38994
1.39555
-1.51415
-0.21714
-1.76933
-1.43619
-0.86455
0.79199
-1.13262
-1.23953
-1.30230
-0.62677
-1.93287
-1.91574
-1.62980
-1.45518
-0.34939
-0.50074
-0.91177
0.57296
-0.95952
-1.60728
-0.40486
0.11779
-1.19129
-2.39741
-0.38454
-1.15447
-1.98777
0.64074
-1.05298
-1.16128
-1.96266
-0.35071
-0.94557
-1.15500
0.02498
-0.56682
-1.30052
-1.19633
-1.99267
0.88571
0.19261
-1.97239
-0.77925
-0.32671
-0.93668
0.54573
-0.70868
-0.42327
-1.09408
-0.32126
-1.08922
-1.00946
0.23233
-2.36771
-1.71939
-1.69003
-0.39164
-1.56822
0.14968
-1.83917
-0.89372
-1.43862
-1.21793
0.55103
-0.55404
-0.37709
-1.45784
-0.29283
-0.89885
-0.98733
-0.39468
-0.21579
-0.06883
-0.68009
-2.05609
-0.96125
-0.32650
-1.84737
-0.99111
-0.19933
-2.01909
-1.08460
0.07700
-0.16840
-0.86811
-1.40817
-1.59927
0.61216
-0.58504
-1.18550
-1.65927
-1.93190
-0.00740
-0.51758
-1.82897
-1.18542
0.05762
-1.37407
0.36175
-0.17720
-1.50216
-0.33953
-0.73429
-0.49519
-0.56228
-0.06364
-1.47791
-1.62640
-1.04868
-1.61526
-1.01914
0.09931
-1.68834
-1.91045
-0.74946
-0.77016
-1.13458
-1.13296
-0.36580
0.85395
-1.42522
-1.09027
-1.44182
-1.14823
-1.14829
-0.09033
