1.30407
-0.37047
1.00565
-0.26345
1.09446
4.52776
2.96157
3.05219
2.24778
3.21907
1.51118
-2.52038
2.77555
2.41023
-0.09943
2.54803
2.01513
0.69065
0.45474
-1.06003
-1.44242
2.61253
1.06662
1.15384
2.63469
0.82427
2.70258
-0.44891
3.65140
2.83567
1.17453
1.81081
0.58313
2.83885
1.69257
1.46244
0.54231
1.77877
-1.52940
2.07744
3.91949
3.08129
1.96668
5.08813
1.62561
3.79254
1.92983
-0.26675
3.38649
0.85736
-1.14076
0.82067
3.49465
1.11253
0.98853
1.46918
1.32075
1.38241
3.23194
3.13369
1.69056
3.39809
-0.52373
2.09272
-0.35620
2.84555
2.08322
-0.35582
5.77110
1.68860
1.46008
1.82872
2.37234
2.32236
4.42221
1.72114
1.57452
1.29849
4.25659
-1.75358
2.30446
1.94943
1.33400
-0.42386
1.39264
2.27247
1.51960
0.31625
-0.08795
0.68219
1.75461
0.87774
1.34335
3.09811
0.58476
1.92765
2.48904
1.24057
1.23518
-1.95708
3.16586
-0.40638
0.22376
1.41779
-1.72893
2.08814
4.72085
0.76859
-1.25451
-1.29481
2.02728
-2.33514
-0.40688
-0.02465
1.28651
0.41507
0.52554
-0.49473
3.33873
1.96794
-0.94270
0.61894
1.18407
2.68039
2.40106
0.75042
4.90908
2.45930
1.83162
2.59964
2.23428
1.32333
3.89241
1.74824
1.32511
2.00358
2.99644
1.81398
-1.54748
0.25173
1.10730
-1.32332
0.63714
1.37600
1.61550
1.29426
3.40987
0.90606
0.06391
1.29139
3.88431
2.31385
1.47565
2.74982
-0.50646
1.11421
3.02780
5.81730
0.85739
0.84403
5.81730
-1.46228
0.98391
2.73876
2.58933
0.55500
0.85707
1.92246
4.87779
1.00428
0.06689
1.85413
2.34883
2.53762
0.75541
1.98338
1.63917
0.25776
0.67881
1.58690
2.90159
2.39394
5.16045
3.83064
-0.54401
1.77319
5.36506
1.00828
-0.55588
2.83450
2.58378
3.99311
-0.78059
1.77311
0.58388
4.93534
1.54710
2.36101
2.11145
4.99527
2.76266
0.89660
-0.67691
3.43662
0.63794
0.01760
-1.02595
1.39280
5.81730
0.31469
1.98321
0.36241
2.94526
-1.33211
1.22834
0.18517
1.01428
0.62968
-0.04612
0.81883
3.36750
2.43705
1.45499
0.97626
0.59538
4.64542
-1.52957
1.03943
-0.49281
2.10579
4.23590
1.49284
1.26823
2.24615
0.41855
2.68285
0.24966
0.55878
2.38207
0.15984
-1.52318
-0.57901
3.90104
1.64263
0.48340
1.49479
4.38174
2.97460
2.43980
1.92349
-0.02666
4.10681
1.71657
1.34279
0.37475
-1.96902
0.94479
2.79322
-2.11224
-0.08066
-0.58752
0.69113
1.30960
1.10037
-0.56653
1.30998
1.38904
0.22578
1.31412
0.78405
-0.43062
1.34964
1.56891
1.15154
-0.28185
-0.07491
0.75367
1.28369
-0.07547
-0.02669
0.56854
4.35304
2.92946
3.13094
2.93765
-0.43050
1.49948
2.67824
0.84694
3.26073
2.74273
0.85023
3.84962
-1.60100
-2.53193
2.45797
0.89537
1.71756
0.51486
5.81730
-0.14667
3.09900
0.91886
2.42571
4.54125
-0.96682
3.57238
2.29556
0.20771
1.38679
1.73155
1.30453
-0.99113
0.72896
1.90152
-0.08365
3.43613
3.10588
0.25537
1.59961
2.24582
0.42214
0.06838
1.63470
3.72696
5.16447
-0.49235
1.56218
2.59352
-0.86865
3.57392
2.03499
2.18094
2.92320
2.76244
1.32712
0.10987
4.15841
-0.73297
1.48336
3.17819
5.35134
2.68431
-0.16988
4.69209
2.92722
1.60971
3.26088
0.10247
-0.04347
1.78825
1.76000
3.67133
1.30188
-0.82219
2.57162
1.94392
0.33129
2.88820
1.29333
0.05705
1.19220
2.18742
1.86199
1.07966
1.14845
0.12566
0.46639
-0.61460
0.21008
-0.42892
0.64759
-0.77955
-0.27357
1.27111
3.06502
0.81961
0.91061
0.30964
1.07279
