-0.62255
-0.09054
-0.06881
-1.15351
-2.11215
-1.52116
-0.27425
-0.00960
-2.23029
0.11722
-2.18882
-2.41325
-1.98032
-0.93865
-2.10863
-2.43101
-2.40607
-2.26372
-0.52914
-1.94147
-2.33945
-2.33928
-1.87124
0.72940
-2.41025
-2.12779
-2.42923
-1.85196
-1.64080
-1.01835
-2.19786
-1.24660
-0.92443
-0.33974
-0.84187
-0.65369
-1.50455
-1.89116
-0.62078
-0.39598
-1.14332
-0.75822
-0.57569
-2.19367
-1.12699
-2.29814
-0.46547
-0.42401
-1.88487
-2.34719
-1.48750
-0.00939
-1.91824
-0.52131
1.93978
-2.42418
-2.24866
-1.47772
-1.88092
-0.46684
-1.23506
-1.16814
-1.58817
1.00761
0.67955
-1.46335
-1.58172
-0.62839
-2.31862
0.34315
-0.17238
-0.13753
-1.94636
-0.92641
-2.07192
-1.50531
-1.10089
-0.69610
-1.75988
0.03667
2.05811
-1.37333
-1.01722
-1.18832
-1.56750
-1.46874
-1.71587
-1.11883
-2.26894
-0.78523
-2.32655
-1.90541
-0.67735
-1.95421
-1.84682
-2.06009
-1.95130
-2.35837
-1.96856
-1.77989
-0.62306
-2.43128
-2.16041
-2.16593
-2.00675
-2.39054
-1.09763
-1.96634
-1.82403
-0.16687
-1.27318
-0.75810
-1.39465
-2.22324
-2.39896
-2.09686
-2.27878
-2.02101
-0.55504
0.20439
-0.51756
-1.82546
-0.96662
-1.43604
-0.93038
-2.04873
-2.06794
-1.81757
0.10876
-2.43098
1.11751
-2.43015
-2.11289
-1.00130
-2.08973
-0.16991
-1.90911
0.94361
-2.11850
-2.29199
-0.75743
-0.36449
-2.33813
-1.84546
-0.20267
-0.42533
-1.32306
-0.45136
-1.56457
-0.68404
-1.83546
-1.60289
-1.16697
-0.68184
-2.21205
-0.49440
-0.46299
-1.23961
-1.22467
0.79545
-0.08922
-1.74860
-1.15946
-0.17500
-1.26865
-2.39121
-1.96585
-1.26262
-1.18327
1.42818
-1.55054
-0.79101
-1.66947
-0.48381
-0.71779
-1.84399
-1.10968
-1.68743
-1.62643
-0.26098
-2.21144
-2.00948
-0.33528
