6.24518
8.51264
5.85383
8.51264
7.55941
7.61854
2.10531
-1.02707
3.39485
-1.98315
6.84855
4.48462
1.79568
2.72067
6.40452
5.42858
3.22342
2.62194
-0.95481
1.99430
3.10395
4.54511
4.41615
7.83099
0.77638
5.33555
2.56469
-0.05182
1.81549
0.30446
7.01511
8.51264
8.51264
1.64920
2.78547
-0.78727
4.81702
-0.99505
3.01456
2.36308
8.51264
5.66562
3.62158
1.97051
2.62200
5.92429
0.19381
-1.57107
8.17248
8.51264
7.27587
7.38451
3.47619
5.40717
2.78284
7.01636
0.97113
-0.43335
5.95630
-2.19575
6.07878
4.09737
2.48027
3.97236
2.00859
8.51264
4.69294
1.07367
1.82213
-1.97377
7.66071
5.17090
4.83945
3.92177
2.89189
8.51264
8.10519
3.96000
8.23243
5.79073
8.51264
3.23903
4.18439
4.83079
3.15130
8.51264
4.07251
4.94475
6.09405
2.04947
6.79935
5.17792
-2.40006
5.65494
0.83825
3.04157
6.34844
7.29950
3.01858
-2.40849
8.51264
5.63071
6.03264
1.61958
2.89910
0.52676
4.86398
5.30318
1.00304
-0.04457
2.62558
0.79448
5.00759
2.06808
4.72421
7.84778
3.56410
6.93221
0.94314
1.25411
8.51264
8.51264
7.12742
1.14849
8.51264
7.08537
3.03158
3.22496
0.94682
1.38964
4.64998
8.51264
5.03871
8.51264
5.40782
3.46525
2.69867
5.47983
6.74243
2.65076
4.13941
7.49345
5.27797
5.42894
6.77913
1.78550
-0.76182
5.92573
4.99311
6.11046
4.62708
2.93056
6.57930
8.51264
2.80128
6.42865
0.87587
4.69631
3.70761
8.15526
7.87042
6.86123
2.76585
4.50167
8.51264
7.23222
-1.57082
8.51264
2.26906
2.46145
5.65545
6.48517
3.84510
1.57960
5.00256
8.51264
2.10552
7.94474
1.70814
-1.18700
8.41480
7.67184
5.31823
2.34902
3.01359
2.15976
1.12770
4.64788
7.46276
5.69177
3.06209
8.51264
7.16123
1.05893
7.03903
3.98291
3.16560
3.17662
0.95097
1.38816
