-0.41746
-2.03148
-1.22384
-1.16895
-2.40503
-0.32226
-2.11769
-1.47119
-1.66794
-0.96033
-0.96917
-1.26478
-1.43452
-1.49301
1.16822
1.05470
-1.94891
-2.26156
-2.00236
0.84452
-1.48039
-1.50161
-0.82832
-1.51674
-2.39312
-1.99395
-0.88448
-2.17237
-1.81818
-0.82767
-2.29876
-1.10089
-1.41823
-1.54828
-0.72000
-2.01115
-2.05447
-0.20738
-2.12385
-1.37880
-1.60193
-2.32379
-1.61249
-1.16333
-2.01814
0.64838
-2.34270
-1.08012
-0.50686
-2.14956
-2.07661
3.22841
-1.48214
-1.80273
-1.24295
-1.81398
-1.91309
-1.05385
-2.04684
-1.35706
-1.26288
0.07757
-1.71219
-0.49059
-2.01382
-1.36249
-2.30553
-1.41474
-2.20907
-0.93752
-2.40032
-1.59953
-1.68666
-2.37120
-1.51178
-1.35860
-0.53552
-1.10678
-1.26264
1.16568
-1.52850
-2.29880
2.40768
-1.50024
-2.01758
-2.07300
-1.50076
-1.90234
-2.22259
-1.58146
-1.60011
-1.02134
-1.11178
-0.74517
-1.32607
-1.30451
-2.42609
0.51123
-2.10323
-1.87529
-2.04238
-0.85637
-0.14159
-0.94196
-1.59542
-1.61153
-1.73246
-2.01793
-1.41912
-1.78382
-0.36944
0.04549
-2.36140
-1.83746
-1.62875
-1.85087
-1.46828
-1.72325
-1.75856
-1.50815
-1.62218
-0.79152
-1.65936
-1.20587
-2.40847
-1.30930
-0.33383
-1.31604
-1.98759
0.02328
-1.57644
-2.19079
0.04456
-0.55310
-0.86582
-2.08457
-1.54588
-1.43176
-1.39561
-1.98573
-1.77521
-0.15132
-1.31076
-1.91247
-1.92213
-1.20350
-1.20166
-2.10215
-0.96190
-2.38040
0.77165
-0.81291
-1.40429
-2.24011
-0.87817
-2.21969
-2.21305
-0.98041
-2.20341
-0.93638
-1.70737
-2.18260
-1.75353
-0.06987
-2.19837
-0.83329
-1.19715
1.11293
-1.42691
-1.57971
-2.15229
-1.17007
-1.66898
-1.49094
-0.58310
-2.06381
-1.59052
-0.26176
-2.18214
1.26046
-2.32392
-0.94718
-0.23827
-1.59288
-1.87705
-2.06194
-0.45314
-2.05669
-2.36459
-2.26467
-1.02734
-2.38134
-1.87185
0.10967
-2.19855
-1.45943
-2.34445
-2.04680
-1.14019
-2.07336
-2.38729
-1.26255
-1.15772
-2.11432
-1.61539
-1.06670
-1.52348
-1.31391
-2.08892
-2.38385
-0.42564
-2.21780
-2.30618
0.24643
-0.80144
-0.19287
-2.22216
-1.89477
-1.65922
-2.01328
-1.78109
0.17638
-1.15123
-1.52855
-0.70485
-1.61059
-0.67327
-1.95253
-1.52339
-1.19229
-0.04437
-2.01752
-0.73011
-1.96708
-1.65270
-1.01649
-2.25261
-1.26020
-2.39311
-1.32815
0.54670
-1.36872
-1.88238
-2.13958
-1.36793
-2.36559
-1.88117
-2.07148
-0.87263
-1.15280
-2.15823
-1.90768
-1.19541
-2.00536
0.46770
-0.66422
-1.80701
-2.01206
-1.61876
-1.23153
-0.70331
-1.86932
-1.24398
-1.45848
-0.64542
-1.94114
-1.16245
-2.10201
-1.14637
0.95615
-0.66004
-1.73587
-2.03450
-2.27069
-1.01513
-1.15873
-2.23350
-0.60875
-0.42147
-2.34666
-1.37992
-0.60570
-0.13397
-2.19209
-2.00743
-1.80785
-1.83168
-1.35613
-1.72559
-1.21730
-1.52651
-0.84283
-1.43021
-1.92940
-2.16836
-0.13737
-0.95313
-1.82221
-1.63026
-1.98736
-1.49018
-2.26364
-1.75626
-2.29999
-2.21823
-0.56745
-1.82400
-0.80979
-1.82817
0.47024
-2.16455
-1.54988
-2.18486
0.47912
-2.20037
-2.16664
-1.83824
-0.16629
-2.43088
-2.31942
-1.59158
-1.37483
-2.20633
-2.24130
-2.36691
-2.32678
-2.42923
0.97687
-0.52828
-2.24621
-1.44013
-1.04060
-2.28725
-1.75005
-1.51656
-1.57008
-2.09946
0.02174
-1.66305
-1.88287
-1.05866
-0.78908
-1.31688
-1.66770
-2.08476
-2.04524
-2.19152
-1.37366
-1.33681
-0.81926
-2.19653
-0.65662
-2.43125
-1.99393
-1.63655
-1.82982
-1.06714
-2.42510
-1.11784
-1.68508
-1.92411
-2.21918
-0.73189
-2.02293
-2.31076
-0.78078
1.86864
-1.87351
-0.04109
-0.90502
-1.41680
-0.24536
-1.89249
-2.20099
-0.66061
-1.42284
-1.27498
-2.40998
-1.88797
4.74206
-1.80823
-0.05498
-1.16571
-2.38469
-1.72739
-0.96688
0.00627
-0.64281
-1.75626
-1.21289
-2.40487
-0.86408
-0.59674
-1.84623
-2.30306
-1.40433
-2.00734
-1.95277
-2.11979
-0.46206
-1.82204
-2.39756
-0.37004
-2.36651
-0.82276
-2.41387
-1.47383
-0.37890
-0.53153
-2.42808
-1.51205
-1.64195
-1.59225
-2.37477
-0.90586
-0.59209
-1.74126
-2.30067
-1.46494
-1.30772
1.11051
-2.24071
0.10201
-2.37236
-0.34859
-2.31332
-2.34930
-1.98084
-0.64433
-2.10118
-2.07107
-0.44854
-2.19378
-2.17415
-1.50324
-1.70287
-1.46615
-0.53787
-1.81687
-1.19563
0.75853
-2.08484
-0.69577
-1.76080
-1.94115
-0.27526
-1.84481
-0.95678
-2.43097
-0.30616
-1.59000
-0.11470
-1.66188
-2.41275
-2.33510
-0.56353
-1.74104
-0.17142
-0.80702
-2.38669
-1.51963
-1.79904
-1.56557
-1.60719
-2.12986
-0.15220
-1.27814
-2.17305
-0.54053
-0.16630
-2.11077
1.98650
-1.91134
-2.19003
-1.51905
-2.23937
-1.45431
-1.06568
-2.39349
-0.71821
-1.68014
-1.99068
-1.83613
0.89587
-1.40579
-2.03009
-0.12731
-0.85652
-0.21820
-1.35603
-0.61867
-1.88153
-2.09361
-0.50542
-1.49309
-1.25878
-0.61568
-0.72259
-1.97136
-1.94534
-0.18168
-1.30701
-2.17426
0.24889
-2.11020
-2.25588
-0.70522
-0.95291
-1.87148
-2.04630
-1.61167
-2.38671
-2.12842
-2.11233
-0.66897
-1.82359
1.59591
-1.88688
-1.40659
-1.84632
-0.56686
-2.17500
-1.65083
-2.01707
1.12025
-2.07693
-1.87514
-1.92122
-1.52493
-2.11171
0.69598
-2.24104
-1.12928
-0.51765
-1.21319
-2.37342
-1.39575
-2.37882
-1.66259
-1.82798
-2.00823
-1.46344
-2.28533
-1.62049
0.28929
-2.19018
-2.18398
-2.30446
-0.55419
-1.60104
-2.39570
-1.37281
-0.50946
-2.23800
-0.79523
-0.87599
-1.55419
0.51723
-2.25908
-1.57570
-2.08208
-2.40478
-1.47852
-0.85327
-1.71295
-2.10665
1.60752
-2.18086
-2.32667
-1.85003
-0.79450
-1.53751
0.36614
-1.41577
-1.37763
-0.46552
-1.60524
-1.69888
-0.74333
-1.94689
-0.28390
-2.15545
-1.98041
-0.96564
-0.38928
-1.06057
-1.31503
-2.13297
-1.95286
-2.30479
0.19033
-0.99411
-0.30737
-2.12916
-2.20674
-0.43840
-2.08430
-1.78574
-0.45696
-2.00888
-1.95110
4.22862
-2.27556
-1.48535
-1.31961
-2.34070
-1.75631
-2.21617
-1.27282
-1.03004
-1.52336
-2.27017
-0.50978
-2.07911
-2.07038
-2.06005
-0.30649
-1.83373
-1.76924
-0.67506
-1.85628
-2.42750
-1.48847
-2.16798
-2.42831
-1.95453
-1.74779
-2.11398
-1.40087
-2.37113
-1.30878
-1.29911
-1.75140
-0.24272
-1.07852
-1.88812
-1.97290
-0.01519
-1.60937
-2.32005
0.68069
-2.24371
-2.08859
-0.51494
-0.91632
0.84816
-2.19657
-1.17051
-1.87501
-0.74485
-2.28889
-0.94789
-2.03071
0.45071
-1.52869
0.04953
-2.22179
-2.24074
-1.35570
-2.20497
-1.23293
-1.99952
-1.53046
-0.27929
-2.29720
-1.31790
0.48965
2.32129
-2.07565
-1.11789
-0.32989
-1.21806
-0.83720
-2.03855
-2.18848
-1.49435
-0.63906
-1.94322
-1.70642
0.15972
-1.18858
-1.00088
-0.52295
-1.63079
-0.79987
-1.82710
-0.38227
-1.76978
0.37599
-1.22719
-2.37604
-0.51033
-1.12615
-0.79767
-1.41725
-2.19073
0.32269
-2.10508
-0.79958
-1.29378
-1.66036
-1.70381
-2.23460
-2.42862
0.14154
-2.35689
-1.03325
0.28720
-1.08398
-1.66321
-2.24335
-2.04617
-2.30897
-0.62778
-0.07737
-2.00728
-0.33610
-1.99884
-2.14892
-1.49491
-1.58491
-1.63567
-1.56968
-2.09142
-0.96630
-1.06012
-2.42293
-1.29129
2.05156
0.78158
-1.75989
-1.29696
-2.19061
-2.42968
-2.40450
-1.67912
-1.71142
-2.35798
-1.89457
-1.01451
-1.82763
-1.70416
-1.77930
-0.31287
-2.20707
0.00198
-1.59384
-0.92075
-0.11322
-2.22906
-1.41204
-2.34614
-2.24382
-0.77454
-0.33588
-1.88636
-1.96389
-1.46353
-1.77600
-1.19247
-1.50704
-1.88211
-0.38802
-2.22543
-0.86778
-1.23074
-2.22811
-0.67087
-1.38285
-1.52243
-1.90884
-1.76251
-1.44291
-0.88113
-2.42741
-0.67808
-2.13214
-1.55545
-1.98897
0.30798
-2.13495
-2.29502
-2.34199
-0.27030
0.95731
-2.05158
-1.56145
-2.34777
-0.78962
-2.40360
-0.62491
-1.69355
-1.83783
-2.09982
-1.44028
0.76842
-2.38421
-1.44868
-1.17694
-1.60613
-0.88832
-1.48836
-1.50510
-0.61441
-1.52899
-0.47580
-2.28163
-1.99592
-1.73169
-1.70368
-1.28869
-2.35860
0.05473
-2.38940
-0.62491
-1.79026
0.01154
