-0.05669
-0.18175
-0.37315
-0.03640
0.09245
-0.62544
-0.10007
0.26607
0.53514
0.06505
-0.51259
-0.53842
0.53776
0.17551
-0.22910
-0.53627
-0.22019
-0.35217
-0.26128
-0.42242
0.33538
-0.42677
0.07229
0.26105
-0.33953
0.14803
-0.66830
-0.72705
-0.48803
-0.02333
-0.28900
-0.57312
-0.37471
-0.33991
-0.17655
0.13099
0.39066
0.02460
0.08907
0.30272
-0.19268
0.55034
0.04334
-0.81007
-0.42454
-0.66140
0.05329
-0.32145
-0.13282
-0.40925
0.18520
-0.27708
0.03180
0.18357
-0.57994
-0.07346
-0.37701
0.31363
-0.23776
-0.48605
-0.67789
-0.36555
-0.59549
-0.23272
-0.88295
0.07133
0.01815
0.35768
0.18133
-0.23494
-0.11739
0.25432
-0.00625
0.89943
-0.74638
-0.05164
-0.62415
0.33029
-1.00000
0.35594
0.03840
0.08978
-0.26794
-0.26725
0.30171
-0.21605
0.13100
-0.20652
-0.47342
-0.47277
-0.51285
-0.01646
-0.38870
0.09417
-0.65795
-0.29311
0.27802
-0.67141
0.06816
0.25292
0.14351
0.11913
-1.00000
-0.80587
0.21494
-0.39998
0.34409
-0.46198
-0.81257
0.45126
0.00446
0.64896
-0.14342
-0.35258
-0.58160
-0.52127
0.02817
-0.10205
0.15717
-0.16837
-0.03578
-0.65193
-1.00000
0.24744
-0.52009
0.32038
-0.29755
-0.07257
0.08763
0.04374
0.38458
-0.26338
-0.30298
-0.52734
-0.35192
-0.28957
-0.22985
-0.20176
0.18507
0.12420
0.14686
-0.51095
0.55960
0.47610
0.15349
0.13835
0.34721
0.20851
0.42661
0.00010
0.22662
-0.03934
0.16110
-0.06623
-0.49871
0.48514
-0.14158
-0.48785
0.18544
-0.56883
0.06395
0.25875
-0.70526
0.09034
0.01268
-0.39756
0.12571
-0.61224
-0.59951
-0.30866
-0.41063
-0.10189
-0.57125
-0.13141
-0.21479
0.43958
-0.60489
-0.40602
-0.21029
0.14198
-0.08842
0.11063
0.51397
0.05691
-0.13475
-0.28351
-0.15015
-0.85716
0.17736
0.09626
-0.29324
0.29304
-0.34254
-0.38198
0.42805
-0.06498
0.12525
-0.22812
-0.38764
0.61760
0.54759
0.21480
-0.76177
-0.21485
0.17591
-0.42059
0.02630
-0.22952
0.70063
-0.41689
0.59738
-0.25773
-0.00118
0.59861
0.11525
0.03324
-0.18451
-0.46811
0.01970
-0.11383
-0.43499
0.05185
-0.00973
-0.22810
0.12438
0.36003
-0.15465
-0.70189
-0.27434
0.12301
-0.32774
0.09548
0.20794
0.14419
-0.30882
0.11166
-0.08371
0.77412
0.11941
-0.32028
0.48980
0.38678
0.03536
0.05960
-0.17846
0.04512
-0.02858
0.30721
-0.74463
-0.62345
-0.95684
-0.29924
0.38053
-0.12735
-0.88401
-0.52250
-0.12279
-0.15189
-0.50505
-0.72752
0.16065
-0.35433
0.43098
0.36081
-0.43158
0.26668
-0.02508
-0.58668
-0.30606
0.27762
-0.07160
-0.64738
0.40578
0.19731
0.50328
-0.19461
-0.07525
0.31425
0.13685
-0.76958
-0.51193
-0.17214
0.29386
-0.45128
-0.08856
0.10259
-0.38269
0.25718
-0.46880
0.28523
-0.26960
-0.12016
0.17641
-0.61566
-0.11442
-0.45021
-0.26532
-0.06222
0.39524
-0.37391
0.02135
-0.07879
-0.49333
0.16764
0.08448
-0.35141
-0.71254
0.10770
0.17813
-0.29500
-0.32617
-0.29420
-0.34848
0.17490
-0.39458
0.03053
-0.40697
-0.32209
-0.37773
-0.35799
-0.68670
-0.62391
-1.00000
-0.28211
-0.03985
0.08084
0.32891
0.24789
0.44167
0.06019
-0.79226
-0.04183
-0.60666
-0.74719
-0.91953
-0.35542
-0.16327
-0.36215
0.84636
-0.28956
-0.08686
0.40077
-0.63724
0.02191
-0.39071
0.00801
-0.27158
-0.51170
0.14188
-0.11577
0.64289
-0.50303
0.31681
-0.18908
-0.43350
-0.00402
0.15418
0.63943
0.09021
0.12597
-0.25978
-0.20129
-0.23190
-0.19999
-0.30159
0.02687
0.24811
0.41608
0.33385
-0.30397
-0.59345
-0.01901
0.21207
0.09659
0.14985
-0.00868
-0.68062
0.40730
-0.44793
0.16983
-0.50160
-0.25233
0.09654
-0.27656
-0.17102
-0.15709
-0.60863
-0.14292
0.60163
-0.65483
-0.22389
-0.70968
-0.03248
-0.19884
0.14437
0.13300
0.23768
0.03322
-0.66490
0.08166
1.00000
0.11332
-0.33628
-0.14561
0.13300
0.20971
-0.21909
-0.54327
-0.49975
-0.53537
0.22086
-0.68428
-0.03720
0.24546
-0.12025
-0.29245
-0.25422
0.22607
0.53610
-0.08348
-0.43214
-0.11385
-0.26283
0.07377
0.18656
-0.51064
-0.10806
-0.34098
-0.55320
-0.12734
0.34317
-0.56912
0.47577
0.23413
-0.04299
-0.43830
-0.09611
-0.53177
-0.01631
-0.14601
-0.49763
-0.04990
-0.60392
0.04235
-0.58910
0.18527
-0.72589
0.09634
-0.46248
0.36071
0.09338
0.03343
-0.47321
-0.02389
0.73218
-0.18688
-0.35078
-0.32711
0.26197
0.20785
0.20085
-0.09011
-0.17361
-0.24977
-0.10800
-0.16060
0.00661
0.23550
0.00420
-0.48885
-0.10588
-0.58397
-0.64805
-0.13530
-0.62025
0.24523
-0.64945
0.38161
0.24560
0.19903
0.59703
-0.72275
0.52950
0.13097
-0.27862
-0.41457
0.06636
-0.88390
0.04867
0.02771
0.04655
-0.72262
-0.16198
0.14059
0.12526
-0.69897
-1.00000
-0.16582
-0.10921
-0.63869
0.13894
-0.49620
-0.34778
-0.10326
-0.51684
-0.06167
-0.05225
-0.52545
0.00424
-0.38172
0.51634
-0.42217
0.41114
-0.58988
0.16171
-0.55253
-0.17431
-0.39889
0.30377
0.45268
0.12773
0.05412
0.42959
-0.43877
-0.72131
-0.14953
-0.18534
0.00940
-0.14623
-0.23771
0.45019
-0.24904
0.37904
0.08273
-0.19660
0.03308
-0.23122
0.08501
-0.14993
-0.70382
0.04041
0.15548
0.01999
0.02692
-0.20643
-0.83092
-0.11841
0.09882
-0.01508
0.05554
0.21545
-0.01315
-0.11450
-0.12535
0.26040
-0.14730
-0.18552
-0.40912
0.60332
-0.46337
0.25162
0.06906
0.51218
-0.20348
-0.27084
-0.04759
-0.47342
-0.07934
0.17318
-0.11469
-0.15584
0.28881
0.19196
-0.00261
-0.56180
-0.17237
-0.14280
-0.11284
-0.23930
0.25608
-0.36078
-0.09903
-0.45243
-0.16054
-0.54998
-0.18574
0.25302
-0.16714
-0.33232
-0.04998
0.10827
0.07507
0.25414
-0.48080
0.13618
-0.22173
-0.31447
-0.33733
-0.07421
-0.39660
-0.22424
0.72156
-0.96917
-0.82778
0.14812
-0.96803
0.23967
-0.13513
-0.29528
-0.37658
-0.35715
0.40823
-0.73755
0.34821
-0.28127
0.37019
0.40388
-0.16070
-0.11740
0.31211
-0.56880
0.03516
-0.14181
0.33335
-0.37867
-0.77166
0.34443
-0.21115
-0.24847
-0.38211
-0.42314
-0.61702
-0.52384
-0.12017
0.03340
-0.53033
0.20434
-0.31018
-0.07104
-0.10390
-0.32989
-0.32759
-0.25334
-0.22336
0.04393
-0.16197
-0.17404
0.37826
0.22288
0.25098
-0.07459
-0.24496
-0.25318
0.00615
-0.28438
0.66609
-0.78628
0.13845
-0.37489
-0.29258
-0.06172
0.26914
0.95200
0.45593
-0.06925
-0.20447
-0.33752
-0.31878
-0.23937
-0.07877
-0.35451
0.11610
-0.50750
-0.80097
-0.27995
-0.88844
-0.20988
-0.25810
-0.43576
0.02445
-0.07968
0.04917
0.24178
-0.37881
-0.14436
0.11580
0.36397
-0.28122
0.44373
-0.12306
-0.02467
-0.16137
-0.23041
0.04761
-0.10587
-0.25892
0.10063
-0.04094
0.52385
0.13895
0.49563
-0.36941
0.23611
-0.34672
-0.44180
-0.08864
0.02308
0.19750
0.17897
-0.21605
-0.40008
-0.26340
0.10228
-0.53675
-1.00000
-0.18816
0.56739
-0.43266
0.42068
-0.54681
-0.31686
0.30859
-0.45589
-0.08221
0.77506
-0.28667
-0.22187
0.00074
-0.16886
-0.45769
-0.36745
-0.22880
0.30376
0.14798
-0.84612
-0.02326
-0.71123
0.07804
-0.06088
0.15795
-0.12834
-0.26603
0.20762
0.28768
-0.01916
0.20158
-0.30614
-0.04859
0.06315
-0.56957
-0.23143
0.18471
-0.66551
-0.08473
-0.06983
0.18041
-0.22465
-0.27854
-0.34929
-0.67857
0.14397
-0.01381
0.05768
0.41595
-0.32394
-0.14653
0.14300
-0.28866
-0.27943
0.21372
0.15594
-0.15628
0.17474
-0.42380
-0.19359
-0.28724
0.59903
0.21596
-0.57930
-0.07786
-0.35350
-0.32861
-0.24236
-0.12337
-0.12753
-0.53935
-0.36094
0.39382
0.37881
0.00409
-0.17239
0.08621
-0.73100
0.05055
0.21800
-0.62607
0.44453
0.19691
0.01314
0.10111
-0.24360
-0.70628
-0.43591
-0.34578
-0.03116
0.48128
-0.29372
0.60071
-0.12418
-0.03838
-0.32446
-0.61956
-0.25033
0.09168
-0.25640
-0.23456
0.00751
-0.23464
0.20603
-0.50443
-0.26434
-0.14677
-0.40085
-0.65500
-0.18046
-0.28600
-0.04966
0.16472
0.31591
-0.12312
-0.17911
-0.04726
0.35333
0.67024
-0.45488
-0.10372
-0.33415
-0.21094
-0.58558
-0.22044
0.48009
-0.18829
-0.14535
-0.28388
-0.22606
-0.35414
-0.12563
-0.37801
-0.15397
-0.25815
-0.64472
0.13155
-0.32205
-0.29679
0.37102
-0.46397
-0.16984
0.13130
0.04190
-0.96466
-0.11049
-0.26624
0.20702
-0.69449
0.20039
-0.29547
-0.45366
-0.41843
-0.40509
0.12515
0.57135
0.06524
-0.13392
-0.39711
-0.41010
0.16136
-0.68019
0.24275
-0.00387
-0.01462
-0.39920
0.05520
0.41498
-0.02849
-0.02756
-0.31468
-0.49540
-0.11476
0.11015
-0.28056
-0.28627
-0.55890
-0.68915
-0.29402
0.66075
-0.30595
0.33758
0.01775
-0.52779
0.04160
0.31280
0.40125
-0.31508
-0.12604
0.23114
0.03013
-0.24388
-0.49597
0.00829
-0.79720
-0.59018
-0.39003
0.24195
0.37545
-0.14417
-0.10602
-0.53518
-0.24808
-0.17377
-0.92250
-0.24370
0.17844
0.42385
-0.14050
0.01872
-0.16867
0.20189
0.07509
-0.13454
0.53854
-0.21323
-0.49623
0.29799
-0.34746
0.40297
-0.11441
0.15823
-0.93583
0.10880
-0.41732
0.78772
-0.31753
-0.01196
0.12607
-0.69994
-0.15385
0.04433
0.26370
-0.21691
-0.21439
-0.42120
0.17248
0.46091
0.18332
-0.16422
0.49695
-0.45296
-0.15096
-0.63530
-0.14044
0.39709
-0.96545
-0.66464
-0.38554
-0.42829
0.27403
0.01958
0.02715
-0.61163
0.05261
0.00881
-0.41020
0.31345
0.01198
0.35040
-0.45811
-0.30038
0.38637
-0.18942
-0.17744
-0.18364
0.79047
-0.94727
-0.22534
-0.24881
-0.18198
0.00225
-0.04515
0.69849
-0.35033
-0.00186
0.37737
0.54519
0.05135
-0.16152
0.19802
0.11215
0.11249
-0.05703
0.58692
