-0.18175
0.06505
-0.35217
-0.42242
-0.48803
-0.57312
-0.66140
-0.32145
-0.37701
-0.48605
-0.67789
-0.59549
-0.05164
-1.00000
0.30171
-0.51285
-0.29311
0.25292
0.11913
0.21494
-0.52127
-1.00000
0.32038
-0.28957
0.12420
0.55960
0.22662
-0.49871
0.48514
0.06395
-0.61224
-0.10189
-0.40602
-0.28351
0.17736
0.42805
-0.22812
0.17591
0.59738
-0.43499
-0.70189
-0.27434
0.09548
-0.32028
0.30721
-0.62345
-0.52250
-0.15189
-0.35433
-0.76958
-0.51193
0.10259
-0.26960
-0.61566
0.10770
0.17813
-0.40697
-0.37773
-0.68670
-1.00000
-0.04183
-0.91953
0.02191
-0.39071
-0.43350
-0.25978
-0.20129
-0.59345
-0.50160
-0.15709
-0.60863
-0.70968
0.08166
-0.21909
-0.53537
0.22086
-0.03720
-0.51064
-0.12734
0.47577
-0.01631
0.04235
0.09338
0.26197
-0.17361
-0.24977
-0.58397
-0.13530
-0.41457
0.02771
0.14059
-1.00000
-0.10326
-0.05225
-0.17431
0.45268
-0.14953
-0.23122
0.04041
0.01999
-0.20643
-0.01315
-0.14730
-0.27084
-0.15584
-0.17237
-0.14280
-0.45243
-0.33232
-0.48080
0.13618
-0.96803
-0.37658
0.40823
-0.28127
-0.37867
-0.42314
-0.61702
-0.32989
-0.25334
-0.16197
-0.24496
-0.25318
-0.07877
-0.35451
-0.88844
-0.28122
-0.12306
-0.23041
0.23611
-0.34672
-1.00000
-0.45589
-0.16886
-0.02326
0.07804
-0.12834
-0.26603
0.18471
-0.67857
-0.01381
-0.27943
-0.42380
-0.35350
-0.32861
-0.12753
0.05055
0.44453
-0.03116
0.48128
-0.25033
0.20603
-0.14677
-0.18046
-0.17911
-0.33415
-0.35414
-0.15397
0.37102
-0.46397
-0.11049
-0.41843
0.16136
-0.49540
0.11015
-0.68915
-0.29402
0.03013
-0.59018
-0.92250
-0.14050
0.53854
-0.93583
0.10880
0.12607
0.26370
-0.45296
-0.15096
0.39709
-0.66464
0.00881
0.35040
-0.94727
-0.22534
0.37737
0.11215
