1.00000
0.78973
1.00000
0.48136
1.00000
0.53583
0.46458
0.70711
1.00000
1.00000
0.91880
0.53406
1.00000
1.00000
0.58874
0.64640
0.59575
1.00000
0.92324
0.47490
1.00000
1.00000
0.68897
0.84509
1.00000
0.09537
1.00000
1.00000
0.43298
1.00000
0.53106
1.00000
1.00000
1.00000
1.00000
1.00000
1.00000
1.00000
1.00000
1.00000
1.00000
1.00000
0.04494
0.38406
0.20353
0.40480
1.00000
0.99770
0.94430
1.00000
0.95511
0.91165
0.47498
0.43347
0.34023
1.00000
0.94128
1.00000
1.00000
1.00000
0.80481
0.92631
1.00000
1.00000
1.00000
1.00000
0.92176
1.00000
1.00000
-0.10439
0.91778
1.00000
1.00000
0.50777
1.00000
1.00000
0.83177
1.00000
1.00000
0.91812
1.00000
1.00000
0.73121
0.78107
0.66763
1.00000
0.56214
0.90716
1.00000
1.00000
0.62108
0.71096
0.45131
0.45683
0.86779
1.00000
1.00000
0.69992
1.00000
0.14958
1.00000
0.85420
1.00000
0.64549
0.64019
0.54778
1.00000
1.00000
1.00000
1.00000
1.00000
1.00000
0.87053
0.96074
0.82885
0.45633
0.78332
1.00000
0.75221
1.00000
1.00000
1.00000
0.82867
0.72163
0.24817
0.94378
0.86439
1.00000
0.87536
0.35255
0.59252
0.75398
0.94998
0.41686
0.41230
0.89130
1.00000
0.06367
0.31322
0.53157
1.00000
1.00000
1.00000
0.44758
0.78202
1.00000
0.74368
0.78236
0.68983
0.93007
1.00000
0.95709
0.92323
1.00000
0.84391
1.00000
0.51756
0.33598
0.92036
0.65514
0.61153
1.00000
0.84795
0.66441
0.52506
1.00000
1.00000
1.00000
1.00000
1.00000
0.40228
0.82842
1.00000
1.00000
0.63361
1.00000
1.00000
0.77113
0.98536
1.00000
1.00000
1.00000
0.52390
1.00000
1.00000
1.00000
0.97948
0.82564
0.71674
1.00000
1.00000
1.00000
0.43188
0.82949
1.00000
0.50189
0.76776
1.00000
1.00000
1.00000
