-0.59965
-0.69269
-0.92941
-0.17465
-0.16001
-1.23427
-0.90074
1.31660
-1.54866
-1.65187
-1.10954
-1.42776
0.03353
-1.05452
-1.14310
-0.65182
0.02550
-1.11750
-1.69656
-0.36741
-0.06211
-0.21799
-1.14979
-0.84827
-1.36385
-0.26947
-0.79486
-1.70331
-0.17570
-1.36725
-1.59062
-1.01455
-0.10110
-1.10466
-1.72530
-1.68158
-1.02611
-0.46564
-1.53199
-1.52179
-0.54574
-1.13567
-0.53238
-0.35697
-0.85055
1.04702
-0.96527
-1.68675
-1.48042
-1.55467
2.02752
-1.51798
-0.83548
-0.50884
-0.88293
-1.59838
0.05512
-1.72556
2.30372
-0.08087
-1.15220
-1.50823
-1.37802
-1.59495
-0.72801
-1.15786
-0.87021
-1.20684
0.59771
-0.80201
-1.00339
-1.13004
-1.29928
-1.01972
-1.08055
0.35305
-1.68333
-1.58255
-1.29736
-0.94985
-1.43233
-1.21123
0.11317
-1.57255
-1.66807
-0.11736
-1.50131
-1.14549
-0.92089
-0.04287
-0.30597
-1.22637
-1.63454
-1.23884
-1.67611
-1.49879
-0.59591
-0.70532
-1.70973
-1.06728
-0.74780
-1.30490
0.52445
-0.70890
-1.49328
-1.38749
-1.07958
-1.35356
-0.72337
-0.62548
-0.26102
-1.17251
-1.49265
-1.22599
-1.41968
-1.43163
-0.57076
-1.34986
-1.22457
-1.29498
-1.16087
-0.80344
-1.40301
-0.01164
-0.80076
-1.41663
-0.83903
0.40526
-1.17295
-1.17538
-0.47299
-0.89772
0.54822
-1.05786
-1.47688
-1.41440
0.19700
-1.67901
-1.30649
-0.77367
-1.02841
-0.79194
-1.57107
-1.28940
-1.44417
-0.64291
-0.34350
-0.86915
-1.41789
-0.18683
-1.55946
-1.55730
-1.21493
0.16957
-0.83116
-0.97424
-0.96724
-0.62650
-1.42629
-0.43236
-0.48748
-1.53240
1.59641
-0.55434
-1.06348
-0.52841
-1.34287
-1.15447
-0.24943
-1.05877
0.10031
-1.25372
-0.51594
-1.50043
-1.60977
-0.38374
-0.83833
-0.24608
0.90719
-1.15845
-0.65103
