0.94091
1.71144
0.37347
1.72816
1.03175
1.41638
-0.19715
1.82908
0.91887
0.22889
-0.31402
1.26154
0.08248
0.24968
-0.09684
2.52852
1.13691
1.85956
-0.26222
2.01448
1.56935
1.01128
0.78359
-0.95873
0.83253
2.18707
-0.17175
0.59570
0.39588
-0.89670
2.11616
-0.28690
1.03824
-0.46398
-1.60195
-0.49017
-1.68707
-1.45086
2.83536
0.79815
1.56851
-0.19482
3.05690
0.78176
-1.02469
1.63732
1.81118
1.96464
0.61407
0.44740
0.35839
1.82282
2.44312
1.71369
2.54271
0.96414
1.71943
1.90109
1.41450
0.62910
3.20616
4.90496
1.62345
1.74077
-0.29481
-0.19259
1.45137
2.18385
-0.56013
2.91995
2.68821
0.95262
2.34210
-0.83629
0.02246
1.76650
-1.41404
4.06036
1.55487
-0.78397
1.96018
2.98175
2.35941
-0.75172
0.98094
0.74759
2.27844
1.92554
-0.91072
-0.56205
0.38619
1.20198
0.23104
1.09197
0.84179
0.82920
-0.65083
4.39223
2.45791
3.23374
1.09161
2.16556
1.44170
0.33695
2.81120
3.05808
0.36138
-0.96672
5.16395
-0.31314
0.74897
2.53298
-0.54639
3.98812
1.12911
0.17481
1.15968
1.17700
3.22717
2.33497
2.74230
0.78772
1.84422
0.61843
1.24578
0.85690
1.45562
1.29994
-0.08997
-0.66451
2.94139
-1.05144
0.20198
3.19736
4.75454
1.98024
2.54039
-0.84664
1.72700
1.34464
0.54529
3.79752
0.80128
-0.50490
0.88936
2.58991
1.43547
1.48395
-0.04830
0.57054
3.04347
1.53762
1.42858
0.44191
2.20312
-1.37955
2.65233
2.14120
0.92762
2.34084
0.33450
2.18814
0.35464
-1.55714
6.53928
0.92427
4.44834
-1.24159
3.55383
-1.37594
3.64910
0.34379
-0.48553
0.66841
0.16199
0.21464
0.90710
3.34539
0.58120
0.52183
2.92970
-1.05811
