-0.66082
-0.43200
-0.46466
-0.59965
-0.43856
-0.69269
-0.16245
-0.98224
-0.85045
-1.66698
-1.19338
0.61249
-0.92941
0.29040
-0.00286
-0.08720
-1.41529
-0.21785
-0.17465
0.54217
-1.05397
-1.40508
-0.63178
-0.27949
-0.64575
-0.16001
-0.73595
-0.39759
-0.83629
-1.50560
-0.07683
-0.70586
-0.72705
-1.23427
-1.29235
-0.42185
3.04541
-0.46764
-1.63422
-0.87995
-0.90074
-1.20379
0.05143
-0.84920
-0.31151
-1.07288
-1.57087
-0.40436
1.31660
-1.54866
-1.44328
-0.90618
-1.09280
-1.05288
-0.37758
-1.65187
-1.10954
-1.59154
-0.98345
-0.67878
0.48735
-1.42776
-1.25568
-0.23911
0.03353
-0.98024
-1.30754
-0.58732
-0.46676
-0.73615
-1.01488
-0.22422
-1.31641
-0.69351
-0.23073
-1.05452
-0.14285
-1.03751
-0.77455
-1.14310
-0.65182
-1.24303
-1.48754
-0.14448
0.02550
-1.19070
0.11508
-0.84077
-1.71385
-0.17561
-0.61925
-0.96329
-1.05460
-1.53385
-0.83441
0.62162
-1.11750
0.56787
-0.42588
-1.69656
-0.36741
-1.64713
-1.30227
-1.23345
-1.10660
-0.73113
-0.06211
-0.88177
-1.46797
-1.34426
0.38613
-0.21799
-1.04021
-0.20292
-1.10540
-1.43174
-0.14734
-1.14979
1.06650
-1.06358
-0.84827
-0.38337
-0.90951
-1.05398
-1.01269
0.12068
-1.35958
-1.36385
-1.38333
-0.79726
-0.26947
-1.36880
-1.54398
-0.10031
-0.88100
-1.26656
-1.58512
0.38504
-0.79486
-1.36075
0.01711
-1.70331
0.58318
-0.93111
-1.63460
-0.56783
-0.17570
-0.94706
-1.17897
-1.06184
-1.32031
-0.95647
0.40356
0.52043
-1.36725
-0.86743
-0.96792
-0.67592
0.84916
-1.59062
-1.10397
-1.19194
-1.32801
0.02441
-1.01455
-0.50700
-1.00854
-0.19160
-0.10110
-0.62132
0.30154
-1.10466
-0.55367
-0.33523
-1.48587
-0.22347
0.58237
-1.16469
-1.05669
-0.37374
-1.72530
0.95478
-1.07824
2.26102
-1.68158
-0.47631
0.69423
-0.68185
-1.02611
-0.34920
-1.19522
-0.44707
-0.84003
-0.46564
-1.53199
-0.95712
-0.84568
-0.90834
-0.60810
0.67710
-0.42057
-1.10720
-1.23342
-0.78915
-1.21249
-0.36790
-0.33784
-0.31247
-0.44505
-1.52179
-0.54574
-1.13567
-1.42321
-0.88905
-0.53238
-0.71345
-0.36396
-0.76229
-1.23815
-0.16855
-1.65019
0.00159
-0.35697
-1.25472
-1.11050
-1.70805
-0.42032
0.15540
0.76738
-0.85055
0.72458
-0.97389
-0.46118
1.04702
-1.72658
-1.32200
-1.46281
-0.95602
0.16839
0.40952
-0.96527
-1.51581
-0.57085
-0.98534
0.87139
-0.94853
-1.68675
-0.57012
-1.48042
-0.93390
-1.08873
-1.55467
-1.13510
-1.18996
-0.37924
2.02752
-0.33145
-0.93878
-1.31719
-0.44953
-1.51798
-0.55474
-0.29273
-0.25296
-0.83548
-0.50349
-0.23736
-1.31855
-0.75330
-1.52940
-1.21222
-0.50884
-1.66542
-0.21599
-1.70680
-1.50326
1.04276
-1.47021
0.54093
-0.88293
-0.34730
-0.78258
-1.04334
-1.59838
-0.89867
-0.33069
-0.40456
0.05512
-1.12631
-0.64435
-1.32855
-1.35395
-0.53871
0.65936
-1.50766
-0.90309
-0.86232
-1.00764
-1.72556
-0.76367
-1.38266
-1.30476
2.30372
-0.08087
-1.38103
-1.04661
-1.49965
0.17166
-1.53420
-0.39989
-1.15220
-1.32470
-0.60599
-0.23689
0.54710
-1.50823
-0.81098
-0.96591
-1.71247
-1.31229
1.83506
-0.48752
-1.54092
-1.37802
-1.12626
-0.00442
-0.88661
-0.65238
-0.40687
-1.59495
-0.72801
-1.02598
-0.90976
-1.19489
0.09925
-1.34845
-0.21647
-1.09367
-0.26745
-1.15786
-0.71198
-1.21999
-0.87021
-0.94524
-1.20992
-1.20684
-0.69079
-1.38613
0.26269
-0.79232
-0.86562
-0.99097
-0.24236
-0.19811
-1.23865
0.59771
-1.25264
-1.65970
-1.62557
0.17892
-0.14973
0.40380
-1.34077
-1.72605
-0.80201
-1.28918
-0.67003
-0.96806
-1.62875
0.41799
-1.00339
-1.18336
-0.74454
-1.13004
-1.30626
-0.45021
-0.45091
-1.03909
-1.29928
-1.01573
-0.42288
-1.01972
-0.19814
-1.02197
-1.16732
-1.25080
0.06787
-1.08055
-0.62546
-0.77377
-1.37138
-0.62801
0.12613
-1.13303
0.35305
-1.68333
-0.26110
-0.60657
1.06147
-0.53591
-0.87456
-0.99890
-1.23386
-1.58255
-0.99887
-1.13109
-0.50542
-0.43951
-0.59031
-1.29736
-1.08007
-0.85879
-0.41002
-1.62847
-0.81399
0.69312
-0.94985
-1.35312
0.14872
-0.45014
-0.55264
-1.31613
-0.32075
-1.43233
-0.44866
-1.58117
-1.41212
-1.24876
-1.07106
-0.32616
-1.21123
-1.14984
-0.15400
0.11317
-0.46082
-1.57255
-0.88676
-0.75762
0.72092
-1.06924
-1.19417
-0.54542
-1.66807
-1.71244
0.13982
-1.03041
-0.87409
-1.41653
-0.11736
-1.30743
-1.47803
-1.54245
-0.47199
-0.23372
-0.48163
-1.36545
-1.69010
-1.50131
-0.41651
-0.25505
-1.40054
-1.01864
-1.02228
0.16370
-0.40188
-0.25913
0.69965
-0.68498
-0.97424
-0.47835
-1.14549
-1.68058
-1.10338
-1.23211
0.31001
-1.17771
-1.02157
-0.90398
-0.92089
-0.04287
-0.53864
-1.39709
-1.17877
-1.15599
-0.48274
0.36253
-1.58230
-0.30597
-1.05387
-0.86009
-0.24520
-0.29735
-1.22637
0.66279
-0.38143
-0.65327
-0.49835
0.92780
-1.63454
-1.02577
-1.51319
-1.23884
-1.55606
-1.38913
-1.42503
1.90078
-1.67611
-1.45870
-0.82121
0.71878
0.33656
-0.56795
-0.26221
-0.79132
-0.63349
-0.65249
-1.11242
0.64327
-0.71237
-0.76095
-1.49879
-1.29455
-0.50609
-0.59679
-0.59591
-1.20876
-1.12244
-0.96844
-1.58153
-1.52497
-1.37636
0.15914
-0.70532
0.48686
-1.29243
-1.20507
-1.70973
-0.51009
-1.47168
-1.36122
-1.31122
-0.02066
0.31666
-0.77762
-0.40848
-1.06728
-0.73108
-0.74780
-1.49901
-0.49218
-1.30490
-1.45129
-1.48324
-0.67921
-0.41432
-0.01809
-0.25880
0.52445
-1.11091
-0.73012
-0.70890
-0.30965
-0.93083
-0.32020
-1.09834
-0.92119
-0.54907
1.30587
-1.49328
-0.63501
-1.00261
-0.74551
-1.38749
-1.53439
-0.56089
-0.53031
-0.41374
-1.13392
-0.90814
-0.86277
-1.07958
-1.35356
0.33837
-1.29521
-1.08626
-0.25885
-1.11356
-1.31066
0.00002
-0.72337
-1.04095
0.36658
-1.04233
-1.58322
-1.59812
-0.33778
0.02228
-0.38129
-1.68316
-0.87558
-1.01722
-0.25714
0.65073
-1.49810
-1.32430
2.55368
-0.59538
-0.86526
-0.62548
-0.33679
-0.26102
-1.59047
-1.04975
-1.17251
-1.12313
0.14319
-0.86980
-1.21411
-0.17401
-1.43635
-0.63258
0.09743
-1.49265
-0.94918
-0.64425
-1.40940
-1.22599
-0.40305
-0.42866
-1.12130
-1.41968
-1.66899
-1.40856
-1.43163
-0.77646
-0.75527
-0.39836
-0.53535
-1.29461
-0.66757
-0.57076
-0.98475
-1.31468
-0.48884
0.23204
-1.34986
-0.28141
-1.23697
-0.66011
-0.33640
-1.22457
-1.37609
-1.44972
-1.11970
0.23419
-0.42753
-0.37972
-0.65154
-1.67353
-1.13103
-1.29498
0.47990
-1.47719
-0.03338
-1.38128
-0.59832
-1.39927
-1.66805
0.13429
-1.16087
-0.78258
-0.29404
-0.80344
-1.17585
-0.84363
-0.88722
-0.42243
-0.31260
-0.62125
-0.48538
-1.40301
-1.19182
-0.08393
-0.62565
-0.65519
-0.01164
-1.24474
-1.55673
-1.48042
-1.18443
-0.80076
0.10845
0.45251
-1.34233
-0.55891
-1.40862
-1.41663
-1.42613
-0.83903
-0.23717
-1.36646
-0.52542
-1.14574
-0.87299
-1.23816
-1.20284
-1.36778
0.40526
-1.20913
-0.25860
-1.17295
-1.13782
-1.17538
-1.23684
-1.42898
1.65416
-0.65777
-1.06688
-1.42589
0.04840
-0.74804
-0.10873
-0.63267
-1.11326
-0.47299
-0.60156
-0.41398
1.32037
-1.15547
-1.53589
0.01833
-0.54072
-0.89772
-1.40392
-1.19357
-1.57880
-0.55039
-0.94664
-0.17347
-0.38743
-0.78280
0.54822
-0.49727
-1.69626
-0.84893
-1.05786
-0.74948
-1.14828
-0.24563
0.18161
-0.35949
-0.34492
-0.40688
-1.27700
-1.47688
-1.14988
-1.41440
-1.22233
0.41942
-0.09189
-1.46838
0.19700
-0.13494
-0.37402
-0.81410
-0.04173
-0.48097
-0.61008
-1.01418
-0.71332
-1.67901
-1.22621
-0.49278
-0.65064
0.16670
-0.28203
-1.63790
-1.15700
-1.43520
-1.30649
-1.71344
-1.04087
-0.77367
-0.25795
-0.84225
0.09908
-1.27874
-1.01972
-1.02841
-0.90689
-1.09864
-1.33739
-1.20139
-1.07109
-0.12278
-0.79194
-0.21295
-1.45907
-1.03126
-1.57107
-1.28940
-1.50829
-1.44417
-0.72230
-0.69915
-1.03767
-1.44225
-0.50158
-1.00920
-0.74612
-1.09096
-0.64291
-0.97912
1.28541
-0.63827
-1.53617
-0.65005
-0.53839
-0.34350
-0.23313
0.17828
-1.03779
-0.86915
-0.04911
-0.50391
-1.17170
-0.15390
-1.01846
-0.76147
-0.70666
-1.41789
-1.62129
-0.66543
-0.54230
-0.44564
-1.49961
-1.47029
-0.18683
-1.47446
-1.55946
-1.55730
-1.21493
-0.56455
-1.64775
-0.56711
-0.83949
-1.14170
-0.75580
0.03696
-0.91926
-1.40316
-0.44212
0.16957
-0.83116
-0.27090
-0.60759
-0.28149
-0.87259
-1.00455
-0.70368
-0.36330
0.25285
-0.54485
-0.47851
-1.54160
-1.58885
-1.42023
-0.97424
-1.31410
-0.96033
-0.96724
-0.98450
-0.83833
-1.21824
-1.07953
-0.62650
-0.50808
-0.95446
-1.43472
-1.42629
-0.43236
-0.81276
-0.48748
0.55963
-1.45040
-1.22629
0.37993
-0.01019
-0.63618
-0.79324
-1.53240
-0.22392
-1.49442
-1.29263
0.28670
-1.52414
-1.01151
1.59641
-0.34884
0.30830
0.36940
0.58261
-0.61281
-0.45242
-0.97033
-1.21769
-1.29167
-0.55434
-0.98739
-1.06348
-1.38382
-0.10956
-1.09666
-1.12446
-0.52841
-1.34263
-0.82052
-1.00240
-1.29824
-0.55564
-0.56392
-0.69345
-0.77334
-0.47126
-1.34287
-0.88994
-0.63990
-0.59330
-0.80627
-0.84732
-1.15447
-1.23457
-0.04019
-0.72778
-0.24943
-0.11908
-0.17997
-0.59674
-1.15590
-0.79421
1.43682
-0.94871
-1.05877
-0.43236
3.46055
-1.26103
-1.06647
0.10031
-0.43477
-0.63296
-0.88856
-1.45631
-0.54745
-0.60023
-0.83483
-1.25372
-1.48963
-1.14902
-0.75510
0.17293
-0.51594
-1.50043
-1.62865
-1.55287
-1.47812
-0.22677
0.68984
2.82832
-0.93865
-1.03578
-1.60977
-0.83944
1.32319
-0.87080
-0.38374
-0.93920
0.49019
-1.58303
-1.05949
-0.83833
-0.77205
-0.35715
-0.24608
0.90719
-0.66955
-1.20581
-0.66101
-0.55081
-0.47711
-1.42038
0.02750
-1.15845
-0.22529
1.36631
-0.65103
-0.57418
0.57538
-0.81513
-0.82062
-0.68719
