-2.05760
-0.45853
-1.83236
-0.60157
-2.52925
-2.18566
-2.77137
-3.15286
-2.32594
-2.24640
-1.08076
-2.55308
-2.92168
-1.87674
-3.41730
-0.02800
-1.78967
-2.85068
-2.49515
-2.04241
-1.84050
-3.22100
-1.82422
-1.24837
-0.07577
-1.72248
-2.90747
-3.37543
-2.33627
-3.65566
-1.50935
-1.75319
-3.13393
-2.59378
-2.17413
-1.99462
-3.22629
-2.43498
-2.84834
-3.46928
-1.80199
-1.21421
-2.38804
-2.04626
0.10349
-3.00039
-2.63377
-2.08967
-2.38102
-1.12715
-1.02646
-2.82152
-2.35857
-1.85324
-3.00748
-2.30714
-1.29321
-2.81385
-1.82524
-2.47452
-1.32402
-1.96209
-2.09449
-2.30167
-2.28342
-2.33859
-3.66356
-2.45488
-3.11193
-0.36448
-3.03956
-0.63737
-2.50414
-1.42198
-2.60438
-1.89029
-2.37672
-2.75710
-3.16310
-2.97321
-2.17092
-3.27183
-2.04185
-2.05867
-2.13497
-3.55611
-2.47144
-3.06701
-2.16404
-2.43820
-2.57599
-2.57397
-2.30854
-2.78505
-2.52342
-2.35906
-2.30855
-1.65648
-1.93193
-2.81566
-2.65807
-2.73685
-3.00482
-1.81516
-0.14576
-2.10134
-0.32654
-1.74471
-3.37227
-2.00104
-3.05317
-1.04004
-2.32871
-1.87595
-2.66518
-2.98260
-2.30320
-0.66038
-3.59957
-1.76943
-1.93005
-2.52192
-2.50298
-3.54714
-2.81742
-1.39200
-2.97863
-3.09169
-2.93172
-3.26643
-1.75995
-2.90782
-3.48375
-0.71835
-2.20348
-0.69106
-2.00212
-3.03278
-2.44581
-3.36672
-2.15716
-3.22325
-3.21703
-1.52850
-1.44287
-3.37667
-2.68657
-2.44151
-1.74003
-2.50431
-2.95747
-2.39502
-1.35548
-2.27754
-1.27994
-3.31134
-1.10178
-3.18838
-1.19236
-2.09211
-2.68649
-1.50122
-2.96726
-1.82357
-1.76150
-3.00863
-2.32419
-2.65964
-2.23945
-1.52968
-1.57928
-2.98841
-2.76164
-1.99515
1.44190
-1.78686
-3.04099
-2.61898
-2.78228
-3.34085
-2.29557
-2.59998
-2.54670
-1.28481
-2.58045
-1.10997
-2.37550
-2.38400
-2.87775
-0.67847
-2.67520
-2.33628
