7.82515
3.08694
1.82696
4.09102
5.91021
7.63821
4.78100
2.59437
0.48884
4.49289
2.47775
1.88524
2.24635
1.54927
7.89705
-1.05996
7.15796
3.94273
4.87612
4.73537
2.41875
2.21009
3.58936
6.19483
2.45238
5.95311
3.54219
4.61581
3.05743
3.34325
3.55582
2.80167
0.83620
1.67596
5.53901
6.36593
4.76687
3.03190
3.87399
2.62564
4.12358
3.69199
0.40244
1.77655
3.03098
-1.14441
2.90345
2.69478
0.29019
1.31221
4.17926
2.06901
3.99117
0.36014
4.60705
6.36546
4.16693
2.07785
4.34914
-0.00721
2.03424
1.28048
-0.37257
2.65067
1.25225
0.81287
5.54058
1.16437
2.80265
-1.45661
-0.13368
6.62258
1.11805
3.61142
1.66300
3.44953
3.27471
3.98952
4.17076
-0.48908
0.84241
1.93501
0.82092
-0.46335
4.39795
1.02957
-0.79253
0.28539
2.64925
4.92886
3.16693
3.86278
7.72383
3.45958
2.63679
3.81054
2.40791
3.49046
0.87943
2.47348
-1.06425
5.09374
2.14502
1.90052
2.25577
0.88071
1.62588
0.41137
4.52511
5.36656
1.21629
-1.18407
1.98814
1.06206
1.58352
4.09654
3.43380
6.00857
7.89705
4.80589
5.12432
-0.06435
1.12160
3.17386
1.10030
0.82810
7.38817
7.46641
3.81278
7.89705
1.81564
1.77100
5.42396
2.97360
3.10156
4.97551
3.37518
-0.62751
6.00115
3.33108
4.34160
2.15570
3.75076
6.27579
6.97036
1.02385
4.38941
2.72298
6.49542
3.09243
1.63109
4.11006
3.22156
6.09452
2.94011
1.17432
5.86846
0.33184
3.43511
3.05853
1.86265
3.50402
2.40369
3.12331
2.37046
3.04225
0.21181
2.56016
2.59540
1.03100
2.04349
4.37044
1.42985
0.23465
3.13740
0.72516
1.52425
-2.35700
5.15939
1.66660
1.37764
2.70954
3.02378
2.96492
2.49135
2.77147
0.43199
2.83822
2.50028
4.46178
-1.36901
3.06598
-0.96133
2.15572
3.11301
