-0.61530
-3.53576
-2.08945
-0.61058
-1.51803
-1.33214
-1.98076
-2.36871
-0.70123
-1.91110
-2.95906
-1.75391
-3.01319
-0.77849
-2.34671
-0.78548
-1.52950
-1.82774
-1.84794
-2.29725
-1.37406
-1.52311
-2.48559
-1.83227
-1.96383
-2.57230
-1.53929
-1.64074
-1.67223
-1.23652
-1.85774
-1.91558
-2.13784
-1.52179
-2.62566
-1.60674
-0.71950
-1.91254
-2.01358
-1.90661
-1.78458
-2.32997
-1.46906
-2.49416
-1.94433
-2.65863
-2.24102
-1.31943
-2.22357
-3.24820
-2.05007
-2.97020
-2.52931
-0.22147
-1.92486
-1.37997
-2.06721
-2.88941
-0.91559
-1.73341
-2.04891
-2.04723
-1.19257
-0.79032
-1.74728
-2.04390
-1.88299
-1.94802
-2.60396
-1.68832
-2.12164
-0.99159
-0.96399
-1.67596
-1.17122
-0.89267
-0.16891
0.44941
-2.29595
-2.75615
0.06517
-2.19845
-1.71912
2.03771
-2.67594
-1.28350
-2.56103
-2.04535
-1.55305
-3.25606
-2.37617
-1.68867
-2.71384
-0.90840
-1.73738
-0.63701
-1.88125
-2.87238
-3.44666
-0.87770
-2.44633
-1.96465
-2.17670
-1.39980
-0.93015
0.32685
-1.68676
-2.89277
-1.79130
-1.20935
-1.19214
-1.42067
-1.54471
-2.23546
-2.97167
-2.43048
-1.01748
-3.19499
-2.95876
-1.44886
-2.45714
-2.08361
-1.58059
-0.47621
-1.46859
-2.18594
-2.39831
-3.31758
-2.99813
-1.65800
-2.00202
-2.05515
-2.76054
-0.53981
-1.93690
-3.56443
-0.39430
-2.64857
-2.63571
-2.28206
-2.07337
-1.05007
-1.23673
-2.83553
-2.01120
-3.12730
-1.72302
-2.87725
-2.68221
-2.04439
-3.55756
-1.60605
-1.75762
-1.80753
-1.41721
-0.37717
-2.08628
-1.58817
-1.37740
-1.51417
-0.28863
0.31037
-1.85808
-3.01118
-0.12507
-0.09197
-2.65702
-1.74955
-1.34379
-3.01976
-0.25054
-1.71080
-0.87504
-1.99469
-3.16912
-2.12246
-1.41586
-1.93284
-1.10165
-2.36107
-2.63671
-2.04644
-2.32483
-0.32441
-1.15199
-1.21779
-2.14838
-1.97823
-1.14253
-2.55701
-0.53445
-2.61297
-1.53626
-0.20806
-0.70024
-1.33840
-0.79860
-1.21756
-1.73736
-2.57949
-2.60716
-1.54348
-2.26388
1.41810
-1.84371
-1.66676
-1.52386
-2.53950
-1.56452
-2.19288
-2.18795
-2.51004
-2.46951
-2.83231
-2.12059
-1.74027
-2.75460
-2.28518
-0.17313
-1.36831
-2.13912
-2.22008
-2.81078
-2.68808
0.45874
-3.11526
-1.16911
-2.64726
-1.23042
0.79168
-2.53998
-1.85990
-1.75849
-2.22176
-1.55110
-2.02300
-2.96015
-2.03640
-3.43132
-1.50407
-2.24828
-1.31365
-2.69532
-3.70533
-2.05382
-0.63753
-1.73493
-1.17551
-2.08090
-2.53267
-2.74991
-1.47039
-2.82413
-1.10454
-2.38128
-2.70572
-2.82405
-2.20938
-2.20963
-1.86157
-0.34411
-0.91243
-2.74184
-0.63190
-2.16543
-0.53209
-2.80846
-2.82688
-2.51404
-2.61093
-2.56012
-2.18489
-2.93935
-1.44024
-1.73398
-2.15340
-0.80383
-2.57113
-2.32784
-2.35289
-1.51253
-2.25748
-2.23740
-1.56410
-1.24731
-2.46225
-2.48677
-1.85628
-2.00146
-2.04639
-2.15441
-1.26223
-1.95221
-0.78499
-1.44293
-1.94178
-1.10014
0.58974
-2.77621
-1.46550
-1.91828
-2.31065
-2.13555
-1.93077
-2.27623
-0.41865
-2.56908
-0.18468
-1.91917
-0.40637
-2.63119
-2.08338
-2.60668
-2.17196
-2.91574
-2.90874
-0.72171
-1.32126
-1.91310
-2.15893
-0.66800
-0.81853
-1.66184
-2.25893
-2.74257
-1.47595
0.42399
-1.60412
-2.11752
-2.73890
-1.83223
-1.70572
-2.10869
-1.12538
-0.60610
-2.65299
-1.89743
-2.40348
-1.67721
-0.96361
-1.22584
-1.84404
-2.48333
-1.07341
-0.54316
-1.96383
-0.64039
-2.28556
-1.55461
-2.73604
-1.80691
-0.86246
-2.67189
-1.49526
-0.70145
-1.99018
-2.06131
-2.32347
-2.38602
-1.95510
-3.13381
-1.66531
-2.91990
-0.76673
-2.00836
-2.85333
-1.64527
-2.44960
-2.79734
-1.23282
-2.06344
-1.05729
-2.45260
-3.41364
0.22883
-1.53812
-2.48189
-1.78717
-2.23669
-0.82128
-1.76547
-1.63666
-1.49653
-2.19189
-1.86232
-2.55309
-2.52841
-1.24845
-0.45427
-1.46183
-1.93119
-1.96916
-1.49017
-1.20461
-1.44735
-1.27082
-2.17592
-2.54666
-0.97645
-1.42616
-0.92859
-0.80785
-0.49753
-2.36455
-2.84754
-1.38305
-1.63631
-2.24861
-2.86125
-0.61191
-0.27853
-1.83922
-1.36572
-1.76632
-3.01511
-2.49383
-1.44025
-1.70017
-1.10642
-1.27099
-2.39472
-2.01697
-0.62952
-1.76830
-2.06514
-1.91560
-1.88007
-1.93708
-0.31267
-0.56903
-1.12117
-2.69831
-1.57145
-3.12152
-2.08339
-1.17796
-0.31645
-2.81843
-0.57377
-1.95036
0.58776
-2.57720
-0.81459
-1.92003
-1.86450
-1.80973
-2.68632
-1.29995
-2.84977
-0.18526
-1.60577
-1.74593
-2.03486
-2.18084
-2.50389
-1.35050
-1.13917
-1.91399
-1.47322
-1.85485
-1.26635
-2.11169
-1.21415
-0.55935
-1.72240
-2.83251
-0.57409
-1.12831
-2.88462
-1.16718
-0.79035
-0.00198
-1.91790
-0.34001
-2.49436
-1.77624
-1.57738
-2.16775
0.31030
-1.65957
-2.30034
-0.69817
-2.31099
-1.92700
-0.69039
-0.97535
-0.96313
-1.59177
-1.49708
-0.26037
-2.45714
-2.07787
0.66000
-2.22332
-1.18388
-1.87850
1.02595
-2.16072
-0.48237
-1.91627
-2.46132
-0.64231
1.18375
-0.86869
-3.07665
-2.08804
-2.20422
-1.49434
-0.85386
-2.91595
-1.53433
-0.83769
-1.23367
-2.55757
-2.02143
-0.85904
-1.50080
-3.31468
-3.12150
-1.69602
-1.51395
-2.31800
0.34198
-2.28201
-2.43738
-1.72789
-0.81693
-1.91418
-2.01785
0.83452
-1.34314
-1.77979
-2.24224
-2.23318
-1.55220
-2.17949
-2.59992
-2.30032
-0.52460
-2.38226
-0.39567
-1.00601
-1.21277
-2.89851
-1.60444
0.82359
-1.05478
-1.99679
-1.78212
-1.87160
-1.21721
-1.20452
-0.43910
-2.14477
-0.65544
-1.65180
-1.93509
-1.82094
-0.88212
-2.83897
-3.22866
-2.53567
0.12195
-2.11159
-1.99241
-0.77566
0.49620
-2.02067
-1.58520
-1.19952
-1.83479
-3.77391
-2.37418
-2.48322
-2.34584
-0.41050
-1.23922
-1.98262
-2.61849
-2.03795
-1.65632
-2.86502
-0.72303
-1.50256
-2.49438
-1.87012
-1.24745
-1.86216
-1.43829
-0.18598
-1.69147
-2.59757
-1.14204
-0.92833
-0.70888
-1.57124
-2.03273
-0.76850
-2.99216
-2.85105
-1.68167
-2.12225
-1.62645
-1.21972
-1.65331
-1.50037
-2.01161
-2.47544
-0.62711
-2.83460
-1.17724
-0.87777
-2.76625
-2.99139
-0.52920
-2.94614
-2.05920
-2.39816
-2.04834
-2.39873
-2.11026
-0.97452
-1.65993
-1.33190
-1.04745
-2.32311
-2.47302
-1.15229
-0.66056
-3.00589
-0.85843
-2.02510
-2.31033
-2.07800
-1.66409
-2.04082
-1.22549
-2.60125
-3.11322
-0.29672
0.60374
-0.57534
-2.17025
-1.60797
-1.70866
-1.55662
-1.25715
-1.57685
-2.20147
-1.57301
-1.47464
-1.58954
-2.67652
-2.15787
-1.18214
-1.04023
-3.11137
-2.15830
-2.12054
-1.10185
-3.42129
-2.59213
-3.08301
-1.49996
-2.36555
-1.32013
-2.42332
-2.82002
-1.58311
0.16698
-2.18940
-1.72586
-0.47383
-2.04774
-2.53156
-1.86822
-1.32832
-2.12403
-0.32037
-1.86029
-1.69546
-1.76917
-0.48135
-1.64522
-2.31175
-0.90298
-2.51815
-1.42060
-2.24278
-1.07693
-2.33367
-1.69795
-2.43776
-1.72178
-1.45071
-1.65929
-1.27775
-1.72029
1.02163
-3.22544
-3.02740
-1.58191
-2.43373
-0.66480
-1.26669
-1.64898
-1.95206
-2.44012
-1.78892
-1.77169
-1.39746
-2.15668
-0.67825
-0.94185
-0.37730
-1.28958
-2.92732
-0.08538
-2.02471
-1.76903
-2.47173
-1.11962
-0.16929
-2.83901
-1.01036
-2.51345
-1.48962
-1.23735
-1.54417
-2.48125
-0.70380
-1.92360
-1.24278
-2.04446
-2.20025
0.25485
-1.80821
-2.13480
-2.56765
-2.17899
-0.38350
-0.51835
-1.14234
-1.22816
-2.07852
-0.90695
-1.44223
-2.19872
-1.79013
-1.79426
-2.44500
1.61462
-2.07493
-2.22027
-0.91380
-1.60099
-0.17353
-2.44111
-2.03145
-1.67615
-2.13558
-1.01661
-2.41902
-1.76994
-1.01806
-1.93367
-1.59601
-1.62680
-1.44099
-2.00802
-3.01718
-1.93435
-1.01166
-1.85410
-2.18213
-2.21268
-1.98907
-0.82487
-1.75723
-1.75905
-1.89364
-2.11905
-2.29860
-1.38845
-1.30171
-1.78763
-1.28242
-2.18732
-1.15902
-2.76051
-3.63449
-2.11067
-2.09787
-2.09713
-0.62291
-1.77318
-0.99708
-0.89459
-0.52521
-0.56271
0.80977
-2.56893
-2.34017
0.08523
-2.64165
-2.41298
-1.74267
-0.26347
-0.99900
-0.54448
-2.30904
-1.65324
-0.86501
-2.99572
-1.39607
-1.60161
-2.76744
-0.73859
-1.81180
-0.36205
0.98776
-0.74564
-3.41325
-2.05441
-1.80442
-0.86437
-1.29736
-1.18141
0.71010
0.14731
-2.28005
1.15933
-2.74675
-2.41049
-2.27946
-0.76339
-2.03926
-0.53111
-1.00667
-1.01827
-1.01183
-2.53297
-3.25340
-2.47141
-2.13044
-3.12701
-0.99285
-0.95837
-1.60542
-2.81768
-1.96835
-1.46158
-1.47857
-1.87475
-1.69819
-3.32411
-1.97117
-1.48390
-2.88160
-1.95662
-2.00443
-1.19553
-1.54092
-2.17607
-1.12557
-2.24099
-1.21349
-2.17209
-2.19514
-2.44791
-2.71470
-0.53510
-1.33848
-0.26790
-2.23661
-2.67552
-0.26582
-1.47982
-1.41151
-0.19088
-3.08512
-2.80682
-2.73126
-1.92126
-1.37290
-0.84452
-2.29990
-0.80000
-2.76330
-1.22347
-2.45089
-2.04945
-0.07129
-1.24055
-1.77726
-1.14737
-1.85715
-1.96586
-1.97385
-0.61066
-2.74180
-1.69044
-1.09441
-1.36613
-1.71033
-2.39748
-2.97154
-2.86067
