1.92664
2.79372
2.77295
2.09925
1.02636
2.79092
1.00972
-0.04446
1.72178
2.28339
3.44094
2.94393
3.50929
1.75938
1.80587
-0.69896
3.12293
1.96564
1.10810
2.43025
2.65808
5.42916
-0.02149
1.77304
2.41376
1.34731
-1.76261
4.19074
1.25297
0.24480
3.55288
1.49550
1.43783
-0.61358
1.47055
2.28104
1.50064
2.15596
3.03524
6.75475
0.09189
3.15735
4.15844
1.51654
6.27082
3.11972
3.93801
2.58770
-0.39680
2.92931
1.19763
3.76760
2.94506
1.22943
3.10915
4.88011
1.81235
2.51584
1.09319
-0.90421
0.94204
0.37776
0.97919
0.32768
1.07547
2.57848
0.05278
1.39857
0.43920
0.36073
1.50368
2.62003
1.99258
1.83475
-1.98520
3.35259
-0.13035
0.87338
3.66254
2.52112
-0.26875
2.04734
-1.89598
2.42225
1.79721
0.17363
4.62615
4.41405
-0.29334
2.58751
2.59934
0.54181
-0.36714
0.74519
0.30484
2.11119
1.85593
-0.55293
-1.30781
-1.61455
1.40198
0.17324
0.31480
0.07679
2.66802
6.08988
3.83183
2.13686
2.28909
4.03014
0.84327
2.73711
5.23998
-0.06344
4.48737
2.69727
-1.46906
-2.23743
3.83059
0.03303
5.12136
5.87551
6.14687
2.29388
-1.79572
3.92822
3.34023
-1.13549
4.10934
2.67160
2.86530
2.14241
-1.03750
1.90241
0.82828
2.82800
4.31388
2.27472
2.29082
3.04102
2.37653
0.56562
3.59489
-0.41214
0.06612
0.57548
1.86335
3.05916
0.46961
2.08057
0.02346
2.64108
3.02535
0.25414
0.50440
2.71929
-1.20299
-1.20571
1.56702
2.03132
5.16464
-0.62033
-0.75790
4.11296
1.54482
2.69207
1.34084
3.70946
-0.61790
1.17393
2.49067
1.64197
2.40654
3.08361
0.25167
2.10321
3.68515
8.19436
4.89546
1.64386
