-1.79889
-1.48153
-2.32221
-1.88672
-0.13028
-0.83431
-1.11794
-2.01445
-2.17004
-1.72907
-1.51262
-1.30326
-1.62732
-1.47673
-1.41722
-1.62867
-1.64149
-0.73525
-1.45214
-1.64961
-2.30314
-1.48115
-1.63048
-1.30304
-1.79102
-1.25188
0.25797
-0.92578
-0.46804
-1.62351
-1.03908
-1.65787
-1.25267
-1.17445
-1.00312
-1.52897
-0.19869
-1.54753
-0.17905
-1.13454
-0.70209
-1.55142
-0.42421
-0.46455
-1.43052
-2.34719
-1.34305
-1.48804
-1.86599
-1.75317
-0.92299
-1.33998
-0.95684
-1.17271
-1.64011
-0.41299
-0.59358
-2.02283
-2.45484
-1.85871
-1.00385
-0.18514
-0.92650
-1.75413
-1.53870
-1.31020
-1.78208
-1.76412
-1.52102
-2.25692
-2.50763
-0.79180
-1.13893
-2.27274
-1.18515
-1.73689
0.27469
-1.35471
-1.99336
-2.05552
-1.39638
-1.85244
-1.91158
-1.60780
-1.05738
-0.77986
-1.41380
0.31162
-1.08382
-0.92045
-0.87996
-1.59980
-0.29641
-0.57170
-0.74829
-1.60112
-1.24863
-1.61482
-1.62296
-0.83364
-1.19615
-1.62561
0.00430
-1.41224
-1.34070
-1.92110
-1.27232
-1.50238
-1.37905
-1.99940
-1.53623
-0.89794
-0.82779
-1.75359
-0.73421
-2.35007
-1.71532
-1.16351
-1.59618
-1.56207
-2.06413
-1.26483
0.03390
-1.89151
-1.70642
-1.84009
-2.34041
-1.48141
-1.34646
-1.36664
0.65996
-0.31549
-2.10260
-0.98991
-1.78466
-1.43642
-1.27605
-1.74381
-1.87101
-0.95916
-0.59228
-0.01964
-0.99439
-0.76139
0.66779
-1.16035
-1.31529
-1.67040
-1.32767
-1.49162
-1.96274
-1.36696
-1.96656
-0.96462
-1.85212
-2.21620
0.11911
-0.74704
-1.58625
-0.88424
-1.27219
-1.71351
-1.22884
-2.12770
-1.20060
-2.22228
-1.34295
-1.93286
-1.61430
-1.57153
-1.04263
-2.15195
-1.68493
-1.33027
-0.68237
-1.19296
-1.80136
-2.25233
-0.92583
-2.06725
-1.36636
-1.79114
-0.97105
-1.72544
-1.10769
-1.40446
-2.06752
-2.02587
-0.61612
-0.98696
-1.33349
-1.07144
-1.49485
-0.81194
-0.66755
-1.96394
-1.12995
-1.26364
-2.12890
-1.45273
-1.80068
-2.25361
-2.02291
-2.04770
-1.23124
-0.44145
-0.53974
-1.34726
-1.30402
-1.42339
-1.66304
-1.83121
-2.25222
3.39770
-1.24793
-1.71318
-0.63322
-2.17519
-1.65323
-1.66265
-1.86527
-1.23690
-2.48909
-2.37489
-2.20169
-1.72558
-0.18682
-1.21085
-1.71668
-2.36408
-1.74316
-2.02429
-0.99806
-1.16995
-1.13043
-1.81337
0.72182
-1.33481
-1.29116
-2.22952
0.31980
-0.66819
-1.70381
-1.39535
-1.73548
-1.55621
-1.50742
-1.58586
-1.50403
-2.08691
-1.74458
-0.28983
-1.83171
-0.99368
-1.35589
-1.44152
-1.96300
-1.19701
-1.51979
-1.57276
-1.76638
-0.06791
-1.54003
-1.68429
-1.17917
-1.36398
-1.57516
-2.00882
-1.91106
-0.96695
-1.69863
-2.25401
0.90795
-1.12235
-1.86677
-1.72713
-0.91414
-1.11128
-1.05769
-2.28432
-1.89413
-1.97249
-1.55909
-1.00244
-1.58469
-1.46570
-1.91008
-0.57839
-1.61121
-2.21254
-1.18671
-1.80064
-1.48640
-1.44109
-2.05634
-1.51551
-1.21670
-1.07084
-0.56735
-1.97731
-1.19283
-1.22903
-1.62676
-0.85415
-1.72302
-2.19607
-0.13582
-0.44635
-0.56288
-1.80732
-0.91728
-1.32705
-0.97723
-0.61196
-1.70573
-1.74524
-1.30325
-1.26847
-0.95537
-1.60712
-2.09694
-2.38362
-0.81166
-0.37086
-1.67086
-1.64375
-1.84295
-1.00157
-1.22418
-1.25508
-0.99600
-1.54314
-1.51623
-1.78764
-1.51088
-1.06098
-1.66041
-0.67019
-1.66086
-0.66919
-1.41345
-1.58297
-2.12272
-0.38998
-1.74043
-1.67150
-1.24600
-0.94135
-0.61074
-1.83267
-0.88213
-1.62873
-1.57546
-1.41462
-1.16872
-1.56687
-1.22554
-2.34102
-1.70704
-1.97715
-1.37658
-0.54097
-0.97874
-1.81536
-2.14655
-1.41314
-2.09319
-1.36171
-2.16981
-0.19301
-1.67827
-0.74760
-0.56145
-1.25893
-1.92504
-0.50421
-2.17393
-1.49492
-2.15975
-1.48010
-0.92670
-1.57287
-1.41073
-1.53032
-0.87088
-0.91645
-1.18934
-1.79121
-0.39053
-1.08836
-0.95965
-1.51748
-1.69123
-1.77517
-0.26492
-1.03293
-1.79931
-2.07239
-1.59589
-0.11331
-1.98103
-1.95631
-1.59939
-1.83316
-0.76105
-1.94904
0.00550
-1.80666
-1.10349
-1.25816
-2.01449
-1.95981
-0.53615
-0.88816
-0.60546
0.09655
-0.91152
0.79682
-2.42521
-2.47946
-1.92881
-0.85454
-1.40804
-2.02117
-1.72816
-1.02718
-1.10085
-1.24156
-1.76326
-0.56687
-0.32717
-0.45974
-0.80217
-1.17007
-1.11454
-1.87361
-1.35789
-1.15763
-1.73636
-1.94430
-2.31792
-2.14565
-1.41737
-1.90489
-1.97195
-0.55619
-2.18790
-1.90484
-1.27208
-2.10427
0.21571
-1.83070
-0.20467
-1.41899
-2.13869
-1.04507
-1.07448
-1.35582
-1.92993
-1.37323
-1.06469
-1.60874
-0.62969
-2.18948
-1.11263
-1.11293
-2.28821
-2.13020
-1.38135
-0.64647
-1.15567
-2.11580
-0.57327
-2.28089
-1.29859
-0.88338
-1.41439
-1.94331
-1.67703
-1.68495
-0.57534
-1.37690
-1.00839
-1.74565
-0.20831
-0.88133
-1.94497
-1.88675
-1.68907
-1.69327
-2.15648
-1.26144
-1.82403
-0.94109
-2.00901
-1.30525
-1.49212
-1.49626
-0.76904
1.24465
-2.48990
-1.85387
-2.10616
-1.59795
-2.08633
-1.35902
-1.69286
-1.43122
-1.25785
-1.77523
-1.54545
-1.98022
-1.47057
-0.07650
-1.75576
-1.59394
-1.60752
-1.55965
-1.74857
-0.50853
-0.74442
-0.86435
-1.54612
-1.70965
-2.11972
-0.79159
-0.61827
-1.43995
-1.40635
-0.12735
-1.00640
-1.91820
-1.39217
-0.14682
-0.50788
-1.19818
-1.26634
-0.49486
-1.08031
-0.97461
-1.44902
-0.75271
-0.56097
-0.64128
-1.31023
-1.80179
-1.29473
-1.94885
-1.53636
-1.18399
-1.89867
-1.60006
-1.87492
-1.70725
-1.31085
-0.31332
-1.08231
-1.21705
-1.40493
-2.19202
-1.34445
-0.88251
0.87000
-1.84603
-1.77905
-0.16104
-0.61346
-2.07806
-1.38304
-1.42122
-1.26059
-1.45534
-1.71575
-2.25471
-0.88257
-1.23348
-1.49720
-0.92511
-1.44069
-1.38343
-1.68593
-1.41631
-0.54694
-1.34653
-1.57000
-1.15016
-0.88059
-0.79625
-1.37533
-0.94389
-0.46152
-0.70596
-1.82748
-1.38028
-2.00568
0.00622
-1.78817
-1.15575
-1.30407
-1.19684
0.31836
-1.08981
-0.56516
-1.76100
-1.30829
-0.29920
-1.27513
-1.73780
-1.99581
-0.47867
-0.57077
-1.69357
-1.88838
1.11809
-2.08911
-1.01770
-1.93005
-1.27770
-1.29447
-2.11453
-0.51428
-1.74029
-1.50283
-1.33462
-0.24558
-1.49555
-0.61233
-0.46353
-1.13781
-1.49428
-0.64734
-1.38191
-0.65022
-2.21555
-1.96382
-1.13275
-1.14721
-0.87926
-0.61702
-2.19971
-1.35427
-1.37209
-0.86232
-1.30672
-1.85507
-0.72942
-2.05473
-1.51920
-1.33206
-1.79896
-1.65241
-1.45850
-1.91305
0.25199
-2.06661
-1.60362
-1.20243
-1.72176
-1.98886
0.87531
-0.45172
-2.07064
-1.25171
-1.59964
-1.52729
-1.41725
-1.57191
-0.85455
-1.80341
-1.60998
-0.74466
-2.13287
-1.65970
-1.30293
0.65409
-1.43258
-1.16694
-1.65657
-1.61381
-1.49677
-1.68033
-1.60004
-1.29276
-2.35703
-2.18805
-0.34251
-0.84034
-2.07132
-1.27545
-2.15117
-1.51540
-0.99072
-0.11053
-1.95370
-0.70631
-1.67501
-2.38245
-2.01658
-0.99266
-1.83923
-1.20891
0.44249
-0.30208
-1.98290
-2.29215
-1.57770
-1.06621
-1.28482
-0.77100
-1.30510
-0.70377
-0.75629
-1.84743
-2.24353
-0.91455
1.84371
-0.59130
-1.27686
-1.27368
0.47124
-1.16303
-2.50193
-1.89943
-2.06349
-0.79281
-0.32373
-2.06829
-0.46785
-1.24780
-0.77493
-1.49640
-1.26066
-1.34792
-1.79696
-0.13063
-2.13279
-0.49019
-1.54472
-1.92725
-2.05325
-1.08707
-0.95476
-1.09937
-1.62933
-1.09865
-1.10080
-1.56075
-1.03492
-0.99700
-0.68461
0.31805
-1.03119
-0.84872
-2.01973
-1.66404
-1.58174
-1.79626
-1.34624
-1.31636
-0.16881
-1.98839
-0.86345
-1.23394
-1.58570
-1.61626
-1.27583
-1.98518
-1.31254
-2.00882
-1.69291
-1.43742
-2.06281
-1.80639
-2.00258
-1.93903
-1.27797
-2.01602
-1.01303
-1.29776
-0.30964
-0.39854
-0.91514
-1.90382
-1.44540
-0.19817
-1.71631
-1.67526
-1.84540
-1.06740
-0.61601
-2.02576
-1.84079
-0.66404
-1.24695
-1.03502
-1.00394
-1.92928
-1.94050
-1.39269
-1.16283
-0.62422
-1.70281
-1.65998
-2.02416
-1.88942
-1.09118
-0.75228
-1.06960
-1.69241
-1.43794
-1.44461
-1.37780
-1.99512
-1.07535
-1.14356
-2.07452
-1.02534
-1.38324
-1.93213
-1.27790
-1.47602
-1.15932
-0.54398
-1.54767
-1.48525
-1.28841
-1.55262
-0.73907
-1.54043
-1.90119
-0.73793
-2.02129
-1.22533
-2.47780
0.22628
-0.74581
-0.93246
-1.07126
0.49560
-1.36767
-0.14516
-1.98414
-1.90552
-0.73746
-0.95039
-1.96150
-1.14775
-2.09783
-2.15963
-1.24657
-1.24500
-1.13294
-2.25810
-1.05056
-0.56887
-1.07330
-1.45678
-0.61479
-1.56986
-1.76421
-2.03227
-1.41223
-1.64663
-1.94669
-0.78495
-0.63044
-1.40000
-2.42741
-1.82424
0.13743
-1.31207
-1.74893
-0.69450
-1.40641
-2.06927
-1.15496
-0.94612
-1.82565
-0.86274
-1.00396
-0.96349
-0.70602
-1.24945
-1.37317
-1.06034
-2.01050
-1.16137
0.00989
-0.91927
-2.05342
-0.61835
-1.37669
0.49390
-2.16325
-1.20576
-0.79861
-1.64353
-0.73208
-0.99427
-1.21528
-2.13111
-0.65905
-2.04729
-1.03557
-0.52055
-0.77523
-1.69620
-0.36542
-1.70182
-2.19390
-2.51631
-2.05446
-1.60597
-0.61381
0.84256
-0.31092
-0.93123
-1.70760
-1.57278
-2.02214
-0.92826
-0.54182
-1.58379
-1.82586
-1.05986
-1.84590
-1.34272
-2.00563
-1.70981
-0.82499
-0.84874
-1.78346
-0.72016
-1.88548
-2.32393
-0.62058
-1.38205
-1.98322
-1.35923
-1.51675
-0.85618
-1.33006
-2.04595
-0.16282
-2.19432
-1.49087
-2.29832
-1.31082
-1.01691
-0.22221
-1.61105
-1.51709
-1.86971
-0.67023
-1.62201
-1.85713
-1.28865
-1.37799
-1.51995
-1.83373
-1.75532
-2.18815
-0.30074
-0.73576
-0.92564
-2.38742
-1.66746
-1.35447
-0.41342
-1.18659
-2.18689
-1.39759
-2.21102
-0.85768
-1.06844
-1.31582
-2.25063
-1.01715
-1.46082
-2.23063
-1.48470
-1.46492
-1.90112
-1.08490
-1.99432
-1.58808
-1.93976
-1.05134
-1.96721
-2.53619
-2.36026
-1.11584
-0.94739
-1.73886
-0.50228
-0.97403
-1.62773
-1.09975
0.18077
-1.54114
