-1.48153
-1.11794
-1.51262
-1.64149
-2.30314
-1.48115
-1.25267
-0.70209
-2.34719
-1.75317
-2.45484
-1.85871
-1.52102
-2.50763
-1.18515
-1.39638
-1.91158
-1.59980
-1.34070
-1.37905
-1.53623
-1.75359
-2.06413
-1.48141
-0.98991
-0.95916
-1.16035
-1.49162
-1.96656
-2.21620
-2.12770
-2.22228
-2.25233
-0.92583
-1.79114
-2.02587
-1.26364
-2.12890
-2.02291
-1.66304
-0.63322
-1.66265
-1.86527
-2.02429
-2.22952
-1.50742
-1.96300
-1.76638
-1.57516
-2.00882
-2.28432
-1.97249
-1.91008
-1.80064
-2.05634
-1.62676
-0.13582
-1.74524
-1.26847
-2.09694
-0.81166
-1.06098
-1.66086
-0.38998
-0.94135
-1.70704
-1.37658
-1.41314
-2.09319
-2.17393
-2.15975
-0.87088
-0.39053
-1.59589
-1.94904
-1.10349
-0.53615
-1.92881
-2.02117
-1.02718
-1.73636
-2.14565
-1.07448
-1.37323
-1.11263
-1.15567
-1.29859
-1.94331
-1.37690
-1.88675
-2.15648
-2.00901
-2.10616
-1.54545
-1.98022
-1.47057
-0.61827
-1.43995
-0.49486
-1.44902
-1.29473
-1.60006
-1.87492
-1.34445
-0.16104
-1.26059
-0.88257
-0.54694
-0.88059
-1.38028
-1.30407
-1.30829
-0.47867
-2.08911
-1.01770
-0.51428
-0.64734
-2.19971
-0.86232
-1.65241
-1.20243
-1.98886
-1.41725
-1.60998
-1.68033
-2.18805
-1.51540
-1.67501
-2.01658
0.44249
-1.57770
-1.84743
0.47124
-1.89943
-0.46785
-2.05325
-1.08707
-1.62933
-0.99700
-0.84872
-1.58174
-1.43742
-2.00258
-0.30964
-1.90382
-1.39269
-1.65998
-1.88942
-2.07452
-1.15932
-0.73907
-0.73793
0.22628
-1.14775
-1.05056
-1.94669
-1.40000
-0.69450
-1.15496
-1.16137
-0.61835
-2.16325
-0.65905
-2.05446
-1.57278
-2.00563
-0.62058
-1.35923
-1.33006
-0.16282
-1.85713
-1.28865
-0.73576
-0.41342
-1.06844
-1.46082
-1.08490
-1.96721
-1.11584
-0.97403
