-0.34058
-0.18018
-0.12164
-0.00157
-0.29449
0.02753
0.13370
-0.22697
-0.16789
-0.02929
0.06279
-0.15087
-0.18815
-0.09662
0.20732
-0.19234
0.05228
-0.05312
-0.01410
-0.25150
0.18804
-0.32307
-0.25233
-0.13336
-0.33629
-0.05051
-0.20527
0.03024
0.14369
-0.00050
-0.21481
-0.41746
-0.42772
-0.01788
-0.36446
-0.10825
-0.29253
0.08744
-0.47514
0.00550
-0.47146
-0.30413
-0.08689
0.00730
-0.00901
-0.23046
-0.21270
-0.16982
-0.09037
-0.09403
-0.28859
-0.05066
-0.19860
-0.16398
-0.00674
-0.08669
-0.11074
-0.37778
0.00997
0.09395
-0.00157
-0.10968
-0.07525
-0.15017
0.00993
-0.03622
-0.34598
-0.28204
0.01702
-0.15913
-0.22327
0.02094
0.08819
-0.07253
0.03448
-0.32804
-0.24573
-0.02884
-0.27152
-0.29642
-0.57620
-0.08667
0.02893
0.07098
-0.02204
-0.43414
-0.45834
-0.04649
-0.12959
0.07241
0.02407
-0.03500
-0.42872
0.05492
-0.13345
-0.16837
-0.18558
-0.00917
-0.22144
0.11330
-0.21446
-0.11496
-0.34195
-0.48382
0.12797
0.26312
0.12977
0.01058
-0.29407
-0.37763
-0.42036
-0.24011
0.20852
-0.21220
-0.02585
0.01663
0.02800
-0.08576
-0.07783
-0.32406
-0.01248
-0.34313
-0.33330
0.00728
-0.12858
-0.05631
-0.09711
-0.18515
-0.02508
-0.17180
-0.05105
-0.21217
-0.04031
-0.11893
-0.11603
-0.06461
-0.24926
-0.40770
0.01943
0.05777
-0.36190
0.04698
0.00608
-0.04775
-0.28783
-0.10095
-0.03550
-0.18349
-0.32135
0.19403
-0.08794
-0.17281
-0.28116
-0.12504
-0.27128
-0.00460
-0.06901
-0.33711
-0.04022
0.07523
-0.28549
-0.06415
-0.12612
0.02649
-0.37227
-0.10089
-0.18192
-0.10677
-0.14012
-0.06404
-0.04286
-0.19197
-0.48795
-0.27188
0.03909
0.00189
-0.04451
-0.16924
-0.01135
-0.04669
-0.15067
-0.04028
-0.23793
0.16370
-0.19301
