-0.34058
0.11925
-0.01086
0.04372
-0.09538
0.14855
-0.00580
-0.19261
-0.03175
-0.18018
-0.36566
-0.12164
0.24627
-0.11411
0.05433
-0.00092
0.14285
-0.16710
-0.00157
-0.25537
-0.03183
-0.29449
0.02753
-0.09234
-0.11969
-0.15605
0.32094
-0.07922
0.09058
0.25887
0.00333
-0.02287
0.23002
-0.08380
-0.20320
0.13370
-0.14092
-0.22697
0.04544
-0.30298
0.16287
-0.16789
0.03687
0.08073
-0.20816
0.11426
-0.10835
-0.02929
-0.16605
-0.11621
0.06279
-0.07344
-0.07985
-0.29154
-0.05212
-0.09842
-0.15918
0.02930
-0.15087
-0.18735
0.01379
0.12345
0.11162
-0.42720
-0.18815
-0.00430
-0.19728
-0.09662
-0.24838
-0.11728
0.20732
-0.03932
-0.02173
-0.20183
0.01017
-0.14210
-0.16448
0.14565
-0.19234
0.25397
-0.30972
0.13520
-0.12844
0.29122
-0.21268
0.05228
-0.21077
-0.02627
0.01396
0.19963
-0.31935
-0.05312
-0.04963
-0.36375
0.08361
-0.35606
0.26163
-0.20669
-0.01410
-0.01306
-0.01105
-0.29863
-0.25150
-0.04685
0.23814
0.21100
-0.07542
0.01983
-0.31871
0.18804
-0.10624
-0.24067
0.08559
-0.27478
-0.32307
0.13253
-0.12795
-0.25233
-0.08368
0.20103
0.05920
-0.13444
0.07605
-0.33735
-0.13336
-0.12453
-0.33629
-0.13260
0.01099
-0.01121
-0.02061
0.06012
-0.05051
0.05621
-0.49382
0.24600
-0.13307
0.12424
-0.08218
-0.20527
-0.16865
0.24148
-0.12969
0.13153
-0.21153
-0.52101
0.03024
-0.01760
0.06788
-0.07831
0.14369
-0.06806
-0.00050
-0.19127
-0.15136
0.27388
0.11879
-0.19521
-0.21481
-0.07731
-0.41746
0.12185
-0.41726
0.13850
-0.27205
-0.04353
0.35074
-0.10411
0.04072
-0.02665
-0.42772
0.36764
-0.17077
0.11042
-0.07224
-0.16401
-0.01788
-0.03979
0.30129
0.11061
-0.11568
-0.36446
0.38445
-0.21563
-0.10825
-0.02730
-0.24474
0.23031
0.03007
-0.02752
-0.30785
0.06083
-0.29253
-0.24912
0.04720
-0.35165
-0.01213
-0.02269
0.13682
-0.24336
0.04003
0.25002
0.12232
-0.67475
0.08744
-0.13538
0.06464
-0.33096
-0.19514
0.02521
-0.47514
-0.25852
0.18463
-0.05662
0.00550
-0.27784
0.07024
0.09371
-0.59009
0.27136
0.13146
0.09281
-0.14152
0.07741
-0.20942
0.01591
-0.47146
0.12802
0.25618
-0.13352
-0.30413
-0.14424
0.09929
0.28477
0.00337
-0.25138
-0.08689
-0.01100
0.00730
-0.10863
0.14517
-0.00901
-0.30620
0.00051
-0.23046
0.22361
0.12932
0.13496
0.02820
-0.32012
-0.41545
-0.05742
-0.14809
0.07332
0.16996
-0.50553
-0.21270
-0.43702
0.02944
-0.05197
-0.16982
0.02683
-0.09091
0.02106
-0.27339
-0.14470
0.18034
-0.03830
-0.09037
-0.01892
0.08088
-0.24596
-0.09403
-0.03467
-0.07940
-0.09385
0.02640
-0.22255
0.29278
-0.32444
-0.28859
0.10925
-0.01017
0.25043
0.17138
-0.61131
-0.05066
0.35445
0.36221
-0.32336
-0.19860
-0.16398
-0.00674
-0.35703
-0.25032
-0.07248
0.00316
-0.06103
0.13553
-0.06543
-0.08669
0.12183
0.01134
0.27881
-0.03531
-0.42941
-0.11074
0.35155
-0.04628
0.03087
0.02251
-0.24466
-0.12752
-0.37778
0.00997
-0.23580
0.22448
0.03763
-0.34142
-0.33947
0.02301
0.02936
-0.08101
-0.00303
0.21880
-0.54110
0.09395
0.00931
-0.09596
-0.00157
0.02216
-0.00002
0.24813
-0.11798
-0.01802
0.09047
-0.10682
-0.10968
-0.36128
-0.07525
0.08371
-0.14363
0.00849
-0.15751
0.19928
-0.04645
0.38695
-0.07997
-0.15017
0.00993
-0.03622
0.04062
-0.42757
-0.34598
0.28954
-0.27443
-0.06871
0.11168
0.08047
-0.07864
-0.24344
-0.28204
0.44963
0.10480
-0.07179
-0.16777
0.15090
-0.09205
0.16523
-0.24041
0.01702
-0.32258
0.10919
-0.15913
0.05634
-0.16036
-0.24708
-0.03495
-0.03664
-0.22327
0.12396
-0.10178
0.02239
0.09530
-0.06743
0.05278
-0.05849
0.16127
-0.28727
0.02094
-0.01037
-0.11865
0.28594
-0.40889
0.08819
-0.09677
-0.22909
0.40527
-0.02796
-0.36058
0.31363
-0.13689
-0.07253
-0.12164
0.24049
-0.20666
0.03259
0.11996
-0.09545
-0.12170
-0.09528
-0.17583
-0.10505
-0.07453
0.01357
-0.42261
0.03448
-0.08923
0.26834
-0.07539
-0.32804
0.22746
-0.24573
-0.10455
-0.00688
-0.61734
-0.02884
-0.28625
-0.17149
-0.17478
-0.27152
-0.15055
-0.04003
-0.29642
-0.03233
0.09241
-0.10454
-0.14828
-0.22426
-0.06247
0.45120
0.11549
-0.00841
-0.42350
-0.57620
-0.08667
-0.17768
-0.12435
-0.20149
0.42763
0.02505
-0.03349
0.23388
-0.15446
0.02893
-0.14006
0.07098
-0.30991
0.07574
0.09335
-0.03362
-0.15092
0.45870
-0.46104
-0.02204
0.24294
-0.05936
-0.05868
-0.07981
-0.21360
-0.43414
-0.08854
0.16181
0.28650
-0.31137
-0.45834
-0.04649
-0.35783
-0.03635
-0.19782
0.04590
-0.12959
-0.01117
0.19478
-0.00079
0.35881
0.06533
-0.10717
0.07241
-0.00720
-0.02918
-0.22229
-0.11949
0.02407
-0.03539
-0.11454
-0.42397
0.15395
-0.05038
-0.03500
0.02939
0.16246
0.24269
-0.06581
-0.08407
-0.14753
-0.42872
0.16094
0.05492
-0.19969
0.27720
-0.15702
-0.09141
-0.02104
-0.07831
-0.19140
0.11998
0.02270
0.17401
-0.09837
-0.13345
-0.16837
-0.14433
0.04621
-0.30854
-0.18558
-0.00525
0.02884
-0.34306
-0.30965
-0.00917
0.10496
-0.05899
-0.08032
-0.08881
-0.04422
-0.28606
-0.22144
0.13562
-0.16220
0.11330
-0.25685
0.15894
-0.04806
-0.18534
-0.46290
0.05189
0.10516
-0.00215
-0.35450
-0.21446
0.19273
0.04313
-0.05057
-0.25999
-0.05566
-0.34784
-0.07038
-0.11496
-0.42197
-0.34195
-0.48382
0.06824
0.18351
-0.11944
-0.11814
-0.06746
0.20977
-0.18103
0.12797
0.08524
0.19326
-0.22009
-0.24969
0.10055
-0.14075
0.02549
0.26312
0.12977
-0.15853
0.21645
-0.20103
-0.29367
-0.16723
-0.35951
0.23273
0.01058
-0.01905
-0.01252
0.04757
0.07132
-0.12004
-0.05698
-0.29407
0.06493
-0.03402
0.02733
0.13049
0.27372
-0.04498
-0.37763
0.01579
0.27044
0.11089
-0.00506
0.04760
-0.42036
0.07032
-0.24190
-0.36125
-0.24011
0.14187
-0.23470
-0.37167
0.27953
0.20852
0.20376
0.20364
0.17068
0.06320
-0.15678
0.01390
0.01615
0.10291
-0.21220
-0.18875
-0.06234
0.45827
-0.16791
-0.04641
-0.02585
0.05375
0.27976
-0.17065
-0.15424
-0.04632
0.01663
-0.06576
0.26082
-0.36061
0.02800
0.03800
-0.07548
0.37055
-0.34433
-0.03687
-0.00140
-0.47626
-0.08576
-0.07783
-0.17843
-0.32406
0.08832
-0.05008
-0.09961
0.36627
-0.44760
-0.11625
-0.05522
-0.03225
-0.01248
-0.33326
-0.34313
-0.11145
-0.33330
0.06940
0.03104
-0.02160
0.37263
-0.07267
-0.01333
-0.24101
-0.05508
-0.17606
0.00728
-0.04810
0.18173
-0.05334
-0.25498
-0.27872
-0.12858
-0.13711
-0.05631
-0.07098
0.18147
0.16366
0.06289
-0.14447
0.03711
-0.09711
-0.00417
-0.18515
-0.02508
-0.10612
-0.05517
0.02330
-0.13297
-0.07990
-0.06656
0.36991
-0.04882
-0.18776
0.13899
-0.08999
-0.17180
-0.08957
-0.03343
-0.06092
-0.14647
-0.05105
-0.05722
-0.21217
-0.23879
-0.04887
-0.11071
0.23043
-0.58798
0.23617
-0.04031
-0.17464
0.12744
-0.11893
0.09067
-0.38209
0.21863
0.06039
-0.02472
-0.25513
-0.04246
0.02102
-0.11603
-0.01803
-0.06461
-0.03026
-0.15354
0.16270
-0.24946
-0.24926
0.09436
-0.30345
-0.40770
-0.37770
0.11874
0.01943
0.07109
-0.19427
-0.05629
0.04823
-0.33647
-0.27211
0.05777
-0.36190
0.20787
0.07957
-0.24334
-0.18248
0.12837
-0.05076
-0.16306
-0.04301
0.08523
-0.25882
0.04698
-0.06366
0.21905
-0.26864
0.19657
0.00608
-0.34250
-0.23439
0.14345
0.06819
-0.10209
-0.04775
-0.05050
-0.22425
-0.12167
-0.09564
-0.20096
0.15967
-0.16577
-0.10183
-0.06499
-0.08168
0.02817
-0.28783
-0.10095
-0.22686
0.13312
0.09803
-0.17231
-0.03550
0.01790
0.00935
-0.08323
-0.09836
-0.11982
0.19151
-0.18349
0.19562
-0.32135
0.03285
0.02442
0.14158
-0.13404
0.02523
-0.12815
0.19403
-0.30254
0.08092
-0.04247
-0.18988
0.06191
-0.11038
-0.00601
-0.32727
-0.08794
-0.04283
-0.30621
-0.17281
-0.37087
-0.35465
-0.08239
-0.09726
0.06460
0.13756
-0.17991
-0.28116
-0.44697
0.20647
-0.12504
-0.10697
0.03463
-0.27128
-0.10149
0.03159
-0.06745
-0.24191
-0.00460
-0.02218
-0.06490
-0.05122
-0.06901
-0.25322
-0.17877
0.05472
0.22354
-0.09289
-0.19365
-0.04257
-0.33711
0.20155
0.11477
-0.31853
-0.04022
-0.12859
0.13951
-0.13435
-0.20346
0.04960
-0.10895
0.09670
-0.17997
0.07863
-0.05857
-0.14998
0.07523
-0.05689
-0.19660
-0.28549
-0.06415
-0.18115
0.08758
-0.12612
0.28674
0.33826
-0.05257
-0.05075
0.17441
-0.34535
0.02649
-0.05010
-0.16108
-0.10929
-0.33044
-0.37227
0.07711
0.20017
0.00132
0.14000
-0.10089
0.15366
-0.05881
-0.18192
-0.55095
-0.41421
-0.00723
-0.00741
-0.16231
0.23732
-0.36017
-0.10677
-0.23139
-0.08403
0.07747
-0.00499
-0.03992
-0.14012
0.06562
0.09021
-0.03951
0.05362
-0.17305
-0.11049
-0.06404
0.03087
0.01336
0.10611
-0.20876
-0.01306
-0.02963
-0.21548
0.23855
0.00396
-0.04286
0.08525
-0.07280
-0.37048
0.07784
-0.19197
-0.10762
-0.14397
-0.00522
-0.13092
-0.09968
0.04387
-0.48795
-0.27188
0.06842
-0.08576
0.15813
0.01214
0.11222
-0.16465
0.03909
0.01087
0.00189
0.07998
-0.04669
0.03060
0.07796
-0.04451
0.12704
-0.02152
0.05417
0.24024
-0.16448
-0.03846
0.27772
-0.37778
-0.16924
-0.06024
-0.24140
-0.01135
0.05785
0.22806
-0.03711
0.02617
-0.03598
0.30492
-0.15693
-0.04669
-0.16617
-0.10900
-0.01611
-0.03869
-0.18023
-0.22474
-0.15067
0.04423
-0.03149
-0.40983
-0.04028
0.05218
-0.25308
0.07306
-0.23793
-0.07390
-0.19110
0.07781
0.22547
-0.12346
-0.03324
-0.08066
0.10345
-0.07513
-0.16430
0.16370
0.37440
-0.19301
