0.90706
0.55924
0.25714
0.81752
0.60159
0.17466
0.35333
0.40065
0.38463
0.64139
0.66914
0.66938
0.26563
0.22565
0.01607
0.50669
0.26597
0.05992
0.53756
0.47961
0.81598
0.58102
0.41924
0.54920
0.68234
0.51499
0.38008
0.69403
0.78209
0.32964
0.17127
0.35558
-0.02208
0.45459
0.28153
0.17695
0.64293
0.25923
0.99562
0.16880
0.84635
-0.44428
0.56045
0.50678
0.92676
0.50930
0.47725
0.35226
0.41791
0.30228
0.27722
0.62810
0.27614
0.45812
-0.05057
0.57821
0.38459
0.68310
0.33922
0.48042
0.81461
0.55366
0.56314
0.26048
0.28446
0.46510
0.79805
0.34211
0.31749
0.43930
0.14854
0.32458
0.50355
0.50381
0.46672
0.68114
0.45889
0.56476
0.39974
0.37436
0.54453
0.36521
0.06436
0.41530
0.26698
0.68892
0.59381
0.70656
0.77059
0.48782
0.24815
0.17731
0.38606
0.74154
0.26136
0.38525
0.39217
0.39026
-0.00684
0.36583
0.68995
0.24981
0.55537
0.05791
0.36078
0.21154
0.50994
0.55987
0.46996
0.54316
0.74711
0.18461
0.49022
0.42085
0.44503
0.07618
-0.16462
0.11251
0.35480
0.39363
0.67580
0.54149
0.34939
0.11112
0.10164
0.50448
0.38197
0.30307
0.60193
0.42588
0.55833
0.36272
0.55219
0.58050
0.56295
0.37436
0.30915
0.71367
-0.03232
0.56603
0.63376
0.36681
0.21060
0.35825
0.31368
0.30765
0.35213
0.30593
0.57750
0.33344
0.39468
0.27264
0.27703
0.12234
0.51135
0.17988
0.33560
-0.09064
0.25901
0.46370
0.22473
0.33085
0.67131
0.44299
0.46926
0.37442
0.41735
0.13529
0.48322
0.57211
0.28362
0.01394
-0.01602
0.35502
0.33701
0.35401
0.18202
0.40280
-0.23149
0.02272
-1.00000
0.11887
0.22844
0.36971
0.63373
0.37228
0.27559
0.39597
0.42160
-0.10581
-0.00393
0.14861
0.34533
0.30698
0.31221
0.51616
0.59758
0.45355
-0.01149
-0.01944
