-0.07929
0.52963
-1.26128
-1.24920
-1.76812
0.27843
-4.10063
-3.13636
-2.82860
-4.20969
-1.83692
-2.41344
-3.24653
-0.59215
-1.52917
-1.12865
0.17282
-2.23954
-2.53292
-1.96914
-1.71115
-0.86463
-0.89847
0.38303
-3.41501
-1.66713
-2.29119
-3.81725
-1.52282
-0.86922
0.53585
-2.75100
-3.30365
3.73506
-0.65407
-1.99253
-0.65100
-3.22062
-2.59411
-1.35939
-1.88935
-2.64998
-2.27810
-1.74129
-1.88238
-0.56405
-1.11633
-1.16578
-3.74121
-2.00616
-1.49148
-0.88760
-1.21625
-2.66414
-3.57287
-3.39823
-2.03345
-0.31878
-3.51872
-1.37225
-2.79031
-0.09937
-2.27779
-0.95790
-1.97275
-1.68039
-4.24437
-2.22346
-3.14547
-3.50923
-4.20309
-3.86332
-0.84158
-0.24161
-2.53032
-3.32597
-1.44927
-2.81810
-1.19346
-2.49461
-3.26171
-2.05722
-1.83572
-1.28326
-2.50084
-3.50666
0.35531
-2.35265
-3.02336
-1.14538
-2.35988
-1.35000
-2.81585
-3.03615
-1.20644
-2.53328
-0.95832
-2.08808
3.59511
-2.34814
-0.20644
-0.53988
0.51318
-1.00427
-3.16948
-1.90611
-2.19986
-2.30654
-2.19496
-2.89293
-3.69158
-2.81934
-3.93643
-3.88225
0.81534
-1.44493
-2.63933
-1.39720
-0.27457
-1.26003
-2.12416
-1.36503
-3.03274
-1.23968
1.91431
-1.60489
-1.82588
-3.51290
-0.51702
-1.91953
-2.17119
-1.73524
-3.27892
0.42021
-2.89674
-1.07714
-2.64674
-3.71191
-2.82258
-2.25549
-2.12977
-1.64259
1.07121
-0.78821
-3.64991
-2.56940
-2.50271
-1.50833
-1.39244
-0.40380
-3.09382
-2.83330
-2.24616
-2.54044
-1.63052
-1.78525
-3.16303
-2.56832
-3.23895
-1.63436
-1.06324
-1.29760
-3.01162
-2.61214
-2.33102
-3.52474
0.30866
-2.54217
-2.07784
-3.54160
-2.05277
-1.10137
-1.96082
-2.51647
-3.28633
-1.29654
-2.72883
-2.10778
0.29616
-1.63889
-1.94428
-2.78371
-1.88082
-2.07891
-1.52880
-2.23790
-0.55810
-0.18330
-2.38345
-2.99494
-3.38184
-2.30909
-0.88359
-2.20336
-2.65323
-2.50532
-1.50717
-3.73082
-2.96247
-2.09979
-0.93713
-2.70424
0.67197
-0.77033
-2.25883
-1.65403
-2.96979
-2.75506
-4.04869
-2.20557
-1.43248
-2.22338
-1.17495
-3.35635
-4.00727
-3.93865
-1.96960
1.03779
-1.48428
-1.35540
-1.82933
-2.26475
-1.75957
-2.90941
-0.57166
0.32587
-1.97817
-0.39715
-1.37333
-3.20706
-2.69710
-3.58956
-2.90664
-0.73959
-3.60802
-2.82218
-1.49965
-1.00032
-1.91602
-2.85280
-3.54159
-2.00960
-1.14462
-1.91443
-4.54865
0.74606
-3.54152
-1.46887
-2.86935
-1.33626
-0.05953
-4.08005
-2.46841
-3.88694
-0.59550
-2.57715
-0.89598
-1.07436
-0.89902
-2.27699
-2.70435
-3.94154
0.18350
-2.82330
-1.14868
-2.85101
-1.90974
-3.25091
-0.09921
-0.86747
-1.46285
-0.91203
-2.04729
-2.10175
-2.56225
-1.38570
-2.21660
-2.02317
-3.00084
-1.58759
-0.87953
-0.61384
-2.12417
-3.26092
-3.91488
-2.83476
-2.52442
-2.55702
-3.42835
-2.98983
-0.87014
-2.20037
-3.13236
-1.64858
-2.58161
-2.45666
-2.90999
-3.69067
-2.69605
-1.68696
-3.33438
-2.58413
-0.71861
0.21532
-2.94011
-0.96165
-1.32879
-2.29721
-2.98841
-2.54068
-3.18824
-2.37965
-2.74143
-3.69152
-1.15023
-2.26954
1.88076
-4.04964
-1.18678
-1.37337
-1.45000
-1.53802
-2.31485
-1.80915
-3.58380
-1.00216
-3.98076
-1.32643
-0.95438
-3.26004
-2.57536
-0.65089
-1.13176
-2.23759
-3.23998
-2.18648
-2.10324
-2.50529
-1.21307
-1.35875
-3.23701
-2.10265
-2.92000
-2.02963
2.19647
-0.51118
-2.27046
-3.15510
-3.67547
-0.28015
3.58164
-1.41435
-4.25564
-2.32762
-2.83406
-0.00605
0.10901
0.43937
-1.97459
-2.46053
-0.78959
-3.48727
-2.40835
-2.51542
-3.35857
-2.20521
-1.92556
-1.96010
0.51557
-2.35613
-0.54637
-1.55811
-1.12288
-3.24332
-0.44458
-3.61981
-2.72304
-3.93251
1.79517
-2.37993
-2.16418
-2.34297
-3.48079
-1.81992
-3.62228
-2.55235
-2.30436
-1.54169
-1.57657
-1.78501
-1.11780
-1.15667
-1.71507
0.07418
-3.67613
1.76694
-1.57000
-1.63208
-1.95730
-0.97817
-2.92715
-0.81749
-3.20555
0.86367
-0.49518
-1.98465
-2.54326
-2.19387
-1.99775
-0.74979
-2.27045
-0.53153
-2.98095
-2.88159
-3.38483
-3.90738
-2.57458
-0.59782
-0.42866
-1.95118
-1.30154
-3.06093
0.03690
-2.48044
-2.56290
-0.59606
-1.90401
-2.28957
-0.86269
-4.34001
-3.09969
-2.07380
-2.07411
-0.59767
-1.43404
-2.06867
-0.28084
-1.47962
-0.52053
-1.33716
0.01865
-1.47450
-3.33138
-1.37287
-4.35024
-1.04909
-1.85075
-1.30647
-2.64634
-1.62756
-3.20048
-2.46496
-3.00609
-1.94725
-0.66389
-1.54116
-2.32108
-1.11618
-2.35321
-4.39817
-2.68915
-2.43962
-2.76113
-2.16721
-2.33064
-0.75491
-1.36723
1.39863
-2.31129
-1.86221
-2.79687
-0.55231
-3.44777
-0.50682
-1.24014
-4.99139
-2.14060
0.83326
-2.07407
-4.63745
-3.34198
-3.44706
0.64908
-2.03107
-1.12904
-2.84304
-1.79413
-2.09976
-2.88359
-3.26778
-3.64114
-1.11232
-3.39242
-3.26602
-1.49776
-0.30067
-1.61189
-0.55484
-1.41209
-2.01863
-3.17898
-1.81223
-3.54911
-2.97884
-2.88776
-1.25884
-2.65247
-1.83006
-1.75198
-2.35893
-0.24165
0.59150
-2.60999
0.03154
-0.83210
-2.46962
-1.36698
-2.59815
0.75314
-2.19359
0.75068
-2.37487
0.00798
-2.19929
-1.69292
-0.12812
-2.74520
-1.74280
-2.01137
-2.09762
-3.98936
-4.42766
-1.55005
-2.91059
-1.70793
-2.43507
0.37227
-1.34437
-2.47356
-3.63057
-1.70614
-2.58702
-3.00069
-3.41903
-2.16113
-0.90039
-2.38463
-3.88559
-2.68892
-0.98318
-1.29534
-3.83665
-2.56457
-1.44229
-0.41222
-1.23661
-4.91244
-0.79113
1.14216
-2.58405
-3.59806
-3.57318
-3.35990
0.85252
-0.69000
-1.60812
-1.60960
-1.55291
-0.41404
-0.46859
0.24871
-0.31541
-0.52334
-3.38931
-1.25952
-1.98387
1.45584
-3.05222
-2.71541
-1.79756
-2.05100
-3.55650
-0.45197
2.34419
-1.52000
-4.45890
-1.93229
-3.36819
-2.27135
-3.63907
-2.41396
-1.06709
1.35252
-3.16446
0.78650
1.27661
-3.27795
-2.57996
-1.88373
-1.24257
-2.05720
-1.72428
-1.17757
-0.11432
5.56266
-2.94507
-2.81098
-2.39705
-2.86628
0.59407
-1.42157
-1.04820
-0.26680
-2.40707
3.76674
-1.71032
-3.80838
-2.30757
-1.64597
-2.61121
-2.53725
-2.07144
-3.73310
-1.86178
-2.65129
-2.55133
-2.82527
-0.51933
-1.45815
-1.88590
-2.15788
-1.44449
-1.75638
-1.62574
-1.88364
-3.17801
-3.19059
-2.25375
-1.40240
-2.52551
-2.50110
-1.13011
-1.66063
-1.13899
-2.15808
-0.82787
0.39311
-2.41845
-0.66149
-3.11169
-1.20537
-3.02199
-1.13268
-1.85992
-2.32384
-2.43554
-2.58124
2.52456
-1.41251
-0.52328
-0.81585
-1.49325
-0.48708
-2.42571
-1.59684
-3.05543
-2.59303
-2.00122
-2.76678
-1.93737
0.98394
-2.11939
-3.14169
-3.13556
-2.40783
-3.46148
-1.98616
-1.03939
-2.54584
2.74146
-2.82970
-1.22143
-3.50069
-1.55899
-1.54962
-2.82039
-3.69916
-1.28688
-0.48089
-1.31280
-1.19438
-1.90777
-1.50847
0.74977
-2.67300
-2.57071
-3.01046
-2.61139
-3.41946
-4.44263
-0.98465
-1.84485
-4.33321
-0.17967
-2.49356
-2.50150
-3.37623
-2.56048
-3.82844
-1.44834
-1.39461
-0.70931
-1.50993
-1.08559
-3.05580
-2.69995
-3.33122
-3.82562
-2.69549
-3.18743
-2.08393
-2.46097
-2.81241
-1.71655
-3.05060
-2.18030
-3.68219
-3.16880
-1.98545
-3.51226
-3.11624
-2.75383
-1.20444
-1.02955
-2.72321
-1.19315
-2.95121
-3.76726
-0.94602
-2.71571
-1.58679
-1.45031
-2.15038
-1.86201
-0.99615
-2.01889
0.19747
-1.63807
-0.86669
-2.34858
-3.60187
-2.78943
-2.56491
-3.02681
-0.60645
-1.26352
-2.40816
-1.13999
-4.00857
-2.31776
-2.10408
-2.15811
-1.25729
-0.96963
-1.95720
-4.35374
-3.21231
-2.88280
-1.01356
-2.99503
-1.93881
-2.10466
-3.00412
-2.63153
-1.29989
-2.34901
-0.51096
-0.34849
-2.29699
-2.82929
-3.34921
1.33887
-1.08034
-4.17047
-2.64382
-2.98048
-2.05105
-3.80685
-1.43727
-2.51139
-4.59612
-5.03133
-3.18002
-1.88787
-0.96959
-0.60796
-1.19373
-2.99334
-3.94442
-1.57081
-1.59873
-1.88374
-0.97542
-1.07691
-3.32648
-2.92283
-2.43871
-3.44292
1.57776
-1.96801
-4.11213
0.10488
-2.32237
-2.73686
-3.24897
-2.68769
-3.87791
-2.56913
-0.30577
-2.15476
-0.95503
-0.22104
0.26926
-0.82134
-2.37400
-2.57701
-0.57642
0.86046
-2.18629
-0.80247
-2.32361
-1.31047
-4.09679
-3.27367
-2.47308
-2.25740
-1.13168
-3.82007
1.74050
-1.22094
-2.03871
-1.69061
-1.01886
-1.46305
-3.12296
-2.87077
-1.31303
-1.77091
-2.67661
-2.34072
-4.09179
-1.92517
-0.36194
-2.28723
-2.74856
-1.25755
-0.27785
-1.91626
-1.69171
-1.67981
-2.05548
-0.11073
-2.38014
-3.85193
-3.14680
-1.38830
-2.41345
-1.71989
-2.46844
-1.74552
-4.41866
-1.61567
-1.61262
-1.55956
-2.56266
-1.57778
-1.58164
-3.67947
-2.91293
-2.77706
-2.05729
-1.37621
-1.64554
-2.81105
-2.98044
-0.90945
-1.87236
-2.57889
-1.87778
-2.46998
-1.32760
-1.18161
-2.37014
-2.96224
-0.38082
-0.12773
-3.91857
-2.88983
-1.43755
-0.99698
-0.72040
-3.64647
-2.81085
-3.78956
-2.80544
-0.80182
-3.09709
-1.30177
-1.81671
-1.49569
-4.15869
-1.51680
-2.17542
-1.90688
-1.71173
-3.64250
-2.93248
-1.85070
-1.71618
-3.42629
-2.08300
-0.60670
-2.34297
-2.38561
-2.10136
-2.91686
-3.05732
-3.85856
-1.24906
-3.42292
0.29272
-2.88918
-0.21546
-1.13502
-2.52245
-2.98364
-1.36922
-0.31084
-0.04297
-0.03500
0.04990
-0.86742
-2.90362
-1.95964
-3.08561
-2.08804
-2.27632
-3.12016
-3.48288
-2.75917
-2.88860
-3.36972
-3.50629
-1.00753
-1.12213
-3.27733
-3.60519
-2.65156
-3.10622
-4.12429
-1.77438
-1.35901
0.19128
-3.41399
-2.51102
-1.25910
-3.28238
-2.67441
-0.54125
0.13389
0.28243
-2.80870
-2.30969
-1.49701
-3.68809
-1.94461
-2.57078
-0.80081
0.73264
-2.87223
-2.20042
-2.17262
-1.05582
-1.85418
-1.32063
-3.18319
-2.22688
-1.98316
-1.18691
-2.99674
-2.25758
-3.28420
-3.77929
-3.28643
-2.55968
0.14269
4.45885
-3.07094
-1.76073
2.31075
