7.13717
3.49241
3.61932
0.61903
5.04764
8.00858
-4.41397
-2.01407
5.65359
3.33610
7.09317
7.83951
5.26907
3.54440
4.72036
3.04187
7.95735
3.13541
7.67469
0.24950
6.33382
4.94217
3.40432
5.00036
3.15375
4.96077
5.86846
4.16842
-2.18057
8.64372
4.14136
3.50834
1.70744
6.12095
-4.81730
4.84341
8.64372
4.29723
5.11334
3.06408
4.40477
1.18587
5.98092
1.81121
5.52079
1.91936
5.96278
8.64372
2.42706
-1.64463
2.69811
0.67525
0.79970
0.20085
5.78161
5.42062
3.83236
3.38923
1.36827
-1.64987
3.30855
3.53165
3.23552
4.81397
5.40280
4.90876
-0.60153
5.42097
4.40957
4.82623
2.77135
2.10955
2.52596
-0.86815
5.72011
1.64494
6.25900
5.51613
-0.14451
0.08341
-1.64594
4.52678
3.99826
0.98132
8.64372
3.91754
1.81427
4.07903
8.64372
3.39105
5.17401
4.35191
0.26877
0.61351
7.44306
6.44299
3.18698
0.27493
3.75160
7.35973
1.45675
3.06692
7.54383
-1.94727
3.97069
3.18000
5.07606
-0.26853
5.35492
2.49815
3.40472
0.67330
5.56324
5.95386
-2.45932
8.64372
2.44784
-1.85722
1.01141
-3.21856
-3.15046
-2.01671
1.99288
2.27376
3.53869
6.74143
4.36279
5.17871
2.91277
-0.32774
4.01509
-1.23933
3.62600
-1.04032
4.42512
5.67229
3.28413
4.76646
7.75048
-1.27445
5.67484
8.32957
3.95240
2.93633
5.06064
6.08213
5.45747
3.53787
3.31208
6.99110
7.64257
7.91296
6.76425
5.42550
8.13027
4.63386
6.58993
4.22055
3.03974
4.87969
6.00673
2.77206
3.65805
-0.39063
1.43982
-1.37737
2.68253
4.12679
2.35259
3.87077
5.10865
7.59004
4.59035
2.35885
4.20101
5.44266
1.42050
0.97360
6.54060
0.07026
6.23220
-1.38392
4.00392
8.54430
3.28420
4.05413
6.12039
1.11589
8.64372
5.60536
8.64372
5.20900
3.71981
6.34454
2.82721
1.26207
2.35176
4.59325
7.16831
-2.49230
