-3.13636
-2.82860
-1.83692
-1.71115
-1.52282
3.73506
-0.65407
-1.88935
-2.64998
-3.57287
-3.39823
-2.22346
-3.50923
-4.20309
-0.84158
-3.26171
-2.50084
-2.81585
-2.19986
-2.89293
-3.69158
-3.93643
-3.03274
-0.51702
-3.71191
-2.25549
-2.12977
-2.50271
-2.83330
-2.54044
-1.06324
-3.54160
-1.96082
-1.29654
-1.88082
-1.52880
-2.65323
-2.09979
-2.96979
-1.17495
-4.00727
-0.39715
-2.69710
-1.91602
-3.54159
0.74606
-1.33626
-3.88694
-3.94154
-2.04729
-2.56225
-2.12417
-2.52442
-2.58161
-2.54068
-2.74143
-1.15023
-3.58380
-3.26004
-2.57536
-2.10324
-3.23701
-2.27046
-2.32762
-0.78959
-2.51542
-3.35857
-3.61981
-3.93251
-2.34297
-3.62228
-1.63208
-3.20555
-2.19387
-3.90738
-2.48044
-3.09969
-2.07380
-2.07411
-1.37287
-4.35024
-4.39817
-2.68915
-2.16721
-2.79687
-4.63745
-3.64114
-3.26602
-0.30067
-1.81223
-2.97884
-1.36698
0.75314
-1.74280
-3.98936
-1.55005
-2.91059
-1.70614
-3.88559
-2.56457
-3.59806
-3.57318
-1.25952
-2.05100
-2.41396
-3.27795
-2.05720
-0.11432
-2.53725
-2.07144
-2.65129
-1.75638
-3.19059
-0.66149
-1.13268
-3.05543
-2.00122
0.98394
-3.13556
-1.28688
-4.44263
-4.33321
-2.56048
-2.69549
-3.18743
-3.68219
-3.16880
-3.11624
-0.94602
-1.58679
-2.34858
-2.56491
-2.10408
-4.35374
-3.21231
-1.93881
-3.34921
-1.43727
-4.59612
-3.18002
-3.94442
-2.43871
-3.87791
-0.95503
-3.27367
-2.47308
-1.46305
-3.12296
-4.09179
-2.28723
-0.11073
-1.74552
-1.61567
-2.77706
-2.57889
-1.32760
-0.99698
-2.81085
-3.78956
-1.51680
-1.71618
-2.38561
-2.10136
-2.98364
-1.36922
-2.08804
-3.48288
-2.88860
-2.65156
-3.41399
-2.51102
-3.68809
-2.99674
-2.25758
-3.77929
