-1.74525
0.08969
-2.45877
-2.24596
-1.59168
2.38799
-0.72081
-1.58143
-1.50172
-1.68073
-2.50717
-2.27116
-1.98508
-1.53191
-2.49376
0.28790
-1.54518
-1.73286
-2.43196
-0.75124
-1.58894
-2.01788
-2.18148
0.09844
-2.22928
-2.49129
-1.71973
-1.15438
-1.62977
-1.91178
-0.59878
-1.30608
-2.26269
-2.33567
-2.47597
-2.21462
-2.55940
-2.35972
-1.75410
-2.57530
-2.48508
-2.07792
-2.57173
-1.45240
-2.33276
-1.11268
-2.05898
-0.31470
-2.03421
-2.21188
-2.57535
0.71370
0.50985
-2.06639
-2.42517
-1.15374
-2.57014
3.32703
-2.24888
-2.37567
-2.28178
-0.85495
-2.35516
-1.33207
0.25432
-2.38858
-2.40227
-1.56875
-0.97139
-1.69220
-1.50246
0.20230
-0.88092
-1.94941
-0.78646
-2.01279
-1.30259
-2.56418
-2.49493
-2.28914
-1.66753
-0.81033
-1.45731
-0.83993
-2.47141
-1.31950
-2.06828
-2.54164
-2.29450
-1.92889
1.34913
-1.58661
-1.40758
-1.04311
0.29408
0.88440
-1.24380
-1.10201
-1.17460
-0.11452
-1.42889
1.89126
-0.86051
-1.83347
-2.17251
-1.98341
-1.69786
-1.01697
-1.67770
-1.62468
-2.22412
-2.24781
-1.49803
0.23829
-1.50084
0.16029
-2.32186
-1.28196
-2.10996
-1.68646
-2.49141
-1.31013
-1.56304
-1.40150
-2.57536
-2.01964
-2.49445
-1.47013
-2.22232
-1.51575
-1.66006
-1.54736
-2.16729
-1.82675
-2.50767
-0.96654
-2.56467
-1.70129
-2.42729
-1.69562
-1.83835
-2.25654
-2.02350
-1.51683
-1.28646
-0.45248
-2.40235
-1.39716
-2.52450
-1.78405
-2.55631
-2.26212
-2.51826
-2.30392
-2.57421
-2.55507
-0.03909
-1.42517
-1.86097
-2.10839
-0.10275
-0.66817
-1.27696
0.70927
-2.01381
-2.34965
-2.32923
-2.07984
-2.34548
-1.67668
-1.82519
-0.83286
-0.45287
-1.65675
-0.19123
-0.64521
-1.55066
-2.42447
-1.25366
-2.35174
-0.06100
-0.24620
0.54739
-1.68252
-0.69367
