7.63212
4.81513
7.78727
7.78727
7.78727
2.02667
7.20698
4.58513
7.78727
2.42654
2.10955
3.89198
7.78727
4.56489
7.78727
1.12649
-0.52664
4.32748
7.78727
7.78727
4.61385
3.40169
0.76309
-1.46783
7.78727
1.72408
1.94437
2.22740
5.74506
3.33991
2.64725
4.60730
1.12564
5.60208
4.18896
-1.46977
4.82019
5.29403
7.78727
7.78727
2.84954
7.78727
1.63415
3.77452
4.95393
3.37049
5.09985
5.54527
-0.35515
7.05422
2.07698
4.04900
1.32243
5.21052
7.78727
5.02751
2.75608
4.86323
4.77865
7.78727
4.25067
2.86001
6.66222
6.04653
7.78727
0.28811
5.38038
1.67628
3.26479
-0.79230
3.01610
3.39397
2.58051
-1.46300
5.65680
1.79500
5.33899
3.19487
7.78727
5.70408
2.97715
5.14343
2.40504
7.78727
3.92540
7.78727
7.78727
1.48718
7.78727
5.18930
4.50121
-1.08906
5.30233
7.08019
4.73483
1.44874
4.58256
2.33958
7.78727
5.03530
0.56577
3.90941
0.10564
4.47962
7.78727
3.04565
6.50749
0.60896
5.71425
3.88849
5.17064
-0.27648
5.55534
2.18163
1.27328
4.65154
3.12112
6.47704
2.05851
5.47721
2.92494
4.85603
6.06420
7.78727
2.42674
4.44449
4.90784
2.71027
7.78727
3.68216
3.33692
5.27140
7.78727
4.85399
5.03516
-1.06233
2.78868
-0.14651
0.57188
7.78727
5.59478
7.78727
7.78727
2.44606
5.24093
2.50647
4.86953
4.61373
5.53686
7.78727
3.94599
2.49712
7.78727
7.56237
3.07699
0.02264
4.38732
2.63171
3.16779
2.37069
0.10350
7.68056
5.81921
2.13034
7.78727
2.10293
2.97515
0.93309
7.78727
4.28988
3.09824
4.96763
2.12540
7.78727
6.12570
4.88356
0.85345
7.78727
7.78727
5.04046
-0.51123
-0.24131
4.73783
7.44702
5.01133
