-0.56353
-1.35488
-1.04333
-0.33191
-1.36228
-1.67111
-2.29146
-0.37066
-1.14576
-2.47709
-1.18626
-0.72462
-1.76416
-1.48431
-0.97315
-1.17705
-1.11819
-2.11602
-1.92441
-2.02521
-1.42356
-0.60931
-1.43594
-1.11110
-0.54418
-1.40741
0.18974
-1.40467
-1.83649
-1.52018
-1.07745
-1.13705
-1.06124
-2.00734
-1.76742
-1.68277
-0.39020
1.83302
-1.63473
-1.73293
-2.17489
-1.70043
-1.89059
0.34465
-1.79094
-1.21133
-2.31060
-0.36208
-0.56882
-2.17305
0.42801
-1.76572
-1.27000
-1.90273
-2.11833
-1.92638
-2.25110
-2.46746
-1.05979
-0.98457
-1.34790
-2.16050
-0.21571
-1.58935
0.85046
-2.26797
-1.06208
-1.52351
-0.30251
-2.32192
-1.97886
-0.87729
-2.44760
1.05823
-1.99126
-0.15644
-2.39423
-0.76237
-1.68824
-0.90320
-2.30417
-1.43607
-0.20303
-1.70368
-1.91807
-0.73576
-1.92380
-1.53238
-2.25468
-1.46398
-1.09539
0.02636
-2.03937
1.05056
-0.58407
-0.04914
-2.06399
-0.86100
-1.54623
-0.76489
-1.70420
-0.59208
-0.26050
-1.26777
-0.81774
-1.45447
-0.98456
-1.06430
-0.95034
-0.88444
-0.77753
-1.96761
-1.37609
-0.86107
-1.33800
-1.33351
-2.30023
-0.47643
-1.94139
-0.79046
-1.08140
0.79300
-1.59725
-1.97578
-0.79514
-0.74988
-2.31971
-1.79865
-0.30048
-0.70451
-1.12957
-1.01590
-2.22277
2.50416
-1.46046
-2.33435
-2.34808
-1.25316
0.38778
-1.74317
-0.83855
-1.95645
-0.62990
-1.01851
-1.06786
0.88749
-0.78187
-1.58832
-0.77695
-0.93789
-0.01778
-0.77033
-0.21471
-1.03368
-1.45113
0.11883
-1.14138
-1.37067
-1.54642
-0.36633
-2.22459
-1.13824
-2.26320
-1.74869
-1.71613
-2.32019
-1.97605
-1.50596
-0.51885
-0.95109
0.89653
-1.76513
-0.57493
-1.59881
-1.71593
-1.97316
-1.45143
-1.43670
-1.21942
-1.75244
-0.90338
-2.07746
-1.40923
0.30346
0.59839
7.64303
1.04288
0.29493
-1.59146
-2.57507
-2.11239
-1.84096
-1.05625
-0.29744
-0.90055
-1.59115
-1.77153
-0.71086
-1.97869
-1.20960
-0.19051
-0.64566
-2.38106
-2.01625
-1.33912
-0.77441
-1.61754
-2.19609
-1.50155
-1.84400
-1.77108
-1.18912
-0.69786
-1.01908
-1.40538
-2.11794
-1.50632
-0.55544
-1.31411
-1.08076
-1.94725
-0.26658
-0.40756
-1.66606
-0.88332
-1.47043
-2.46586
-1.78297
-0.50691
-1.80392
-0.50798
-0.80986
-1.98038
-1.90588
-1.51495
-2.15120
-2.25335
0.08888
-1.53780
-2.01029
0.78844
-1.10954
-1.58058
-1.00902
0.12936
-2.12299
-2.56633
-2.09047
-2.39671
-0.21489
1.03239
-1.42259
-1.97448
-0.84823
-1.92859
-2.52999
-0.83412
-1.55319
0.45794
-1.83481
-1.62332
-0.76553
-1.76652
0.54144
-0.22775
-1.09027
-1.53881
-0.64654
-1.84586
-2.39898
-0.76538
-1.17746
-1.06819
-1.38364
-2.24720
-1.97391
-0.66375
0.63389
-1.19691
-1.28371
-1.75204
-2.26770
-1.63346
-2.22715
-0.96700
-1.68092
-0.75691
-0.78105
-0.65729
-1.29216
-0.92535
-1.20521
0.01231
-2.34267
-0.50541
-0.46891
-0.55398
-2.52967
-1.94590
-1.84357
0.60715
-1.45285
-1.09303
3.75823
0.33685
1.88975
-0.05245
-0.71205
-1.63062
-1.79878
-0.92908
-2.27464
-1.06636
-1.31826
-0.33259
-1.45174
-0.55295
0.72599
-0.03052
-1.37117
-0.97733
-1.60778
-2.03219
-2.35017
-1.57692
-2.53710
-2.23351
-0.85039
-1.98655
-1.49155
0.10281
-1.32135
-1.10765
-2.18433
-1.05371
-2.06313
-1.37430
-1.60918
0.06327
-0.82743
0.42020
-1.02821
-2.12795
-1.97403
-1.43483
-1.64045
-1.94862
0.24395
-0.59792
1.36114
-1.45785
0.00982
-0.95174
-0.80976
-1.68156
-2.10073
-2.16645
-1.74146
-0.70152
-2.49161
-2.07105
-1.65990
-1.41080
-2.16978
-1.41713
-1.99308
-2.25942
-1.41833
0.15207
-1.98067
-2.33064
-1.63956
-2.05988
-2.53383
-1.95260
-1.62314
-2.07159
-2.35754
-1.91580
-1.94141
-1.23102
-2.19790
-1.73225
1.20124
-0.51332
0.27659
-2.50476
-2.22983
-1.65089
-0.43638
-2.14198
-2.24230
-1.82815
-1.51942
-1.11377
-0.72738
-1.84227
-2.29592
-1.62900
-2.49817
1.16051
-1.57475
-1.47101
-1.51744
-0.96728
-1.47141
-1.89294
-2.03288
-1.11279
-1.12871
-2.26968
-1.95333
-1.25283
-0.42982
-2.18839
-0.12189
-0.00034
-0.46525
-1.68749
-2.10196
-1.09926
-0.04242
-1.29472
-1.27171
-2.08602
-1.89608
-2.12391
-1.10485
-2.33906
-2.17808
-1.83062
0.81557
-1.67120
-2.38029
-2.04676
-2.23601
-0.25204
-1.35468
0.16473
-1.53727
-0.82263
0.49955
-1.23540
-1.84150
-1.90864
-1.60572
-1.66785
-1.52199
-1.49132
-1.08757
-1.45867
-0.68907
-0.81690
-1.87444
-1.43205
-1.52673
-1.65063
-0.70877
-1.30828
0.04334
-1.34812
-2.25943
0.78954
-1.94180
-1.89392
0.18801
-1.35444
-1.92658
0.06212
-1.79604
-0.77021
-1.61222
0.13831
-0.29971
-1.41497
-1.31544
-1.93358
-1.34624
-1.78413
-1.77888
-0.86817
-0.89410
-1.39754
-2.11296
-1.06354
-2.21161
-1.20532
-1.94881
-1.45823
-1.27549
-0.28677
-1.40362
-2.29917
-0.78901
-2.47748
7.78727
-1.03723
-2.41207
-1.37444
0.03145
-1.38536
-2.11608
-0.65602
-0.09115
-1.84746
-1.61096
-0.14673
-2.56176
-1.38834
-0.95682
-0.69482
-1.95407
-1.27858
-1.32108
0.18142
0.27926
-1.86361
-1.81195
-1.46205
-2.16497
-0.69921
-2.53120
-1.24339
-0.94941
-2.20180
1.04610
0.81749
-1.21866
-1.28699
-1.75620
-0.78128
0.53755
-1.77957
-1.06904
-1.26445
-1.82605
-1.22469
0.90065
-1.61309
1.53999
-0.62632
-0.97622
-0.33609
-1.84349
-0.63087
-0.69382
-0.46397
-1.02343
-0.29826
-2.17098
-0.96187
-0.10696
-0.13422
-1.83246
-1.90289
-1.54005
-2.28310
-1.49716
-1.55218
-1.15078
-0.98512
-2.34126
-0.49310
-1.63930
-2.11038
-0.41743
-1.92117
-2.41240
-2.53935
-1.75496
-1.14889
-2.08519
0.41739
2.58880
-1.89835
-1.29421
-0.14143
-1.96377
-2.53515
-1.62755
-1.01720
-0.04775
-2.13680
-1.01216
-1.15143
0.36623
-0.19042
-0.84012
1.18467
-1.13159
-1.25212
0.30518
0.91889
-1.79440
-1.58404
-1.98389
-2.04468
-1.00437
-0.82197
-1.59798
-1.51637
-2.01239
-1.66816
-0.42419
0.63727
-1.71580
0.71007
-1.25382
-0.08707
-0.27187
-1.61151
0.18140
-2.31968
-0.80933
-1.60586
-0.06718
-2.23404
-1.01960
-1.45528
-0.43496
-2.01279
-2.49664
-1.83899
-0.53957
-2.22859
-1.79744
-1.67934
-0.48175
-2.53270
-2.45948
-1.03723
0.86152
-2.30850
-2.57269
-1.19930
-1.68962
-2.40812
-1.91878
-1.31887
-1.15825
-1.18018
-2.03458
-2.06768
-1.53569
-0.85337
0.29220
-0.75873
-1.61300
-1.57779
-1.28660
-1.51991
0.55947
-1.59814
-1.54484
-2.57510
-1.02919
1.43468
-2.21911
-1.20513
-1.63877
-1.38902
-1.59184
-1.07274
-2.29939
1.10605
-1.68230
-1.56662
-1.63924
-0.05017
-1.04033
-1.13767
-2.22781
-2.33057
-0.85967
-0.68385
-1.82898
0.06638
-1.61310
-0.67902
-1.19108
-1.38105
1.92849
-0.65611
-1.13829
-0.90508
-1.48984
-0.32300
-0.54302
-2.20437
0.13710
-0.14900
-2.19991
-1.66267
-2.25500
-1.69744
-2.52321
-2.44489
-1.36835
-2.27910
-1.60134
-1.13839
-1.96728
-2.35658
-1.75516
-1.88681
-0.69518
-2.20456
-1.93935
-2.07734
-0.88410
-1.35620
-1.46317
-1.08439
-1.58141
-1.60205
-1.12885
-1.04915
-1.05940
-2.09159
-0.24333
-1.33883
-1.85854
-0.87644
-2.12762
-2.15558
-0.24083
-0.55252
-2.52846
-2.51088
-0.12881
-0.69753
-0.96129
-2.24316
-0.21107
-1.68044
-0.88854
-0.45058
0.23997
-1.13549
-1.42785
-0.71543
-0.59388
0.07749
-1.15242
-1.89628
-1.10407
-0.10832
-0.12806
-1.63210
-1.45202
-2.11100
0.47140
-0.42855
-1.25244
-1.91363
1.50284
-1.30244
-2.07846
-2.57486
-1.04473
-0.82341
-0.97007
-2.25437
-2.31992
-0.97380
-0.32093
-2.18923
-2.18010
0.06587
-2.21278
-0.20006
-0.70595
0.91741
-1.54853
-1.19886
-1.78362
-2.05976
-0.80446
-2.47926
-1.71046
1.31735
-1.88470
-2.19856
-1.55036
-1.96307
-1.61417
-2.50089
-2.46132
-2.13222
-0.30606
-1.00030
-0.74479
-0.46276
-1.85450
-0.51116
-1.27154
-1.14346
-1.23157
-0.71829
1.07422
-2.18951
-0.99918
0.61822
-1.06517
-2.12178
-0.46806
-1.87786
-1.04804
-2.53595
-2.09027
-0.12955
-2.14407
-1.25373
-1.16619
-1.12148
