-1.48345
-2.26801
-1.63901
-1.01859
-1.21050
-0.82397
-1.16006
-1.25972
-1.47702
-0.98539
-2.11623
-0.40535
0.69030
-0.38544
-1.63756
-1.42817
-0.37608
-1.53668
0.30940
-0.70070
-1.35539
-0.60972
-1.09727
-0.95088
-1.83948
-1.60470
-2.15555
-1.23693
-1.34244
-1.02067
-1.41255
-2.06274
-1.94876
-0.30470
0.20384
-0.58175
-1.57411
-0.84697
-0.64639
-1.08664
-1.44141
0.69412
-0.71171
-0.61079
0.72461
-1.86113
-1.92644
-2.10418
-0.38215
-0.51263
-1.05078
-0.87327
-1.12590
-2.09487
-0.66886
-1.70084
0.67925
-0.68468
-1.13239
-2.19008
-0.34598
-0.79790
-1.51927
-1.69539
-1.18800
-0.52306
-0.52728
-1.93339
-0.89157
-1.42628
-1.75770
-1.70665
-1.50935
-1.03077
-2.05351
-1.52839
0.13990
-2.23798
-0.71513
-0.07175
-1.57652
-1.55852
-1.07637
-0.92889
0.78332
-0.08288
-1.67842
-1.20045
-2.08622
-1.97999
-1.76092
-2.24984
-1.85063
-0.79913
-0.89733
-2.20392
-0.50483
-1.76113
-1.81071
-1.72358
-0.82892
-1.68437
-0.89831
-0.68214
-1.35364
-1.97971
-1.51976
-1.57556
-2.14985
0.18120
-1.84771
-1.42401
-0.85226
-1.46593
-1.41681
-1.05946
-1.99769
-1.97770
-1.56118
-1.95150
-1.41276
-1.77239
-1.21339
-1.71134
-1.93409
-1.86485
-1.01004
-2.09005
-1.96303
-0.32569
-2.19324
-1.32674
-1.81302
-1.56832
-1.80135
-0.99185
-0.59790
-1.53894
-1.52182
-2.00136
-0.93508
-1.82019
-1.57357
-1.56095
-0.92680
-1.42862
-1.78802
-1.07151
-1.15597
0.73093
-2.17774
-1.48244
-0.90996
-1.58842
-1.84030
-1.42841
-0.92122
-1.29997
-1.61115
-1.30137
-1.87436
-1.02287
-1.66759
-1.77460
-1.10189
-1.33712
-1.42532
-1.81086
-1.90956
-2.02363
-2.06118
-1.63169
-0.50974
-1.05416
-1.42136
-1.63042
-1.70653
-2.28264
-2.26651
-1.57445
-1.38135
-1.15602
