0.00005
-0.98201
0.18364
-1.82192
-0.12264
-1.19261
-1.04847
-1.18682
-1.94233
-1.85008
0.17701
-1.15509
-0.33732
-0.69928
-1.56406
-1.69226
-0.98053
-1.46645
-0.51247
-1.27230
-0.96368
-0.52818
-1.16886
-1.27803
-0.86315
-1.48601
-0.82324
-1.12340
0.04368
-2.11185
-1.96135
-2.02833
-1.03338
-1.12528
-1.95574
-0.16710
-1.14872
-1.62721
-1.83761
0.05038
-2.11979
-0.71459
-0.50252
-1.95251
-2.29104
-1.87487
-1.54094
-1.54803
-1.10793
-1.97312
-1.30372
-1.18154
-1.32129
-1.24496
-1.25232
-1.47789
-0.72324
-2.29194
-1.09950
-1.10007
-0.55349
-1.13931
1.35821
-2.04402
-0.83815
-1.95838
-0.68308
-0.37236
-0.05316
-0.75919
-1.75826
-1.46494
-1.37403
-1.79536
-0.32606
-0.57065
-0.99294
-1.44076
-1.69431
-1.12092
-1.62968
-1.12382
-0.42772
-1.91720
-1.74379
-2.16203
-1.22296
-1.99531
0.37155
-0.15930
-0.83863
-1.07473
-0.68488
-0.79143
-0.49753
-1.09287
-0.58114
-0.39745
-1.61459
-0.81476
-1.38575
-0.22584
-0.17652
-1.29294
-2.30213
-1.52090
-1.57396
-0.71747
-1.61057
-0.90510
-0.15859
-1.04277
-2.00925
-1.94548
-1.55991
-0.48775
-1.07482
-1.13217
-1.95572
-1.06200
-1.13224
-0.67183
-1.21132
-0.60682
-0.99603
-0.13835
-1.62878
-0.70732
-0.10265
-0.33295
-1.66550
-0.62699
-0.25512
-1.89901
-1.56321
-1.70493
-0.60858
-0.39825
-0.68114
-1.30704
-1.67590
-0.89565
-1.69406
-1.04923
-1.68928
-0.02894
-0.95389
-1.47321
-0.74429
-0.70743
-1.04480
-1.49270
-1.42109
-0.86656
-0.42744
-2.09822
-2.03324
0.87906
-1.16871
-1.17277
0.07837
-1.72801
-1.66434
-1.59134
-1.77491
-1.20358
1.25178
-0.75427
-1.94683
-1.90731
-1.54581
-1.68878
-1.41764
-1.45593
-0.90914
-1.56687
-0.67503
-0.63578
0.43975
-1.69600
-1.02251
-0.27184
-1.18984
0.55095
-1.40482
-1.36672
-0.70475
-1.69466
-0.61415
-1.21422
-1.50511
-1.41308
-0.89807
-1.92926
-1.54545
-0.33968
-1.19452
-1.08704
-1.84936
-1.98969
-1.44159
-1.31231
-1.65229
-2.01700
-1.42321
-0.18496
-1.78037
0.62856
-1.26484
-1.60660
-0.96734
-1.75080
-1.41598
-1.74725
0.52785
-1.96477
-0.77598
-1.85015
0.45569
-1.58398
-0.74765
-1.15881
-2.05566
-1.04883
-1.77794
-1.30971
-1.46056
-1.13083
-0.12060
-0.15459
-0.07317
-0.71394
-0.35276
-2.09177
-1.46004
-2.05465
-1.70924
-1.42387
-1.12750
-1.01140
-1.14449
-1.91562
-0.09665
-0.14120
-0.15202
-1.14367
-0.57190
-0.22693
-1.67591
-1.90272
1.22219
-2.22827
-1.17910
-0.96515
-0.89021
-1.98717
-1.27154
-1.46137
0.01838
-1.99822
-0.88414
-0.74967
-2.03724
-1.56084
0.43691
-2.01195
0.04574
-1.00126
-0.63528
-1.80455
-1.61883
-1.69774
-0.96157
0.33603
0.25871
0.17215
-1.00847
-0.22536
-1.28975
-1.72645
-2.17722
0.17499
-1.03373
-0.12557
-1.28485
-1.84966
-0.51248
-0.06777
-2.02533
-1.38859
-1.77447
0.02134
-0.93940
-1.10777
-1.57733
-1.58768
-0.27010
-1.20804
-1.74747
-1.41006
-1.80329
-1.00904
-1.75666
-1.49006
-0.41953
-1.96800
-1.01611
-1.84769
-1.19075
-0.09311
-0.58909
-1.78229
-1.62199
0.20013
-0.69149
0.64203
-1.76489
-0.21118
-1.34605
-1.14942
-0.78672
-1.84949
-1.91394
-1.49920
-1.53832
-1.38079
-0.99258
-0.96627
-1.57973
-1.26273
-1.71523
-0.43233
-1.43013
-1.02134
-1.64542
-0.77368
-1.37824
-0.16861
-1.14706
0.13230
-1.40653
-1.57321
-0.77174
0.96673
-1.76243
-1.60343
-0.74822
-1.71549
-1.59861
-1.53739
-1.29780
-1.78412
-1.83546
-0.93146
-0.87345
-2.03517
-1.65320
-1.75794
-0.92230
-0.63470
0.94191
-1.31798
-2.30571
-2.04761
-0.73090
-0.85134
-1.15288
-1.49238
0.88434
-2.07288
-0.87507
-1.42657
-1.72367
-0.51126
-0.67004
-1.86225
-1.67378
-0.92788
-1.29180
-1.52747
-1.17511
-0.43099
-1.67668
-0.58871
-2.09674
0.49664
-1.22236
-1.75898
-1.41889
-1.88096
-2.00043
-1.98953
-1.42839
-1.93688
-0.94732
-1.10373
-1.07118
-1.78584
0.00853
-0.87434
-0.78766
-1.51590
-0.89540
-1.08458
-0.51442
-2.01017
-1.12515
-0.77662
-1.60031
-1.66260
-1.14235
-1.13606
-1.41058
-0.50584
-0.25678
-1.10591
-1.06305
-1.79668
-0.58008
-1.11614
-1.26268
-1.15897
-0.55966
-1.47711
-0.51058
-1.58481
0.64723
-1.06619
-1.10570
-0.96876
-0.71352
-0.95225
-0.98649
-1.42347
-0.75286
-0.31428
-0.95858
0.03240
-2.26886
-1.59957
-0.89053
-1.07889
-1.93539
-0.38496
-0.90126
-1.77584
0.28967
-1.27406
0.07605
-0.58607
-1.82283
-1.04938
0.25764
-0.44505
-0.89629
-0.66049
-1.41318
-0.90422
-1.57088
-1.59747
0.70757
-0.88807
-1.43560
-1.42702
-1.31429
-1.59518
-1.49168
-1.68154
0.08557
-1.30981
-1.51520
0.09321
-1.43232
-1.92963
-0.19244
-1.19224
-0.49963
-0.61110
-1.78859
-1.31395
-1.98172
-1.14363
-0.26786
-2.16461
-0.62601
-1.08669
-1.41670
-1.61795
-1.10442
-1.20165
-2.07130
-0.96651
-0.89378
-1.66985
-1.40754
-0.70731
-1.19931
-0.77250
-2.05751
-1.31872
-0.72833
-1.71127
-1.30794
-1.36939
-1.65500
0.62025
-1.25084
-0.65095
-1.45704
-1.46788
-0.61108
-1.36859
0.12150
-1.49833
-1.31608
-0.07907
-2.18832
0.29305
-1.62282
-1.77200
0.07201
-1.55376
-1.67753
-0.50407
-1.81935
-1.54444
-1.38258
-1.23280
-1.75497
-1.01469
-1.09110
-1.96197
0.21117
-1.29729
-1.16407
-1.56230
-0.35088
0.57820
-0.48417
-1.51035
-1.78145
-1.01751
-1.67709
-1.56559
-1.65985
-1.54456
-1.01400
-1.42162
-0.73406
-1.11240
-1.39331
0.87833
-0.93106
-1.97908
-0.73995
-0.50527
-0.82103
-1.74767
-0.96449
-0.95340
-1.31890
-1.09364
-1.43407
-1.25273
-1.88738
-0.97151
-0.59762
-1.87264
-0.83710
-0.32074
-1.47664
-1.18227
-1.59641
1.32989
-1.52420
-1.04119
-1.65593
-0.78503
-2.11791
-1.35760
-1.30448
-1.66680
-0.67929
-1.30054
-0.47784
-0.30342
-1.42223
-0.92957
-1.99179
-1.46886
0.05573
-1.49938
-1.19783
-1.94390
-1.37457
-1.43536
-0.76181
-1.34549
-1.07386
-1.67561
-1.42225
-0.37554
-1.58430
-1.04449
-0.66571
-1.73547
-1.06342
-1.17878
-2.04035
-1.66452
-1.51115
-1.87338
-0.36768
-1.37523
-0.26817
-1.11010
-0.69814
-1.42213
0.31601
-1.05407
-1.80655
-1.48872
0.75913
-1.50293
-0.01722
-1.15570
-1.04114
-1.06189
-0.66242
-1.38181
1.11664
-0.05610
-1.69035
-1.95018
-0.96167
-0.49305
-0.99201
-1.04451
-0.99384
-1.43469
-1.75104
-1.36883
-0.87614
-1.61257
-1.37698
-1.45947
-1.74653
-0.60840
0.62458
-1.28428
-0.71397
-0.87917
-1.00075
-0.77478
-0.73128
-0.88191
-1.51246
-1.55740
-1.13166
-1.31688
0.10669
-1.46896
-0.04408
-0.50977
-1.57876
1.09777
-0.79652
-1.06190
-1.81323
-0.75980
-0.01539
-0.23978
-1.36046
-1.58861
-0.09849
-2.01168
-1.06764
-1.21221
0.22239
0.34705
-1.39230
-1.87833
-1.94321
-0.29483
-1.19110
-1.03351
-1.44444
-1.36715
-1.52027
-2.13017
-0.11413
-0.81111
-1.11851
-1.27018
-1.02839
-1.78479
-1.91612
-1.19036
-0.50399
-2.00886
-1.77277
-0.87859
-1.35215
-0.13937
-0.68033
-1.54448
-0.95303
-2.13052
0.68301
0.68912
-1.33997
-1.21213
-1.78729
-1.22873
-1.67960
-0.40617
-0.85465
-2.08694
-0.66210
-0.96810
-1.38709
0.55565
-1.96552
-1.09328
-0.75423
-1.24465
-2.11197
-1.44378
-1.21802
-1.53864
-2.20918
-1.94936
-0.89832
-1.97617
-1.21015
-0.26397
-0.63969
-1.59390
1.38375
-1.61853
0.07930
-2.14368
-1.46910
-1.54744
-0.34509
-1.46409
-1.98019
-1.67264
-0.99562
-1.87018
-1.23117
-1.31599
-0.88359
-1.40887
-1.86687
-0.82908
-1.52108
-0.26867
-1.40741
-0.40503
-0.91090
-1.63953
-0.92731
-0.71534
-0.36149
-1.91207
-0.75732
-1.57211
-0.37971
-1.21756
-0.94744
-1.46125
-0.99461
-0.48626
-1.09800
-1.19067
-1.00701
-1.26168
-0.84068
-0.30048
-0.76882
-1.20212
-1.11877
-1.93730
-0.27708
-1.02864
-0.33888
-2.07430
-1.06213
-1.53666
-0.86228
-1.93825
-1.70241
-1.06311
-0.89873
-0.59992
-0.65007
-1.49537
-1.36208
-1.21609
-1.25923
-0.36521
-0.75729
-1.35780
-1.73649
-1.40994
-0.43817
-0.95723
-1.40149
-1.84624
-0.60571
-1.01145
-0.67365
-0.40432
-0.38651
-1.38452
-0.89338
-2.04440
