2.10848
0.09585
3.46245
0.56136
4.44367
3.03084
3.38213
3.37395
-1.41240
0.85132
2.39242
6.21696
6.39447
4.10188
0.90328
3.63561
2.96948
2.22311
3.71281
4.14017
1.35333
1.75611
1.44165
0.80042
1.65151
2.31951
4.29420
0.83727
0.20023
-0.86423
2.40149
7.04589
3.54011
0.17114
-0.43528
3.35977
0.75317
1.72904
6.03311
0.57684
1.46296
-0.69819
1.10052
-0.48411
1.34725
1.07133
5.67991
1.16787
3.48592
0.66036
5.63648
1.09920
-0.58937
0.28832
3.36360
5.23763
4.20770
2.52384
2.92665
2.53736
1.04708
0.80342
2.73591
4.93275
1.43615
0.92716
3.21814
-0.31245
4.65912
1.30332
-1.01628
2.58729
4.00293
1.70703
2.52422
3.11081
1.23182
2.49185
1.88065
1.09084
6.67549
1.27199
2.77774
1.22524
2.65304
-0.68145
0.35088
1.62810
6.81405
5.08157
1.61536
4.42459
2.46506
4.69840
2.56970
1.24189
3.56288
2.01730
3.47599
2.53008
3.43837
1.58000
0.82640
-0.01205
0.43730
2.96874
1.10097
0.63579
3.17503
-0.35313
3.62853
3.93248
0.74136
3.73332
1.37927
1.96239
0.25879
0.87914
2.87791
3.47375
4.28026
2.76771
1.17182
0.67628
2.85742
2.21378
2.38531
1.15285
-0.04500
3.08759
2.74063
2.05374
1.17747
1.36754
2.18545
3.28890
3.23382
1.26203
1.94329
3.38740
3.01229
1.98765
3.00746
2.48302
5.23627
3.39846
2.07792
-0.09187
4.01880
1.21194
3.88356
1.03826
1.07111
1.87844
0.78376
1.53084
1.85292
1.29548
1.74725
-0.45127
4.51299
1.14732
0.81510
2.76565
1.60416
-0.44136
3.01019
2.67715
1.86083
2.91933
2.79306
-0.29963
1.64104
1.89124
1.25029
3.86461
7.04589
2.43848
4.25330
1.99246
2.84558
1.83079
3.16013
2.69156
0.99153
3.57670
2.43492
3.60951
0.42842
0.25676
4.26619
3.19051
4.44601
2.69625
0.84518
-0.34342
1.23612
0.96639
0.99819
2.37666
