4.77149
4.09233
8.34659
-3.58163
8.34659
8.34659
6.40720
8.16002
4.50584
5.67245
5.43021
8.34659
5.25103
8.34659
1.92691
7.55729
1.70948
8.34659
1.07469
1.12208
3.82794
3.97958
2.38725
1.75858
2.93301
3.65345
2.17509
6.12201
0.84440
3.61231
2.30448
-0.30539
3.50217
-1.88093
-0.96115
1.15375
-1.38965
-3.84117
6.11206
6.00452
3.69497
3.71723
8.19469
4.68240
1.61178
7.13479
0.26144
6.53271
-0.93539
0.47417
4.06464
8.34659
4.40964
1.63766
5.95720
0.52174
-0.91717
1.06900
6.14179
8.34659
1.27159
8.34659
3.26730
2.29036
4.71473
0.69574
2.12577
3.36350
8.34659
8.34659
2.39206
7.79511
5.54792
7.80785
3.78340
5.28807
6.62768
5.54713
2.97436
3.52317
4.26907
8.34659
2.76233
-2.21904
-2.53263
6.17963
0.65401
4.60090
5.04095
5.31385
6.97076
1.17054
2.69930
2.73265
-2.25593
2.84747
1.78707
-0.30222
6.37688
3.09979
4.05099
6.01729
7.25360
3.96517
2.35142
6.02494
5.73219
4.31923
5.32681
0.63580
1.13917
-4.37712
4.23621
7.91230
2.19128
4.74479
3.00926
4.19242
-0.13851
8.34659
4.64525
1.19946
6.56472
2.27641
3.86543
8.34659
1.31969
2.44349
4.38595
2.67028
2.41089
4.41117
5.62314
4.98977
6.14064
8.34659
5.79374
6.37161
5.24989
7.60862
3.35233
2.14412
3.81759
3.16733
3.58479
5.80012
6.51900
6.36972
4.15901
7.33596
1.02595
-0.25272
6.68931
2.90454
7.60098
6.92351
-2.33252
5.97780
6.32734
8.34659
2.86885
1.59698
6.33000
2.24170
2.07727
1.44253
2.78478
1.24331
3.56071
1.82549
5.22570
1.69205
2.12746
4.17378
8.34659
0.36824
0.33208
3.54161
5.83132
0.62851
3.13396
-2.47884
-0.36290
1.05635
-3.10160
-0.39415
0.99928
2.44953
1.25094
