-0.65010
-0.60548
-0.10790
1.24714
-4.54721
-0.99355
-0.85764
-3.44742
0.47202
-5.01277
-2.80673
-5.51506
-3.96900
-0.75662
-4.10758
-4.96574
-2.44389
-2.68182
-3.18232
-0.66485
1.39996
-1.14516
-2.94522
0.35372
-1.78629
0.01122
-2.76764
-5.55191
-2.29034
-2.64831
-2.31242
-2.98387
-4.46777
-2.68925
-0.80731
-4.28099
-3.77685
-1.90180
-2.20035
-4.10126
-3.02136
-4.32960
-4.20343
-0.18017
-1.55873
-3.42441
0.15226
-2.46384
0.75308
-2.30012
-4.85022
-3.55342
-2.79180
-2.20820
-3.78308
-2.51864
-2.50188
-1.01176
-1.33758
-1.24105
-3.73823
-0.35485
-1.20369
-2.29887
-3.29655
-4.73283
-0.49845
-3.00891
-4.07772
-4.17540
-3.45705
-4.45171
-2.29787
-3.05205
-2.95379
-2.45681
-3.55208
-1.93055
-1.24349
-3.58236
0.00303
-2.92731
-3.50621
-2.42951
-0.99653
-1.42757
-2.29527
-2.83501
-3.27596
-3.23567
-5.04256
-3.33703
-3.52167
-1.08230
-4.54549
-1.52441
-1.65932
-2.95112
-1.46106
1.38196
2.84114
0.51065
-2.22484
-1.99989
-2.25354
-1.34142
-1.77847
-4.57715
-5.05484
-5.82019
-4.27375
-2.70638
-3.87694
-4.36910
-3.12456
-0.06587
-3.38374
-1.28250
-1.20463
-1.37900
-3.10368
-0.80289
-3.32414
-0.35394
-2.46959
-3.50895
-3.68236
-6.10523
-2.00819
-3.04593
-2.96039
-3.58345
-3.61107
-3.19203
-4.79374
-3.69449
-3.31875
-0.35991
-1.59434
-2.76924
-2.96798
-3.33613
-1.52017
-2.58010
-5.21332
-1.86477
-3.38108
-2.20484
-1.36384
-0.01564
-2.92625
-3.10953
0.99740
-2.19083
-0.71869
-3.67632
-3.68751
-2.56588
-2.22966
-4.21426
-4.31505
-3.11838
-3.80741
-4.10955
-0.53282
-3.87228
0.60659
-2.87383
-2.13797
-0.58916
-1.87338
-2.63378
-2.92690
-1.44849
-3.78212
-3.15422
-4.48755
-0.42601
0.82218
-2.11028
-4.47104
-0.55941
1.93629
-3.28446
-2.72251
-2.43553
-2.27694
0.44480
-3.36535
-0.78933
-4.69292
-2.58906
2.29981
-2.47651
-1.45568
-1.34670
-1.65134
-4.34092
0.33836
-2.52468
-1.23970
1.08375
-2.01710
-5.56063
-0.46364
-2.66891
-3.95034
0.90114
-3.52578
-1.94285
-2.84777
-0.97814
-5.07493
-4.28293
-2.55825
-2.57744
-0.71230
-3.84855
3.19684
-5.60089
-2.11157
-3.23302
-1.97838
-3.01712
-0.83263
-3.03763
-4.30435
-2.97060
-4.81363
0.10616
-3.04490
-5.54640
-2.86411
-1.17622
-2.72937
-1.57569
-3.60978
-0.48059
-1.18204
-4.54619
-2.92174
-3.65716
-5.06391
-5.26052
-2.94068
-1.69675
-2.75639
-0.88433
-2.98163
-2.29333
-3.06574
-0.78167
-3.20930
-2.91288
-0.77811
-2.65686
-1.39048
-3.27235
-0.38686
-3.95836
-2.32449
-3.07177
-2.71633
-3.88545
-2.37305
-2.78292
-2.56317
-4.48505
0.22470
-3.99415
-1.82469
-3.58902
-3.06500
1.20899
-4.09442
-5.50670
-4.54603
-2.15743
-2.01834
-1.12458
-2.50308
-4.43891
-2.31589
-2.92941
-3.64758
-2.49876
-3.62355
-4.16270
-1.23576
-2.49026
-1.24208
-2.23783
-2.78546
-3.55120
-2.27538
2.45612
-2.15182
-1.41121
-4.62881
2.52084
-3.75935
-2.44595
-1.78734
-1.38232
-3.17097
-3.49810
-3.56895
-3.43420
-3.24250
-3.74609
-3.00905
-4.76728
-4.81019
-3.51180
-3.85354
-2.79118
-3.33235
-4.15903
-4.91880
-0.12463
-2.23411
-3.40464
-3.23251
-5.08758
-3.36716
-2.36500
-2.06351
-1.85074
1.67699
-2.33019
-3.07999
-2.26438
-3.04856
-2.56058
-2.94079
0.74623
-0.74315
-2.31297
-4.65151
-4.69477
-4.92984
-2.32140
-2.74117
-4.29672
-6.28876
-4.99497
-5.22536
-1.07026
-2.73620
-2.33022
-1.22179
-3.65085
-2.68009
-3.35003
-2.05555
-3.67393
-1.66265
-2.46661
-4.34347
-3.35862
-5.12042
-5.20296
-3.17261
-1.23386
-3.56294
-1.93536
-3.38227
-1.69132
-2.28370
-1.69214
-3.40427
-1.43763
-4.43251
-3.63979
-1.10173
-4.69059
-1.67257
-3.10278
-3.67050
-3.13067
-3.11476
-2.55279
-2.83307
-2.47110
-2.45648
-0.67969
-2.97774
-3.04158
-3.20859
0.40938
-3.96678
-3.77469
-2.64159
-3.43658
-3.80639
-3.90471
-3.36842
-3.20519
-0.56428
-1.47921
-2.46915
-2.72436
-3.08762
-0.62933
-2.61788
-1.82713
-6.03687
-1.17235
-2.89007
-5.77246
-2.57148
-4.01886
-3.48407
-3.74281
-2.56564
-2.56580
-1.38065
-1.86649
-2.14315
-1.99711
-3.43544
-1.04135
-0.89198
-2.48329
-1.75663
-4.20008
-2.55347
-3.00307
-3.17943
-2.77125
0.33973
-4.50907
-0.22167
-3.12490
-3.24299
-0.28141
-1.27127
-2.39898
-2.44178
0.87431
-3.89346
-0.44454
-1.68265
-2.06946
-2.05401
-1.47850
-2.32944
-1.95936
-3.81604
-2.93328
-3.12333
-3.81122
0.81429
-4.82779
1.93630
-4.87620
-4.08750
-2.67203
-2.99483
-2.62945
-0.79973
-4.07445
-3.22311
-3.81065
-4.02641
-1.15476
-2.62740
-3.05209
-2.77545
-0.71315
-2.20998
-3.54439
-2.36881
-1.92575
-4.35165
-5.44427
-2.30999
-2.38872
-2.11795
-3.22632
-1.15215
-1.84355
-0.46732
-2.77889
0.02053
-1.34225
-1.67641
-4.54636
-3.39893
-1.97525
-2.94193
-2.42148
-5.55053
-4.23780
-1.47731
-4.37224
-0.89529
-2.90551
1.49239
-3.30867
-3.02444
-2.45941
-4.37862
-3.51331
-2.26202
0.53396
-3.32162
-4.00327
1.09239
-2.03670
-1.52604
-2.24116
-3.58932
-2.45771
-2.77262
-2.32955
-1.48387
-3.67630
-0.50268
-3.85624
-4.07228
-5.04800
-2.94991
-1.36866
-2.08339
0.17483
-2.03238
-2.79761
-0.72010
-3.42400
-3.39142
-4.06012
-2.99715
-1.91770
-1.93526
-3.90282
-3.20278
-2.98081
-4.46883
-1.01307
-1.37271
-4.12615
-1.84863
-3.47389
-2.23141
-2.63164
-2.78940
-4.24626
-4.68110
-1.98860
-1.11549
-2.28610
-2.28388
-5.48130
0.46357
-2.94041
-2.10376
-1.62258
-5.37727
-4.18211
-1.73927
-3.94453
-2.61995
-3.09847
-1.71035
-1.64290
-0.49081
-3.18936
-3.22302
-4.25825
-2.19704
-0.92025
-1.90324
-4.35532
-4.63459
-2.87478
-1.75176
-3.44943
-1.78961
-3.67159
-3.20740
-2.27167
-1.26426
-4.50553
-2.06289
-3.16123
-1.16216
-5.23060
-4.90904
-2.06196
-1.45550
-1.60053
-1.48789
0.92755
-3.33668
-3.75051
-0.31478
-3.47526
-3.93509
0.89715
-2.22048
-1.58027
-3.23487
-1.78645
-2.80119
-0.51644
-4.93342
-0.16975
-3.79900
-3.51631
-5.13040
-2.72796
1.32237
-1.82703
-1.40791
-2.46989
-4.83809
-0.57223
1.46264
-5.03027
-3.51599
1.07792
-3.50851
-1.38137
-4.56502
-3.60788
-1.80228
-1.57064
-3.96801
-3.51490
-4.29418
-1.34802
-4.13384
-3.37855
-2.59796
-3.69925
-0.46016
-5.75495
-3.93628
-0.26937
-2.55991
-3.71524
0.82319
-5.84506
-5.30396
-2.50916
-0.88766
-3.79083
-0.09934
-2.53470
-1.59750
-3.98064
-3.36471
-2.64364
-1.35248
-1.09229
-5.41930
-4.76895
-3.51865
-5.56969
-3.34502
-5.19719
-1.73311
-0.72661
-2.11863
-2.34281
-3.57121
-2.87480
-2.18805
-4.01303
-2.07331
-2.11157
0.62920
-3.65624
-1.57735
-3.32114
-4.31292
-3.18693
0.91010
-3.70916
-4.00094
-4.81597
-3.22848
-0.00156
-4.56195
-4.11572
-2.14676
-1.26164
-2.48451
-3.04656
-2.20982
-4.73634
-1.94923
-1.29651
-3.86557
-5.34584
-2.23222
-3.12009
-3.64540
-0.41758
-3.77749
-0.87296
-4.37807
-3.96095
-1.74624
1.86221
-4.21390
-4.46911
-1.96561
-3.92878
-1.40754
-2.86491
-2.84653
-3.43036
0.15214
-3.07775
-4.03807
-3.31185
-1.96079
-5.61196
-0.41361
-0.92278
-3.51573
-2.41009
-5.10441
-4.26707
-1.93572
-3.22686
-2.32856
-3.59238
-4.04442
-2.55487
-4.75800
-5.03235
-4.28498
-5.29842
-3.72681
-0.34093
-1.24179
-3.31730
-4.11492
-0.11516
-2.24765
-2.11256
-1.46618
0.51011
-3.05516
-3.03384
-4.58969
-2.50706
-1.55854
-3.05671
0.37342
-1.80045
-4.09105
-2.47371
-2.14292
-5.54585
-0.71339
-3.77008
-5.39839
-1.39920
-3.93025
-1.83433
-3.11145
-3.03619
-2.36483
-3.30641
-1.04918
-2.34095
-2.84739
-2.11071
-2.28943
-2.00303
-1.54312
-3.49799
-3.48141
-1.59432
-3.25502
-0.76087
-1.25129
-3.87279
-1.54681
-2.61671
-4.30330
-1.83769
-3.15078
-2.53729
-2.48536
-2.58710
-2.59843
-2.21238
-2.36692
-4.19444
-1.14771
-4.49723
-3.20952
-3.26809
-1.72389
-0.33663
-3.00022
-2.18824
-3.89428
-1.50580
-4.00490
-2.32628
-3.92574
-1.85591
-3.16212
-3.65709
0.50758
0.73989
-1.09509
-1.52906
-4.29937
-1.52235
-3.53417
-4.01883
-3.86546
-2.57656
-1.85870
-0.68303
-2.13409
-2.51748
-2.91825
-3.42194
-5.00149
-3.43179
-2.13477
-5.91046
-1.71942
-3.29354
-3.07758
-3.23279
-3.29904
-3.36800
-3.02722
-2.08907
-0.64234
-2.13671
-2.43144
-3.13569
-3.88818
-3.97024
-2.49390
-3.95988
-1.57509
-2.20959
-0.59524
-3.88761
-1.93560
-0.26059
-0.37954
-1.01876
-4.00783
-3.77572
-1.80438
-3.54149
-0.23888
-0.35248
-1.44117
-1.51402
-1.55208
-2.26909
-1.86489
-3.22333
-3.28157
-0.85541
-3.22357
-2.56922
-1.53225
-3.62300
-2.75539
-0.39684
-1.73781
-2.46251
-3.40780
-1.74662
-2.78861
-4.52577
-0.55111
-3.17509
-3.94135
-3.30178
-1.35799
-2.23177
-3.43532
-3.21948
-2.60116
0.73620
-2.36154
-3.61269
-3.86742
-4.17245
-2.37136
-3.10994
-3.52247
-3.82515
-2.38218
-1.96481
-2.00910
-0.47980
-2.88917
1.33739
-3.87047
-3.99102
-3.87299
-0.18562
-3.46561
-3.85839
-0.36015
-1.32879
-1.49915
-1.68708
-2.93001
-2.24493
-2.65383
-2.13755
-0.96325
-2.77114
-1.73923
-3.09729
-3.79770
-5.31833
-2.66528
-2.36432
-1.56804
-2.45981
-4.27412
-3.24518
-2.24139
-2.20869
-2.46040
-4.05318
-3.65144
-3.85872
-3.17893
-3.23204
-2.46165
-1.25768
-0.92584
-4.54300
0.76789
-0.36016
-2.51928
-2.95821
-3.60557
-5.08799
-3.86509
-3.85993
-0.93689
-2.06930
-1.98370
-0.33486
0.35775
-0.63762
-2.26986
-2.19976
-2.02047
-1.09708
-2.54932
-4.03487
-1.98230
-0.99024
-4.24646
-4.06786
-2.36296
-3.17209
-1.63945
-2.34290
-3.56405
-0.50146
-2.67376
0.32007
-2.41433
-4.15216
-2.33709
-0.27658
-2.09957
-0.44604
-3.62911
-2.91755
-2.23822
-2.93550
-3.38858
-1.36936
-1.65469
-3.11858
-2.53754
-2.49470
-2.68669
1.02733
-1.88594
-1.56317
-2.90719
-1.36026
-1.87891
-4.18216
-4.16011
-2.94002
