0.47202
-2.80673
-3.96900
-4.96574
-5.55191
-2.64831
-2.68925
-2.20035
-4.20343
-4.85022
-2.79180
-1.01176
-4.73283
-3.45705
-2.29787
-3.55208
0.00303
-3.27596
-5.04256
-5.05484
-5.82019
-4.27375
-1.37900
-6.10523
-3.04593
-4.79374
-3.69449
-3.33613
-1.86477
-2.19083
-4.21426
-4.31505
-4.10955
-3.78212
-0.55941
-4.69292
-1.65134
-2.52468
-0.46364
-2.84777
-4.28293
-2.11157
-4.81363
0.10616
-0.48059
-5.26052
-0.88433
-0.77811
-2.32449
-4.48505
0.22470
-4.09442
-5.50670
-2.50308
-2.49876
-1.24208
-3.75935
-3.56895
-4.81019
-3.85354
-3.40464
-3.23251
-4.65151
-4.92984
-6.28876
-4.99497
-3.67393
-4.34347
-5.12042
-2.28370
-1.10173
-3.10278
-3.11476
-2.97774
-3.96678
-3.90471
-3.08762
-5.77246
-2.57148
-2.56564
-1.04135
-2.55347
-4.50907
-1.47850
-4.82779
-0.79973
-0.71315
-2.20998
-2.36881
-5.44427
0.02053
-2.94193
-4.23780
-3.02444
-2.45941
-3.67630
-0.50268
-3.39142
-1.93526
-4.46883
-1.37271
-2.78940
-5.48130
-5.37727
-3.09847
-4.25825
-4.35532
-3.44943
-5.23060
-0.31478
-3.47526
-3.23487
-3.79900
-5.13040
-5.03027
-3.51490
-4.29418
-2.59796
-3.93628
0.82319
-2.50916
-5.41930
-3.34502
-2.18805
-4.01303
-3.18693
-4.00094
-3.22848
-2.48451
-1.94923
-3.64540
-3.96095
-1.96561
-3.43036
-5.61196
-4.26707
-4.04442
-5.03235
-3.72681
-4.58969
-2.50706
-0.71339
-5.39839
-2.36483
-2.00303
-3.48141
-4.30330
-1.83769
-2.36692
-1.14771
-3.89428
-2.32628
-1.52235
-2.91825
-5.00149
-1.71942
-3.29904
-3.13569
-3.88818
-0.37954
-1.01876
-1.44117
-1.55208
-1.53225
-0.55111
-3.21948
0.73620
-3.10994
-1.96481
-3.87299
-0.18562
-2.93001
-2.65383
-3.09729
-2.36432
-2.20869
-3.65144
-3.60557
-3.85993
-2.02047
-2.54932
-2.36296
-2.41433
-0.27658
-3.11858
-2.53754
-2.90719
-4.16011
