-3.11642
-1.63736
-1.23734
-2.04149
-1.17348
-3.46657
-3.07039
-3.38598
-3.24002
-2.69069
-1.36718
-2.97886
-1.04889
-2.93730
-3.43695
-4.41523
-1.67406
-4.01734
-0.92286
-2.75664
-2.17558
-1.52431
-2.20400
-0.99558
-1.69184
-4.30899
-3.78392
-2.24140
-0.99719
-0.82871
-2.28173
-2.34526
-1.46335
-1.53830
-3.87725
-1.74195
-3.89283
-3.98585
-2.71505
-3.63625
-2.76901
-2.14873
-1.10077
-1.26381
-3.34542
-1.66056
-0.57470
0.76825
-2.32641
-2.31039
-2.51786
-3.72622
-3.78472
-3.02941
-1.17529
-1.03996
-1.71635
-0.31702
-0.75306
0.03740
-1.63764
-1.77847
0.46038
-2.71667
-1.60993
-3.00946
-2.05723
-0.81805
-2.64651
-2.42139
-4.81604
-1.19113
-4.61322
-2.76762
-0.84754
-1.06396
-2.79769
-2.02557
-1.99046
-2.36759
-4.17420
-2.39908
-2.77229
-2.32292
-3.54586
-3.27378
-4.53263
-3.15929
-1.90805
-0.80917
-1.11545
-3.72685
-3.72359
-1.67930
-1.98872
-1.45306
-0.06359
-2.29669
-0.23151
-3.75942
-2.97678
-3.21708
-2.26995
-0.93783
-3.11616
-2.58734
-3.26341
-3.69318
-3.42889
-1.80399
-1.70023
-2.14296
-1.62219
-4.15911
-1.72357
-2.42115
-1.77589
-2.06515
-1.49118
-2.70946
-3.74765
-1.11138
-0.57697
-2.31083
-1.32889
0.01782
-3.37023
-1.31600
-1.34248
-1.23095
-2.88203
0.09401
-2.38093
-0.91118
-2.00056
-1.85801
-2.16911
-2.54179
-0.27591
-2.30839
-1.48140
-2.77942
-3.49778
-2.23228
-3.84350
-3.82045
-2.99947
-3.34400
-1.57537
-2.15650
-1.95189
-3.62607
-2.34211
-1.78747
-3.15667
-2.89904
-4.34534
-3.06968
-1.72939
-2.41006
-2.17017
-2.18702
-2.72777
-4.06191
-2.60575
-2.92281
-1.55311
-2.60158
-2.99157
-2.89174
-3.43092
-4.05216
-2.77677
-1.46270
-0.48048
-0.94233
-1.57313
-1.72167
-2.04440
-2.05792
-1.29287
-2.41111
-1.07832
-1.76456
-3.33860
-1.37899
-1.00977
-2.17004
-0.42537
-1.15486
-3.73385
-2.37474
-2.96564
0.15038
-0.70995
-0.70805
-1.70418
-3.41843
-1.49607
-0.63115
-3.62202
-1.27123
-2.37899
-0.20604
-0.72108
0.01833
-2.48449
-0.97490
-3.71177
-0.92386
-1.82837
-1.59758
-1.27847
-2.47482
-2.24779
-0.35142
-2.34656
-2.15263
-2.50938
-3.72115
-0.86521
-0.35106
-0.39099
-2.42236
-1.50209
-2.18360
-2.48441
-0.86469
-3.10127
-0.57480
-1.87768
-2.11384
-1.23634
-2.64020
-1.90402
-2.48421
-2.87716
-2.76771
-1.03511
-3.14669
-1.56116
-2.25709
-2.42959
-4.11209
-2.31223
-2.86208
-2.76076
-2.96059
-3.09404
-2.64995
-2.75486
-2.56735
-2.46363
-3.07422
-1.73715
-2.02603
-1.49158
-1.99712
-3.24857
-1.83814
-1.41910
-2.04644
-3.17366
-0.50172
-2.52241
-2.03500
-1.58236
-1.21805
0.22330
-2.29046
-2.35864
-3.57466
-3.08374
-1.43685
-2.41990
-2.71116
-0.86372
-1.57927
-0.46895
-3.70271
-1.56371
-1.76170
-1.77056
0.08682
-2.44959
-1.89245
-1.75871
-1.91685
-1.69232
-1.22653
-3.72013
-3.33894
-3.50072
-2.38119
-1.75424
-2.72074
-1.85408
-3.17868
-3.01093
-1.72498
-3.19027
-2.52636
-1.72838
-2.63346
-2.46240
-2.53562
-2.66617
-2.19153
-1.44795
-1.50464
-2.57178
-1.41790
-0.95630
-3.06929
-1.71630
-2.48076
-1.72490
-3.61239
0.03979
-2.00677
-1.91641
-1.83768
-2.26583
-1.98454
-3.19378
-0.17275
-4.27850
-1.50079
-3.06100
-1.51490
-2.85364
-1.45375
-0.74449
-3.85841
-2.81761
-0.67579
-4.06901
-3.55867
-1.40260
-0.72602
-3.04293
-1.19779
-2.41183
-4.40559
-1.68934
-0.71812
-2.50118
-1.20583
-2.71538
-0.78222
0.68037
-1.48580
-3.07427
-3.02308
-2.59403
-1.82515
-0.92557
-1.40435
-0.73291
-1.94242
-2.55501
-1.55187
-2.54575
-2.26901
-2.53040
-0.02206
-2.63708
-2.41723
-0.92820
-3.39318
-2.09387
-2.09207
-1.83311
-1.99758
-2.78889
-3.25866
-2.29546
-2.64059
-1.35323
-2.54143
-2.57728
-3.41661
-1.71768
-3.20865
-2.59552
-2.04636
-3.07458
-3.13195
-2.58234
-2.68656
-1.89208
-0.85065
-3.28309
-0.95138
-1.92148
-1.83697
-1.24796
-0.94641
-3.13132
-3.15196
-3.09567
2.68315
-3.38511
-1.24362
-2.34639
-1.54702
-0.28415
-1.92118
-0.47294
-3.58970
0.22883
-2.13100
-2.45856
1.21543
-4.49750
-1.65766
-3.63846
-0.93345
-1.66580
-1.64352
-2.62318
-1.52801
-0.90303
-0.86433
-2.43590
-2.04986
-3.16919
-1.02263
-1.79885
-0.70584
-1.65690
-1.36510
-2.02322
-1.89565
-2.61093
-1.56208
-3.48425
-0.93813
-1.70997
-3.26857
-2.01859
-2.21399
-2.67812
-2.76688
-2.91925
-2.85646
-2.84977
-1.13061
-0.11491
-3.58709
-3.45299
-3.21981
-2.43898
-2.57414
-2.06332
-1.74337
-3.10460
-1.65660
-2.37225
-1.18553
-2.86115
-1.94943
-3.50217
-2.62599
-1.34325
-1.79492
-1.24209
-0.51568
-2.80913
-1.65196
-1.81640
-1.91988
-2.05869
-1.79481
-3.39563
-0.14603
-3.26691
-1.06852
-1.91400
-2.68117
-3.40725
-2.10932
-4.18060
-2.46067
-2.40065
-0.40504
-3.65196
-0.83390
-2.93272
-0.18196
-2.31304
-2.71519
-2.22928
-1.05208
-0.45489
-0.77077
-1.25268
-1.79540
-1.58118
-2.79400
-3.22674
-0.78316
-1.70387
-2.02943
-0.58899
-1.42310
-2.03495
-0.68825
-0.52124
-1.89906
-3.19431
0.27777
-4.02349
-0.41409
-3.53273
-1.26887
-2.77974
-0.93059
-1.97959
-2.49293
-0.34298
-0.98741
-2.17580
-3.84696
-1.99899
-3.44150
-1.67741
-3.28784
-2.01919
-2.64742
-0.45430
-3.57836
-1.63746
-3.69075
-3.59832
-2.33185
-2.04853
-2.38981
-1.27390
-3.87002
-1.76772
-2.05860
-2.53054
-2.33698
-1.02970
-1.73359
-2.05520
-2.43750
-1.54290
-1.40117
-1.24912
-3.08585
-1.79239
-0.76405
-1.29502
-2.51269
-0.96722
-2.92490
0.62074
-2.62017
-1.31133
-2.69849
-2.62974
-2.24815
-2.20475
-3.72954
-3.23587
-1.17606
-0.58701
-3.07688
-0.40866
-1.00686
-2.94386
-4.25671
-2.78853
-1.77386
-1.99466
-1.63605
-4.11009
-2.24920
-0.92905
-2.48432
-3.09272
-2.17932
-1.31747
-2.45096
-2.91994
-1.87925
-1.92826
-1.71684
-2.81745
-2.48251
-4.04520
-0.97509
-2.64464
-0.48173
-1.91704
-3.25393
2.10906
-1.70823
-1.33475
-0.68390
-1.67045
-3.23328
-1.91336
-2.95298
-2.38674
-2.98257
-2.11960
-2.44057
-2.74832
-2.32109
-1.88396
-2.18966
-2.28666
-2.63470
-4.15474
-1.65013
-2.65936
-1.57755
-1.20694
-1.12900
-2.79826
-3.20789
-3.67316
-3.45221
-1.50008
-1.82170
-2.23214
-1.96691
-2.03483
0.08710
-3.04354
-4.69534
-3.23864
-2.77559
-2.28528
1.30069
-1.61508
-0.96132
-0.11924
-1.68458
-2.31630
-3.40985
-1.63365
-2.17083
-3.52037
-1.70633
-0.50745
-2.58741
-2.08482
-1.65490
-3.11407
-2.08340
-1.94292
-1.78954
-2.93809
-0.82737
0.08644
-2.54242
-2.82374
-2.50004
-2.26061
-2.26962
-1.71238
-3.73367
-3.10697
-3.55856
-3.84735
-2.30147
-2.81587
-0.99513
0.04071
-2.83243
-2.43311
-3.14998
-2.30727
-2.38904
-3.08329
-1.18029
-3.75074
-2.86170
-1.45017
-1.05292
-3.77192
-1.29337
-1.82822
-2.52726
-1.95624
-2.71208
-4.11416
-2.60220
-1.17200
-0.23199
-3.81769
-3.96850
-2.23881
-2.32250
-1.47004
-0.71295
-1.89166
-0.06550
-2.97684
-2.25309
-2.52085
-1.58715
0.24277
-3.59488
-3.89884
-0.77489
-3.15802
-1.49064
-2.49470
-1.50981
-2.93978
-0.18205
-4.09978
1.15376
-2.79629
-2.87848
-1.68625
-3.07324
-1.92771
-2.41141
-3.01720
-4.06934
-2.19593
-2.11296
-1.86850
-2.68337
-2.06429
-2.01248
-1.59612
-2.30705
-2.36659
-2.29324
-0.01563
-2.99989
-2.81866
-2.64476
-4.19975
-1.31285
-1.96851
-2.01210
-3.01968
-0.94695
-1.70392
-2.24036
0.35118
-2.92520
-2.63499
-3.39428
-2.03985
-0.81463
-0.14590
-1.89958
-2.68357
-2.31158
-2.81194
-0.11966
-0.71721
-3.27818
-0.97597
-3.19491
-2.41216
-1.47757
-1.42554
-0.14759
-2.15922
-2.57392
-2.38691
-1.24982
-2.10713
-3.00021
0.23082
-2.44199
-2.20207
-2.16350
-2.54126
-3.68770
-2.96278
-1.39259
-1.43774
-2.10398
-1.61098
-3.15050
-2.16677
-1.86397
-1.29641
-1.47810
-1.73485
-2.56553
-1.93655
-3.40390
-2.57960
-0.87393
-2.41296
-2.61613
-1.04173
-0.27399
-4.26425
-1.89589
0.13660
0.16577
-3.46430
-2.67062
0.40251
-2.80449
-0.92162
-0.98452
-1.33758
-0.76258
-2.33534
-2.53908
-2.95036
-2.60762
-2.60024
-2.17571
-3.45746
-0.83766
-1.52346
-2.96065
-0.83583
-2.00975
-3.78927
-0.96388
-3.16146
0.08263
-1.99933
-1.55692
-2.73290
-1.82941
-2.11370
-1.96327
-3.25140
-1.51996
-2.38337
-0.63348
-2.22305
-2.36651
-2.62313
-1.98846
-1.80268
-2.00460
-1.22281
-2.93719
0.56880
-2.29280
-0.88826
-3.45492
-1.46483
-1.50377
-1.57920
-1.81952
-2.05912
-2.49315
-2.60508
-2.69890
-4.21903
-0.47661
-2.00915
-0.61531
-2.69598
-0.26185
-3.30341
-3.01217
-1.21723
-1.87240
-2.50538
-1.22661
-2.12907
-1.63416
-3.17781
-2.05453
-3.06782
-2.12376
-2.34766
-1.80048
-0.91338
-2.31323
-1.17506
-2.82096
-0.84097
-2.97367
-1.74670
-3.35165
-2.06340
-1.97193
-3.10105
-1.48636
-2.46370
-0.77058
-2.39851
-2.74157
-3.93760
-0.54834
-1.02613
-2.05034
-1.86865
-2.65645
-3.38866
-0.73741
-1.72736
-2.92728
-3.28848
-2.60929
-1.40293
-0.59352
-2.59593
-3.20518
-2.09158
-3.78746
-0.95098
0.41588
-2.36413
-2.37266
-1.65042
-2.65015
-2.84742
-2.48880
-2.45829
-2.04377
-0.33594
-3.25952
-1.81837
-2.18751
-1.11803
-2.35285
-2.07933
-3.46594
-3.24192
-2.68102
-1.77040
-2.26427
-1.87633
-2.97114
-2.68015
-1.97249
-1.74923
-2.19227
-2.64113
-1.83172
-2.15563
-2.66034
-1.33684
-2.59442
-2.35198
-2.01791
-2.63904
0.74838
-1.75121
-1.76594
-3.09411
-0.65523
-0.10773
-1.70616
-1.99920
-3.19377
-1.82788
-1.33535
-1.46821
-1.08481
-0.48059
-2.34076
-0.62793
-3.64372
-1.90304
-0.66762
-1.74770
-2.97866
-1.06329
-3.05794
-2.63678
-2.64922
-2.32170
-2.26366
-2.94289
-2.37758
-2.29690
-1.51552
-0.46416
-2.96447
-1.98803
-2.04252
-2.45562
-2.81589
-2.43459
-3.30497
-3.48553
-2.37612
-1.72208
-1.53488
-2.13885
-0.14754
-2.25115
-1.30085
-2.71887
-1.34740
-4.11131
-1.02842
