-3.07039
-3.24002
-4.41523
-1.67406
-4.30899
-2.24140
-1.74195
-3.98585
-2.76901
-3.72622
-3.02941
-4.81604
-4.61322
-4.17420
-3.27378
-4.53263
-3.72359
-1.67930
-2.26995
-3.26341
-4.15911
-2.70946
-3.74765
-3.37023
-2.16911
-2.54179
-3.49778
-2.99947
-3.62607
-4.34534
-4.06191
-2.89174
-4.05216
-2.77677
-2.41111
-1.37899
-2.37474
-3.41843
-1.27123
-1.82837
-2.15263
-2.50938
-0.86521
-3.10127
-2.76771
-1.56116
-2.31223
-3.09404
-1.73715
-1.83814
0.22330
-3.08374
-3.70271
-1.76170
-3.72013
-3.01093
-2.53562
-2.19153
-0.95630
-3.06929
-1.83768
-2.85364
-2.81761
-3.55867
-4.40559
-2.71538
-3.02308
-2.59403
-2.53040
-2.09387
-2.78889
-2.29546
-3.13195
-2.68656
-3.28309
2.68315
-2.34639
-3.63846
-2.43590
-1.02263
-1.89565
-0.93813
-2.67812
-2.76688
-3.45299
-1.74337
-1.94943
-1.34325
-1.79481
-3.26691
-2.10932
-2.46067
-2.71519
-0.78316
-0.68825
0.27777
-1.97959
-1.99899
-0.45430
-3.59832
-2.53054
-1.40117
-0.96722
-1.31133
-3.23587
-2.78853
-4.11009
-2.48432
-1.87925
-0.97509
-1.91336
-2.38674
-2.32109
-4.15474
-3.45221
-1.82170
-3.23864
-1.63365
-2.08482
-2.08340
-3.10697
-3.84735
-3.14998
-3.75074
-2.86170
-2.60220
-3.96850
-1.58715
-0.77489
-1.68625
-1.92771
-2.19593
-2.36659
-2.64476
-4.19975
-2.63499
-2.03985
-0.11966
-0.71721
-2.57392
-2.54126
-2.96278
-2.16677
-1.86397
-2.56553
-0.87393
0.13660
-2.67062
-2.95036
-2.60024
-3.78927
-2.11370
-2.22305
-2.62313
-2.29280
-2.60508
-4.21903
-3.01217
-3.06782
-1.97193
-2.46370
-3.93760
-1.72736
-2.09158
0.41588
-2.36413
-2.45829
-3.25952
-3.24192
-2.97114
-2.64113
-3.09411
-3.19377
-1.46821
-3.64372
-2.63678
-1.98803
-2.37612
-2.71887
-4.11131
