7.14759
7.79935
7.35439
5.00524
3.75878
4.87127
3.81716
5.08971
3.83041
0.21809
7.94177
5.18389
0.51062
-0.18190
3.16644
5.25088
3.44920
4.76568
3.81907
3.61816
2.35920
2.19421
2.74099
3.16759
4.55711
3.17464
4.96563
4.40535
5.21891
7.94177
3.54901
6.38297
5.26609
2.61922
5.22517
3.43299
5.77350
7.94177
4.67569
3.64181
3.43017
2.72721
2.03412
5.66004
1.31179
1.06503
3.29826
1.60289
2.56122
4.50535
2.39010
2.75795
1.14601
-0.69805
5.05561
6.49686
1.54671
-0.82981
2.79732
1.18926
7.94177
7.28451
4.37291
3.14135
2.34713
1.77300
3.54665
0.44500
1.35482
3.80900
3.79207
2.80719
2.98086
1.52628
4.27592
2.06456
1.46342
5.17330
1.59428
5.05479
-1.25122
-1.93315
2.88570
-0.77666
1.36193
5.64735
6.65742
6.75641
5.61632
3.69706
2.53374
3.64661
1.54040
5.15704
2.43742
0.25324
6.98681
1.34893
1.24608
4.31473
2.65071
3.35801
5.48334
1.19527
6.17364
3.87166
5.05440
2.30863
2.97751
0.34209
5.67136
-0.55909
2.58587
0.83101
7.12705
1.90766
6.14721
1.69242
5.92560
-0.30322
5.29730
4.69995
5.97027
7.94177
5.82073
3.18796
3.82167
-0.09347
7.87622
1.42918
1.63562
-0.07969
5.40312
4.08838
5.49138
5.74501
3.91177
0.54758
5.03459
6.21343
3.71912
7.65700
3.77672
-0.79307
2.28907
1.96162
5.06946
4.68495
3.45203
1.21326
1.66750
7.19496
2.33483
1.92590
0.23042
3.76783
3.52676
1.86283
4.42620
1.02796
-3.20703
2.74766
4.88593
2.34928
3.00931
-0.94107
1.82126
1.36422
-0.39012
3.90538
2.66360
3.89932
1.85781
-0.41933
0.61246
-0.58085
0.98963
4.79392
2.08903
-1.09914
2.70973
2.02045
2.11515
1.41710
2.58269
1.49468
3.69252
3.52002
-0.96450
-2.06605
1.71701
4.42606
0.39321
3.65122
1.54672
1.01607
0.68479
3.01570
3.14020
3.49667
