-2.23489
-1.00984
-0.97837
-2.67750
-4.46471
-1.10717
-2.60650
-2.87438
-1.47432
-2.45706
-1.43636
-2.79497
-0.63500
1.02570
-3.46833
-1.87434
-2.22866
-0.86127
-4.51671
-2.71666
-1.28623
-1.51076
-3.23244
-2.91988
-2.09436
-1.32394
-1.83899
-1.64761
-3.96528
-1.02955
0.21935
-1.81211
-0.29733
-3.88725
-2.93374
-2.94897
-2.40655
-2.50990
-1.28348
-1.36933
0.52464
-4.17181
-1.40937
-0.58694
-3.67071
-3.28783
-3.28743
-2.48317
-3.04377
-2.99772
-3.66934
-1.55685
-2.22658
-2.06364
-2.39890
-3.79836
-3.59656
-3.87216
-1.85300
-3.09993
1.42721
-0.21764
-3.36841
-4.76676
-0.16433
1.16724
-1.82593
-0.85825
-2.76914
-3.46402
-2.55330
-1.17475
-1.91234
-2.25845
-3.30247
-1.31542
-3.01913
-3.08193
-3.26625
-3.12431
-0.42663
-1.80116
-1.06172
-1.46989
-5.24660
-1.10982
-1.74384
-3.50426
-3.14739
-2.62513
-1.14131
-3.47211
-2.31455
-2.43184
-4.25131
-2.30140
-3.66492
0.42241
-1.24747
-4.24817
-3.80500
-0.64770
0.01206
-1.65977
-3.24448
-3.33911
-1.68740
-2.55642
-1.57539
-2.01229
-2.30286
-2.95211
-2.63808
-2.72082
-0.80410
-0.37866
-2.99683
-0.69647
-2.13975
-3.77281
-0.60882
-1.42175
-2.32163
-3.31178
-1.93447
-0.83662
-3.28492
-3.29046
-2.16021
-1.04924
-2.64615
-3.49194
-0.86277
-1.63123
-3.16199
-2.86858
-2.55538
-3.53169
-1.73465
-3.70841
-1.41048
-2.45359
-1.74000
-2.28933
-3.28480
-3.33096
-1.28431
-3.66592
-0.81023
-3.20764
-3.64672
-3.17567
0.28423
-4.05390
-1.48154
-3.04356
-3.45732
-3.14601
-1.38366
-2.18905
-2.00345
-1.43433
-3.14852
-3.64749
-2.79476
-0.95597
-1.52744
-1.20154
-1.20734
-2.55888
-2.89155
-1.73173
-2.75427
-2.01439
-2.14369
0.11292
-4.18691
-1.60727
-4.52275
-3.65288
-3.26228
-1.54892
-2.40746
-1.63574
-2.67625
-3.35673
-2.61574
-2.66328
-2.93566
-1.70772
-3.65692
-2.04704
-2.22947
-0.38109
-0.40937
-3.58930
-1.45341
-1.49544
-1.68617
-1.82025
-2.04678
-2.57511
-3.53494
-1.54263
-0.69802
-2.17795
-2.45701
-1.05911
1.42133
-2.16842
-3.39811
-3.83382
-2.46345
-1.54096
-2.94445
-0.60719
-0.69508
-2.52551
-3.46770
-3.77375
-2.65197
-3.35296
-2.69705
-2.03328
-3.56594
-1.19506
-2.18191
-3.01675
-2.20299
-1.30395
-1.43313
-2.49813
-3.21794
-3.28754
-1.43564
-1.80728
-3.69136
-0.81499
-1.93541
-3.27445
-1.34751
-0.80652
-1.51625
-3.54608
-0.36287
-2.45270
-2.78906
-0.22588
-2.55080
-4.00296
-3.54412
1.65053
-1.85253
-1.66591
-2.66869
-2.08585
-2.71160
-2.66160
-1.34945
-4.23124
-0.85201
-2.84154
-1.35578
-0.32585
-1.33346
-0.93402
-2.67335
-0.47232
-1.29570
-3.50710
-2.73286
-3.64484
-1.12884
1.15632
-2.20682
-1.89309
-2.86781
-3.29225
-0.34408
-3.57271
-0.90725
-1.44280
-2.11096
-2.58085
-3.33302
-3.13895
-2.65124
-2.31105
-2.55597
-3.64697
-0.70050
-3.50862
-2.68136
-2.02602
-3.53301
-3.29995
-2.71848
-1.92803
-1.23344
-2.13537
-1.93513
-1.64829
-0.72211
-1.41630
-2.42826
-3.46720
-2.30308
-3.56473
0.82217
-1.33804
-1.01764
-3.11605
-2.55754
-2.96621
0.46807
-2.08911
-3.41449
-1.14357
-0.11476
-1.28518
-3.25236
-2.63273
-1.73140
3.09266
-3.66168
-1.62748
-0.09067
-2.50418
-2.42238
-2.06835
-2.89514
1.15957
-3.17854
-4.05267
-2.44741
-3.62180
-3.64934
-0.43412
-1.98873
-2.91263
-3.64899
-0.83257
-1.85188
-2.46611
-1.56843
-1.03679
-2.40125
-1.36273
-0.20303
-0.71249
-2.53870
-3.44408
-1.56466
-3.04266
-2.46763
-1.95849
-2.08428
-1.07984
-2.26903
-2.27335
-1.09571
-1.90309
-1.77044
-1.34489
-2.48908
-2.21217
-0.09851
-3.87631
-2.98031
-3.10548
-2.09004
-2.83204
-3.14178
-3.43909
-3.01411
-1.74452
-0.23154
-2.23095
-1.28509
-0.62119
-3.42657
-4.62481
-1.66146
-3.08053
-1.54685
-2.76649
-3.22368
-1.36064
-1.86276
-3.53009
-2.32772
-1.24390
-1.61502
-2.18867
0.69322
-3.45671
-3.36566
-2.51073
-1.95559
-2.06564
-3.01231
-1.61935
-1.65051
-4.42068
-3.80645
-2.38290
-0.73770
-3.69972
-2.09172
-1.92565
-1.49140
-1.03676
0.17262
-2.69451
-2.97822
-2.83523
-2.79934
-3.66421
-2.83421
-1.56958
-4.58378
-1.82606
-1.99171
-2.62818
-3.43677
-0.14501
-3.27897
-1.80326
-2.42884
-3.13537
-2.99753
-2.06402
-3.16756
-0.32836
-2.84381
-2.11365
-2.53626
-1.27764
-2.13154
-3.96475
0.82913
0.13677
-1.73052
-4.91189
0.80572
-3.98767
-0.78831
-1.58911
-1.96497
-1.25266
-2.01794
-1.78876
-2.48120
-1.08886
-2.67554
-0.11424
-1.98001
-3.31765
-2.98825
-1.46640
-1.89886
-3.81984
-2.98678
-1.26459
-2.92348
-2.57183
-0.12318
-2.32010
-2.55329
-0.01659
-1.54685
-2.51912
-2.52727
-2.16519
-2.13813
-1.11441
-3.61540
-1.45704
-1.41528
-0.89922
-1.88137
-2.24170
-1.82992
-0.08190
-2.36336
-0.39256
-3.70380
-1.95569
-3.31845
-4.49591
-0.41242
-2.10096
0.32020
-0.89270
-1.89035
-3.04356
-0.31964
-4.07579
-1.70120
-2.17813
-0.52212
-3.33413
0.71110
-1.45386
-0.60893
-2.57231
0.60577
-1.61945
-2.20635
-1.71386
-1.79518
-2.79555
-4.57020
-0.77725
-1.21056
2.41328
-2.98324
-1.92527
-1.45901
-0.99515
-1.47549
-0.59029
-3.47415
-3.91560
-2.33153
-3.05661
-2.05748
-2.26005
-4.00736
-1.12471
-1.56636
-2.57977
-0.64158
-1.83455
-2.96645
-2.87066
-2.23857
-3.93211
4.20491
-0.47929
1.55799
-4.13954
-2.55923
-2.61254
-4.13054
-3.59770
-3.98332
-5.21967
-4.26896
-3.81637
-1.80548
-2.10435
-3.99429
-3.12346
-2.52967
-4.36315
-0.67202
-1.77014
-0.93248
-1.88854
-1.19276
-1.48024
-2.35566
-2.26728
-3.49817
-3.39402
-0.80603
1.61133
-0.38789
-2.19552
-2.57714
-0.42287
-1.34710
-1.16334
-2.39409
-0.92340
-1.13224
-1.06123
-1.14757
-4.22104
-1.08699
-4.26739
-1.86379
-2.44575
-3.23875
-2.10273
-0.70948
-2.09536
-3.02729
-2.61172
-2.05691
-1.82090
-1.61853
-0.41276
-3.54192
-2.36189
-4.19762
-3.35871
-1.45151
-2.89236
-1.91646
-0.92660
-3.17712
-2.27294
-1.66021
-1.38739
-2.35777
1.62087
-2.75997
-3.52241
-2.05471
-1.75937
-0.62963
-3.38107
-2.54815
-3.52701
-0.98876
-1.67654
-0.75222
-1.53179
-2.08726
-4.59925
-3.51163
-1.50766
-3.33765
-2.30442
-3.43731
-2.26186
-0.98832
-0.12193
-1.57930
-1.44526
-1.06206
-1.31465
-3.12552
-3.42322
-2.81119
-1.74589
-3.30123
-2.75826
-1.29589
-4.95342
1.76539
-3.81789
-2.00484
-2.00557
-0.29085
-0.42554
-2.84926
-2.14169
-0.39925
-1.15058
-0.12635
-0.53341
-2.04127
-1.81454
-0.42534
-1.45076
-2.30527
-1.36361
-1.28288
-2.40962
-0.91476
-4.51722
-4.35085
-0.02132
-2.92012
-3.48692
-2.85451
-1.09435
-2.28556
-2.54021
-0.39978
-2.75565
-4.02013
-2.70076
-1.17347
-1.56306
-1.05991
-3.30557
-1.62339
-2.77771
-3.02048
-2.69485
-4.65833
-3.76286
-0.98825
-4.82990
-4.42750
-3.96691
-3.46893
0.09748
-3.71985
-3.15733
-1.11581
-2.79239
-0.32699
-1.18167
-2.30809
-1.01836
-2.65082
-3.72445
-2.37512
3.72725
-3.00248
-3.08170
-3.34939
-3.21030
-2.85306
-0.76394
-2.97719
-1.83219
-3.81321
-2.63822
-3.38906
-3.87085
-1.76603
0.92850
-3.58959
-2.61240
-1.89551
-2.45692
-1.06515
-2.25474
-3.02402
-1.35631
-0.87564
-1.44443
-2.97137
-2.95386
-2.32659
-0.93116
0.60718
-2.45206
-3.70092
-4.66294
-2.83071
-3.05652
-0.96726
-3.45524
-2.30549
-0.49601
-2.56325
-3.19831
-2.32847
-1.62734
-2.46530
-1.96550
-1.78950
-2.51838
-1.27092
0.13490
-2.11032
0.70365
-2.22168
0.06122
-3.80876
-1.74781
-0.64567
-1.89239
-2.65345
-2.91337
-3.44459
-3.88454
-1.13288
-1.60871
-2.67921
-0.71213
-3.19713
-3.11199
-2.44806
-1.89197
-3.25358
-2.72638
-0.71126
-1.86365
-2.86658
-4.14563
-1.40965
-1.74898
-1.60705
-2.64290
-1.88339
-2.58564
-1.58166
2.62402
-1.67658
-4.37315
-2.42678
1.35138
-3.73947
-2.05333
-2.60074
-1.30243
-3.11619
-2.53141
-1.05555
-0.03851
-2.43959
-2.37981
-0.46486
-3.53192
-3.58104
1.31946
-1.68757
-3.12286
-1.80475
-1.44150
-0.65603
-4.52594
-3.54692
-2.04770
-3.06156
-1.80095
-2.23662
-2.28046
-1.44376
-1.39509
-2.97163
-1.34405
-3.24593
-3.40371
-1.80231
-1.15655
-1.81895
-2.95627
-0.03815
0.88873
-3.64140
-1.79142
-4.40321
-1.71643
-2.66422
-1.14120
-0.85080
-1.99568
-3.45168
-1.77729
-2.60813
-0.93134
-3.48813
-3.20232
-3.22330
-2.42897
-2.65487
-0.84973
-1.82304
-2.52460
-0.34995
-2.51446
-2.80676
-2.91236
-1.26157
-2.33128
-0.98091
-2.94682
-1.86573
-4.08503
-1.24485
-1.80277
-3.39398
-3.20527
-3.69834
-2.67495
-2.28904
-3.27162
-1.83288
-2.93395
-3.10165
-1.52588
-1.00377
-2.92268
-3.07599
-1.74488
-1.83935
-3.66635
-3.72368
-2.93052
-2.18258
-0.78418
-2.06713
-2.64198
-3.29426
0.42526
-1.23417
-1.78325
-4.32376
-3.21039
-3.60320
-2.16959
-2.14753
-2.09927
-3.25788
-1.63523
-2.22796
-2.56806
-2.32798
-1.65579
0.41407
-3.16065
-2.64586
-2.54964
-0.82914
-1.92943
-3.74982
-2.71486
1.83355
-2.06739
-1.02676
-3.12048
-1.12433
-2.33474
-3.63735
-0.65688
-2.96564
-2.77057
-3.51173
-2.55704
-1.42863
-1.48112
-2.32768
-0.25654
-1.48724
-2.06930
-0.45988
-2.31584
-0.68994
-0.66821
-2.18871
-2.81901
-0.81082
-3.25688
-1.39678
-1.27164
-1.38607
-3.91139
-1.63805
-3.74491
-3.03893
-2.16782
-1.49483
-0.74723
-2.24803
-1.78900
-0.41107
-1.99598
-1.38714
-1.56348
-2.11379
-1.14843
-2.19223
-0.73780
-0.30774
-3.45423
-3.98243
-1.95601
-3.98988
-2.68592
-3.17534
-0.97613
-0.20300
-1.09224
-3.69043
-3.84824
-2.48325
-0.46415
-2.21667
-4.19723
-1.70855
-3.78563
-2.71339
-0.24399
-3.05450
-2.94321
-2.84981
-2.02848
-1.63021
-0.78445
-4.44404
-2.54304
-3.38639
-3.29173
-1.17292
-1.00758
0.96725
-2.20936
-2.27741
-2.02410
-3.01962
-1.99263
-2.64958
-2.68709
-0.23294
-3.66224
-0.41300
-2.09678
-1.89882
-1.39394
-1.57527
-1.58088
-3.42534
-2.38328
-3.97765
0.37407
-2.45000
-2.12330
-1.48597
-2.05554
-2.91201
-2.77265
-3.58060
-2.99769
-1.83709
-3.43972
3.44169
-1.39784
-1.82041
-3.11455
-2.26029
-1.18094
-3.81465
-2.48073
-2.26304
-2.55414
-3.52095
-3.84204
4.41939
-3.09725
-0.74279
-0.69987
-1.83406
-3.22214
-2.02789
-1.88033
-2.49657
-3.32668
-3.58792
-2.01163
-4.32910
-2.27008
-0.51791
-1.24666
-2.44794
-4.64091
-3.70362
-2.44590
-0.82205
0.01772
0.00770
-2.23135
-2.04860
-1.69925
-2.68336
-1.64125
-1.91618
-4.59603
-2.70216
-2.59866
-2.78446
-2.65404
0.60956
-2.62099
-2.24559
-2.82684
-2.99327
-1.39956
-4.08281
1.62524
-3.09558
-3.39414
-2.53293
1.10999
-1.17887
-0.98244
-3.47557
-2.69549
-0.97285
0.61556
-2.03920
-2.61741
-2.12552
-1.66494
-3.93259
-2.71297
-2.29330
-2.48655
-1.50043
-1.39198
-2.90699
-0.52967
-2.51068
-2.52707
-1.77831
-3.55737
-2.11749
-2.32298
-2.57051
-1.56521
-1.35951
-1.93057
-1.27493
-2.65331
-0.28895
1.15781
-0.99623
-1.74024
-2.30759
-2.71456
-2.68872
-0.92073
-1.86112
1.29368
-0.82982
-1.26917
-1.50798
-2.79715
-0.93120
-0.96147
-1.96276
-2.98200
-3.38040
-2.94874
-1.00159
-3.71985
-3.04315
-3.64733
-0.78309
-1.63215
-1.56322
0.19886
-3.26897
-3.09128
-1.45194
-0.94421
-3.23226
-1.47964
-1.93792
-1.95912
-2.34187
-1.04945
-2.70428
-2.92939
-4.29046
-2.63708
-4.08485
-1.52011
-3.22747
-1.79360
-3.28433
-1.24451
-1.24144
-2.68702
-1.66841
1.12286
-1.26088
-4.97198
-2.60551
-2.06096
0.47117
-1.95898
-2.49741
-4.37042
-3.19013
-2.20986
-0.86406
-2.61747
-3.19734
-0.60861
-1.68037
-1.39894
-2.79498
-0.46604
-1.15504
-1.75007
-3.43466
-1.42719
-2.29546
-1.72213
-4.39572
-2.51178
-4.09653
-3.29917
-3.24619
-1.26938
0.35252
-0.89805
-2.38510
-1.94021
-0.15654
-3.25553
0.02485
-1.38052
-3.16434
-2.85976
-3.13033
-2.77872
1.04586
-0.28637
-2.15515
-2.24809
-3.72586
-2.35915
-3.28263
-3.32660
-3.04975
-1.92151
-2.91888
-1.41258
0.31302
-2.61674
-2.37824
-1.91203
-0.51327
-3.29208
-1.93843
-3.93895
-1.81205
-1.34030
-2.17559
-3.34181
-1.34332
-0.77859
-1.18568
-1.70505
3.86442
-3.35106
-1.78774
-2.48137
-1.11897
-3.36223
-2.82957
-2.56881
-0.65239
-0.17311
-3.78258
-2.16594
-2.10042
-1.90574
-3.84352
-1.18483
-2.09009
-2.92395
3.36258
-1.95925
-2.18308
-2.32799
-2.38905
-2.87015
-2.15827
-2.19860
-1.96233
-0.96512
-1.66202
-1.96159
-1.53461
-4.31879
-2.19329
-4.33465
-2.65538
-2.31775
1.39099
-3.01279
-0.12072
-1.73534
-2.16697
-2.35666
-2.53136
-3.57689
0.32901
-4.01437
-4.17770
-2.88032
-1.32973
-0.82712
-0.16246
-2.86944
-0.62889
-1.71642
-1.94358
-2.92759
-2.22511
-1.51924
-2.90504
-1.63397
-3.84231
-0.28710
-0.66907
-3.33344
-2.57763
-4.55040
-0.97903
-2.24134
-3.15746
-2.05183
-3.22633
1.16862
-1.22922
-1.17646
-3.68902
-1.29130
-3.80654
-1.42583
-0.32271
-1.82531
-2.06248
0.80996
-2.74677
-3.58313
-3.27874
-1.62436
-2.12714
-1.72071
-2.50575
-1.40715
-3.21529
-0.80117
-1.92024
-3.73535
-2.47789
-3.01663
-3.39720
-3.14588
-1.21868
-0.49560
-1.61513
-2.44208
-3.80025
-3.16410
-2.50692
-1.39434
-2.89911
-2.54369
-3.15432
-0.17143
-0.11658
-2.62082
-2.30138
-3.00390
-1.71338
-2.92653
-0.32076
-0.62211
-2.16271
-1.80802
-3.24288
-2.73658
-2.85344
0.88323
-1.75758
-2.44577
-3.48781
-1.03512
-1.92626
-1.92431
-2.12116
-0.90360
-3.61189
-1.64619
-1.27789
-1.28372
-4.22799
0.03541
-1.68210
-3.67975
-2.75786
-3.01375
-3.28685
-3.27131
-1.60643
-2.52593
-2.45446
-3.44326
-0.60081
-1.86223
-1.40824
-3.92748
-3.49361
-2.91647
-1.93261
-1.89883
-2.92108
-2.65445
-3.34267
-1.63638
-0.20674
-0.97348
-1.94485
-1.47355
-2.27060
-0.37478
-2.64914
-2.19904
-1.73535
-0.58866
-3.63378
2.92589
-0.11519
-3.40747
-3.29682
-1.37285
-3.55837
-1.90433
-3.15451
-3.80599
-1.29545
-1.14776
0.62939
-3.20143
0.67861
-4.15602
-3.15386
-0.57921
-2.03923
-2.96894
-2.67420
-3.06498
-3.32924
-1.13513
-3.42987
-1.98423
1.81305
-2.66424
-2.22853
-2.85854
-2.32057
-2.25865
-2.47389
-3.25993
-2.40453
-4.43585
-1.55210
-2.36442
-4.26350
-1.67169
-1.76716
0.03496
-2.91685
-2.97322
-2.23506
-3.07798
-1.94763
-3.70359
-2.00350
-2.84294
-1.77030
-3.44821
-2.31795
-3.85351
-3.19535
-2.17286
-2.84703
-3.25397
0.96183
-1.14845
-3.27715
-3.27301
-0.58228
-2.53283
-0.83399
-1.32355
-2.53344
-3.76468
-3.61860
-0.51938
-4.13706
-1.34030
-2.12749
-1.90417
-1.98938
-4.48697
-3.14923
-0.57093
-2.01315
-3.66942
0.38394
-3.79922
-4.00400
-1.18063
-3.15427
-4.09485
-3.76953
-1.90488
-1.77398
-0.64095
-0.82878
-0.35151
-1.19540
-2.73283
-2.44325
-3.11787
-1.56183
-3.86159
-3.66483
-4.30445
-3.59958
0.40600
-1.18483
-2.23067
-2.64311
-2.78625
-4.09271
-0.94896
1.41640
-0.34428
-2.19710
-0.31128
-2.25157
-0.54110
-0.71582
-2.25357
-2.20609
0.65769
-2.72612
-1.04454
1.81011
-2.96959
-2.66848
-0.54596
0.01417
-0.96927
-1.39498
-3.82539
-3.65022
0.53228
-3.59958
-3.04923
-2.37637
-0.22253
-3.14069
-3.94974
0.27796
-2.85860
-2.62118
-2.44287
-2.05929
-2.98876
-4.12229
-4.48532
-2.49873
-3.65399
-2.65969
-1.76715
-2.38779
-2.85444
-3.21683
-2.26366
-0.75364
-1.39822
-1.25662
-1.50591
-0.94816
0.15203
-2.95780
-2.54137
-2.75897
-3.13953
-0.35637
-1.87733
0.51741
-2.79326
