-3.83752
-2.22950
0.40914
-1.57538
-3.58069
-3.19172
-2.49635
-2.65209
-4.14844
-2.39848
-2.92314
-3.80529
-2.19349
-1.95724
-1.93311
-3.20805
-2.15477
-0.46733
-4.31515
-2.15336
-3.24364
-0.97020
-1.98340
-2.84447
-3.31712
-3.13485
-2.86584
-2.69274
-0.56248
-4.21472
-4.81383
-2.71585
-1.43200
-2.51802
-3.14595
-3.16339
-3.14930
-3.21874
-3.61585
-2.95439
-3.08683
-2.60121
-1.59721
-3.57433
-2.25925
-3.51519
-2.48266
-3.50787
-2.92085
-2.68914
-2.12661
-4.07840
-2.05156
-2.37344
-2.46420
-3.15468
0.09074
-2.94421
-3.61471
-1.44993
-2.91500
-2.56537
-2.41945
-2.65037
-3.75026
-3.18318
-3.48905
-3.71750
-2.47338
-2.43111
-3.04318
-1.61689
-1.86281
-0.94926
-1.83797
-2.41019
-1.75299
-2.32035
-1.24668
-3.47916
-1.49572
-3.47348
-0.19965
-2.15827
-3.49825
-1.13907
-2.21114
-2.75959
-1.87256
-1.21055
-1.51852
-2.58959
-1.06057
-3.77089
-2.70106
-4.32747
-3.70996
-2.98977
-2.98237
-3.34520
-2.04559
-1.45241
-4.06512
-3.09361
-1.69742
-2.54964
-1.10793
-2.54761
-0.42494
-1.94489
-1.13435
-3.02659
-1.48804
-3.35475
-1.00888
-3.02515
-2.79190
-1.27651
-1.50019
-1.88061
0.24357
-2.72593
-2.48414
-3.17845
-2.99655
-1.64813
-2.34723
-3.17043
-4.14632
-4.84207
-0.85612
-1.66650
-2.64894
-3.50936
-2.02078
-2.32772
-4.94512
-3.27175
-4.00204
-3.24227
-2.08572
-1.25138
-2.90449
-3.45319
-3.10832
-1.99743
-0.13185
-1.18558
-2.51185
-1.80646
-1.24433
-4.22195
-2.85952
-3.20146
-2.50191
-3.30936
-3.18648
-2.87220
-2.86098
-3.46154
-3.04015
-2.52610
-4.00916
-1.96325
-2.19489
-0.01413
-0.15646
1.06435
-3.07046
-1.15376
-1.61570
-4.37573
-3.86328
-3.25274
-3.12873
-1.76832
-2.62323
-3.19592
-2.18559
-2.02848
-0.44887
-1.71497
-2.72921
-2.99062
-0.66771
-2.61648
-1.28089
-1.74328
-1.53108
0.05513
-1.44544
0.82973
0.23336
1.76099
-3.11472
-0.36018
0.71388
-3.82202
-4.92474
-2.24261
-1.25816
-2.26117
-2.79661
-2.32438
-0.64152
-2.31373
-2.80635
-2.46240
-2.07658
0.71015
-2.69546
-0.61797
-0.96221
-2.51895
-2.11911
-3.69206
-2.84273
-2.85357
-2.10320
-3.92691
-3.44502
-2.55110
-2.55225
0.13197
-2.28719
-1.68300
-5.07342
-1.52921
-1.02161
-3.57860
-1.46384
-0.58113
-0.79285
-2.87970
0.69650
1.01147
0.43504
-1.99645
-3.01650
-0.40026
-2.10979
-0.18190
-3.50595
1.32752
-2.15516
-1.21068
-2.60020
-0.77992
-1.26661
-2.02583
-2.55748
-0.96430
-3.04593
-1.68258
-2.11072
-2.51691
-3.49421
-1.92191
-2.32878
-2.26674
-3.38235
0.36942
-2.15931
-2.92386
-4.11475
-2.99119
-2.18641
-2.31485
-3.09775
-1.53523
-2.98000
-2.57469
-3.44857
-2.59968
-2.50335
-3.32949
-2.16471
-2.59282
-1.58672
-1.81498
-3.04905
-3.47095
-0.74497
-2.74938
-2.87441
-1.75840
-1.70678
-0.20913
-1.45945
-1.47945
-2.80160
-2.24084
-3.04306
-3.76903
-1.49826
-2.28642
-3.53500
-3.62501
-3.61955
-3.95998
-3.62478
-3.09554
-1.88308
-3.82151
-2.68020
-2.00186
-4.16328
-4.60677
-2.77847
-0.69261
-2.55515
-4.14722
-3.76563
-3.51560
-2.20272
-4.51173
-2.95839
-3.54021
-3.67189
-0.24281
-3.48231
-2.59733
-1.16850
-3.48908
-0.38599
-1.78564
-1.46204
-3.20221
-1.52360
-1.75779
-1.73737
-3.38137
-1.71520
-1.31666
-3.35901
-2.60786
-1.82352
-0.31443
-1.83863
-3.31303
