2.84189
5.12116
2.31010
4.58861
6.14159
6.43277
8.36155
2.95181
6.96248
6.23719
8.36155
3.38786
0.97897
-0.13644
4.70188
6.79936
2.66562
-1.59662
6.27353
3.91911
6.85116
1.42538
4.22387
4.09183
7.47242
7.99426
4.60251
6.81575
4.81404
-0.68380
5.34570
0.98571
5.21707
7.23061
1.78371
5.89821
3.35767
1.82734
3.04460
6.14285
3.09312
6.98416
6.64887
1.84013
3.14236
4.17599
3.01734
2.92458
-0.11222
1.79737
2.46130
0.03325
2.81052
3.32959
2.27062
2.07400
4.12397
4.56956
4.33005
6.15542
-1.57256
-3.92457
7.47614
3.95437
6.89069
3.31424
5.11433
2.76244
3.05069
2.05852
1.08212
3.73685
4.74094
1.84416
1.69023
2.99670
5.51627
6.46322
2.75722
-0.73913
3.90853
1.99505
7.69634
1.90919
5.32829
-0.63263
4.36206
-2.01981
5.39947
2.34279
5.01364
6.93658
0.71471
7.01857
5.89723
6.14658
5.15910
0.62236
2.48176
0.72265
4.83373
6.91037
2.11651
8.16985
2.61343
7.47982
5.20293
7.26189
5.12585
2.21848
4.99616
0.76265
1.88281
-1.49303
6.50024
7.46459
5.22931
0.90749
2.68701
1.10966
4.66630
1.79977
4.76735
-0.29320
2.74090
0.28663
4.86239
3.97832
5.25652
4.11419
1.42230
-1.16328
3.23905
0.57713
7.29376
4.87330
4.93170
6.32594
8.07793
2.68218
7.45332
4.77632
7.01558
5.08553
7.54989
6.52149
4.91627
5.18898
6.15392
0.84912
3.13723
8.36155
3.48935
1.05551
3.95664
3.65390
7.41018
3.14718
1.71081
-0.00871
2.94188
3.62896
3.24744
5.58585
3.63507
3.02627
4.48760
7.40783
2.31333
0.58904
5.10816
6.46695
0.84416
1.17310
3.70505
6.18005
1.14327
5.12975
2.10831
3.38241
4.21226
-0.33712
3.55999
4.34319
8.36155
4.18812
4.28301
6.54232
2.29546
2.26410
4.08224
4.40726
4.98807
2.08297
5.79169
-0.20628
6.20443
0.23046
2.17667
-0.07135
1.99420
5.38782
4.34718
-0.30365
4.99549
1.79783
4.65219
1.26798
2.15820
3.75653
3.50279
-0.48480
5.55711
3.45293
3.72818
5.47946
0.36550
3.39069
2.06789
-1.24824
2.59405
0.70387
3.18808
-0.99206
0.96904
3.79662
3.31815
2.93649
5.94560
0.86305
3.28747
4.15428
5.24933
3.66572
6.27237
4.11569
2.04599
6.48762
0.88465
3.77821
6.05579
2.65340
3.97025
3.56014
0.95612
5.00702
4.40140
2.93131
4.11701
6.12693
1.86095
4.84237
8.36155
4.83949
8.36155
0.03449
5.69602
3.00258
4.77161
2.15186
0.23350
2.46404
6.35311
2.08974
3.52712
3.53498
1.81323
-0.77319
4.67347
3.10384
4.45484
-2.17863
2.09101
5.13331
3.07362
5.54538
4.53651
0.49913
3.75084
0.23200
0.29631
7.89939
3.03070
-0.46675
2.30553
5.34852
7.06396
5.69487
2.54533
5.96736
4.28530
3.42809
1.75098
4.57794
4.22579
3.01583
8.36155
-2.68684
4.06787
4.82149
3.37258
6.59524
0.66724
-0.33013
0.91466
-0.53968
2.77912
4.52228
3.80424
2.66799
1.13930
-0.45508
4.50367
3.77884
4.64200
7.63721
2.29490
-0.97911
-0.34864
3.94523
0.33598
5.53178
4.98904
5.38612
5.77290
6.26365
5.00743
0.73133
5.56626
2.75403
2.42016
-2.35138
8.36155
8.09361
0.96753
-0.67745
2.77687
2.38055
5.73519
3.05597
2.70317
2.01936
6.77028
2.33325
4.12248
3.19771
0.90223
4.05691
5.68647
7.20851
2.76093
5.57160
0.98683
3.84386
3.10838
5.79509
0.85981
4.73577
-1.92288
5.81666
5.27963
3.14195
2.02432
-0.55417
6.89811
7.59571
4.09698
0.39070
3.87866
5.12894
1.46468
3.48871
3.31820
6.62911
4.21491
1.54149
2.01663
4.61244
3.44566
3.65402
