-0.32742
-1.88752
-0.72442
-1.65091
-2.79749
-1.59142
-2.54470
-2.45418
-2.57529
-2.62247
-2.25561
-3.17155
-0.91723
-3.10971
-3.33514
-2.19767
1.37358
-1.02715
-2.70343
-3.65946
-2.21575
-1.95565
-3.34808
-2.77761
-2.03394
-3.04923
-1.68821
-3.52407
-2.44503
-0.91222
-2.68571
-2.41525
-1.51708
-3.10027
-2.96307
-2.04107
-3.16163
-1.40271
-1.78863
-2.34341
-2.84744
-2.60788
-1.83659
-3.00472
-2.64924
-3.26388
-2.84982
-1.43545
-2.49310
-2.18967
-2.38023
-1.83190
-1.37900
-2.17680
-2.45463
-0.25738
0.02851
-2.32895
-3.35979
-1.40378
-2.58266
-2.15823
-2.31485
-2.73794
-3.25156
-2.37031
-3.16221
-2.01988
-2.47823
-2.12534
-3.28556
-1.83644
-1.94527
-3.63944
-1.20804
-1.90862
-2.77454
-2.21025
-1.99595
-2.65613
-3.04514
-1.71386
-3.47018
-2.65408
-2.46584
0.33173
-2.31612
-3.47557
-2.46095
-1.54851
-2.85483
-2.85491
-0.26838
-0.23741
-1.96877
0.23129
-0.53013
-0.68547
-1.71895
-1.52456
-2.71086
-1.50465
-2.54203
-2.46018
-1.33569
-1.73151
-2.35613
-2.95279
2.74817
-1.04566
-1.82753
-1.44882
-1.37948
-2.25847
-0.33835
-2.54916
-2.87624
-0.05860
-2.17077
-3.03797
-3.07558
-1.62413
-2.84148
-0.97149
-1.66636
-1.25220
-3.05809
-2.84758
-3.71249
-1.97273
-1.57163
-2.30753
-1.52920
-1.66674
-1.29636
-1.41989
-2.57821
-3.07666
-0.92810
-1.99832
-1.57757
-2.02580
-1.04880
-1.29071
-1.04395
-2.14008
-1.82885
-2.06303
-2.51891
-2.42588
-1.48565
-1.54836
-1.82932
-0.65023
-2.03984
-0.48594
-1.80565
-1.95731
-2.53933
-2.97184
-2.73859
-1.60807
-2.45816
-1.01721
-3.10679
-2.04925
-1.95935
-2.59208
-2.44648
-1.60562
-3.76581
-0.72728
-1.92808
-1.22072
-3.32746
-3.33557
-0.31944
-3.27754
