-0.32742
-1.59448
0.01809
-2.17400
-1.25808
-1.13033
-0.59454
-2.30109
-2.26076
-1.88752
-2.56606
-0.72442
-1.07454
-2.62887
-0.77922
-0.51750
-1.69288
-2.54107
-1.65091
-0.80271
-2.68610
-1.59030
-1.53994
-2.45839
-0.73336
-2.49963
-2.79749
-1.59142
-2.79651
-1.09073
-1.68425
-2.47319
-0.47029
-2.47900
-0.89906
-2.54470
-1.68373
-1.22297
-0.93067
-1.72804
-2.75253
0.15009
-2.13773
-2.45418
-2.57529
-1.29056
-2.10476
-1.05673
1.01679
-1.01489
-2.41816
0.27388
-2.00102
-1.91491
-2.03703
-1.93904
-2.24942
-2.62247
-2.73802
-2.37031
-2.25561
-2.60090
1.07465
-0.81165
-2.05291
-1.61187
-0.10264
0.24146
-1.46328
-0.60408
-3.17155
-1.76494
-1.35767
-1.99624
-1.84190
0.61334
-2.53332
-3.57213
-2.16380
-0.91723
-2.15364
-3.10971
-1.37907
-3.11192
-3.33514
0.37100
-1.40857
-1.13804
-2.20669
-1.54723
-2.29740
-2.71063
0.35938
-1.71710
-2.19767
-2.97473
-3.17068
-2.03000
-0.93791
1.37358
-1.28541
-2.31504
-1.02715
-1.33490
-1.38531
-1.43483
-3.10514
-3.11606
-2.70343
-1.75292
-3.38251
-2.21749
-3.65946
-1.78341
0.04412
-1.25975
-0.94260
-1.32941
-0.26901
-2.21575
-1.12522
-1.11404
-1.84171
-0.40578
-0.39728
-1.95565
-1.60200
-2.37377
-1.20156
-2.50385
-0.00117
-1.89918
-3.34808
-1.08956
-1.59769
-1.22778
-2.77761
-2.23554
-2.96306
-2.16008
-2.03394
-3.04923
-3.02640
-1.58176
-2.08768
-0.70068
-1.93274
-0.82039
-2.53005
-0.06518
-1.55649
-1.39404
-1.19087
-0.54794
0.04892
-0.97761
-1.68821
-2.95563
-3.52407
-2.47759
-2.06480
-1.69799
-0.57247
-2.59112
-1.48277
-2.44503
-0.60651
-1.66827
-2.11163
-1.03230
-2.31962
-2.04644
-2.14573
-0.91222
-2.31200
-0.70112
-1.46997
-0.86512
-1.80789
-3.43636
-2.68571
-1.25412
-2.54359
-1.78857
-2.03379
-2.47327
-2.41525
-2.53686
-0.29371
-1.51708
-1.25855
-1.47998
-1.08417
-1.18291
-1.93881
-1.28595
-3.10027
-2.43996
-2.96307
-2.88578
-2.04107
-0.09980
-2.22098
-2.16869
-3.16163
-2.11675
-2.72024
-0.61048
-1.48117
0.67832
-0.76537
-2.68557
-1.40271
-2.27890
-2.89509
-1.62064
-0.53926
-1.78972
-0.16536
-2.20492
-2.31152
0.42106
-1.15713
-1.78863
-3.08410
-2.34341
-1.42028
-2.22689
-1.77090
-2.03676
-1.62035
-1.09815
-2.11986
-0.74808
0.15076
-2.26684
-3.03997
-2.84744
-2.60788
-1.06013
-1.21516
-0.97128
-2.77814
-2.65005
-1.52298
-0.02796
-1.83659
-2.27283
-1.16252
-1.76849
0.72704
-2.84827
0.11753
-2.41035
-3.00472
-0.46898
-2.92603
-2.64924
-0.72030
-1.89437
-1.04490
-2.67393
-0.59761
-0.74081
-2.01361
-2.18934
-3.26388
-1.10108
-0.26384
-2.55475
-2.84982
-1.52420
-1.28027
-1.07669
-1.05475
-2.50339
-2.12630
-1.43545
-1.41618
-0.98711
-1.15602
-1.59740
-1.40289
-0.61972
-2.49310
-0.87579
-0.75908
-0.66320
-3.09879
-2.28412
-2.18967
-1.04620
-1.79508
-1.75547
-1.40616
-1.88087
-2.38023
-2.07949
-1.83190
-1.10919
-1.70565
-2.27038
-2.67355
-2.63676
-1.37900
0.15812
-2.96644
-2.36455
-1.18812
0.28718
-2.17680
-0.62959
-2.64862
-2.45463
-1.31776
-1.73157
-1.03947
-1.81960
-1.61884
-0.14643
-1.96638
-0.65573
-0.25738
-1.94301
-1.38689
-2.27582
-2.50356
-1.49686
0.90905
0.02851
-2.26150
-1.83655
-1.75884
-1.61017
-2.80727
-2.32895
-3.35979
-2.38594
-0.59024
-1.63763
-0.86450
-1.80724
-1.99304
-2.43018
-0.26618
-1.86343
1.70551
-1.26855
-3.14781
-0.68307
-1.40378
-1.79442
-2.53866
-2.58266
-2.15823
-1.69479
-0.22161
-1.02724
-2.38186
-1.79086
0.18440
-3.47538
-0.72786
-2.45057
-0.77168
0.03341
-0.27425
-3.01673
-0.98742
-2.31485
-2.73794
-0.34463
-0.64557
-2.18978
-2.45788
0.80665
-0.05510
-1.19334
-1.46524
0.59342
-2.90579
-1.77350
-1.07590
0.14313
-0.71997
-3.25156
-2.55074
-2.37031
-3.23248
-1.73726
-3.16221
-1.54819
0.13383
-1.14279
-2.63750
0.57310
-2.01988
-2.47005
-0.02342
-0.76692
-0.94979
0.08588
-1.53350
-1.28598
-2.91351
-2.47823
-1.06069
-1.31540
-2.12534
-1.47875
-0.49495
-0.66277
-1.18463
-1.97675
-0.46408
-2.89340
-0.28012
-2.03746
-2.03639
-3.28556
-1.83644
-2.19530
-1.94527
0.24472
-2.98034
-1.23666
-2.83845
-1.10678
-1.65568
-0.60530
-3.63944
-1.20804
-2.77200
-1.52008
-0.75708
-1.50160
-2.38235
-1.90862
-2.26398
-0.61619
-1.34623
-2.36298
-1.31922
-0.80876
-1.55656
-2.77454
-2.07952
-0.49750
-0.79857
-2.81023
-2.21025
-1.99595
-1.81726
-2.66012
-1.87999
-2.65613
-0.39177
-2.00117
-2.11526
-2.78918
-3.04514
-1.71386
-2.34611
-3.01571
-1.70239
0.26663
-2.12601
-2.06737
-2.68013
-2.12332
-2.41144
-1.60358
-0.90924
-2.74785
-0.95600
-1.72071
-3.47018
-1.06156
-1.18154
-2.48400
-2.65408
-0.83779
1.05326
-1.28594
-1.27406
-0.69786
-2.87332
-2.28259
-2.46584
-1.19140
-2.16762
-2.01585
-0.97306
-0.83918
-0.46591
0.33173
-2.75096
-2.35329
-2.73754
-1.23193
-2.31612
-3.47557
-2.13072
-2.12256
-0.91450
-1.71793
-2.55980
-0.83240
-1.40841
-0.33148
-0.42332
-1.72166
0.65632
-2.79896
-2.46095
-0.37009
-1.95088
-0.11131
1.60200
-1.98301
-1.24206
-2.66758
-0.74269
-0.88433
-2.77899
-0.54313
-2.41547
-1.54851
-2.65149
-2.08147
1.23459
-2.85483
-2.43005
-2.68859
-2.85491
-2.03302
-1.93014
0.07453
-2.42823
-0.99829
-0.85286
-1.62421
-0.26838
-2.08702
-0.23741
-1.87847
-2.99361
-2.62638
-1.26458
-0.57212
-2.09795
-2.69101
-2.43123
-0.55410
-1.96877
-3.03187
0.23129
-1.50473
-0.99890
-1.47073
-3.01402
-1.72386
-0.85172
-2.02342
-0.93350
-2.12080
-0.53013
-2.63612
-1.53529
-2.00021
-0.68547
-1.34346
-2.81621
-2.07338
0.43742
-1.21947
-0.75662
-1.71895
-2.15507
-2.27415
-0.72390
-2.56405
-1.52456
-0.01526
-2.56270
-2.70833
-3.34988
-0.46484
-2.46450
-2.71086
-1.27351
-2.72041
-2.15999
2.09394
-0.37808
-2.50835
-3.17352
-3.13706
-1.50465
-1.57900
-2.82042
-2.14859
-2.54203
-0.71470
-1.44313
-0.65897
-1.95289
-2.84389
-1.93589
-2.26981
-2.46018
-1.33569
-3.10874
-2.35246
-1.17077
-2.39609
-1.73151
-0.44343
-0.43514
-2.17937
-2.16542
-1.23544
-2.90764
-2.35613
-2.95279
-1.25244
-2.95292
-2.21793
-0.45965
-1.68724
-1.77451
-2.67244
-0.05385
-2.21714
-1.17314
-0.79738
2.74817
-3.71022
-2.99950
-2.92372
-1.04566
-1.34528
-2.49734
-3.14956
-3.49902
-1.82753
-2.21547
-1.25756
-1.06059
-1.44882
-1.37948
-2.40515
-2.25847
-0.04453
-1.07212
-2.63408
-1.90760
0.44738
-1.14077
-2.06341
-0.40913
-2.65313
-0.33835
-3.63973
-0.67158
-0.31169
-2.65234
-2.90142
-2.03380
-2.47212
-2.54916
-2.87624
-0.50088
-2.08245
0.71565
-2.15099
-0.91396
-2.22014
-0.17267
-2.12119
-0.05860
-2.09045
-1.71421
-1.88432
-2.15532
-2.25630
-2.17077
-0.96237
-2.07604
-3.03797
-2.18359
-3.07558
-2.42613
0.67719
-1.62413
-1.61663
-1.07117
-2.06772
-1.19613
-0.39164
-2.84148
-2.22553
-2.71268
-2.59853
-0.97149
-0.99320
-0.85626
-2.40670
-1.38526
-2.08230
-2.95938
-1.66636
-1.25220
-2.01090
-0.57012
-2.72697
0.58730
-2.26645
-0.71844
-1.50748
-1.45782
-1.36530
-3.05809
0.74325
-2.84758
-2.92354
-1.09792
2.02466
-1.18880
-0.35122
-1.61879
-0.54992
-1.16365
0.85192
-2.61721
-3.71249
-1.97273
-0.74509
-1.94362
-0.98188
-2.89942
-0.63311
-2.82653
-1.57163
-3.04187
-2.30753
-1.51223
-2.36060
-2.28000
-3.00799
-1.52920
-1.37547
-2.91414
-1.87532
-1.66674
0.44498
-1.61550
-3.12903
-1.74769
-2.09326
-1.05044
-1.38145
-1.29636
-2.29965
-2.50102
-0.27593
-1.84677
-1.41989
-1.68366
-1.99710
-1.97189
-1.83230
-1.26864
-2.57821
-2.86353
-1.43651
-3.23403
-3.07666
-1.78896
-2.32931
-0.92810
-1.08506
-2.30748
-2.65669
-1.03352
-1.34737
-3.06617
-1.58694
-3.07947
-1.99832
-0.73778
-1.09073
-1.92678
-1.88965
-2.54766
0.49847
-0.47237
-1.57757
-2.89307
-2.02580
-2.57798
-3.28530
-1.04880
-1.27873
-2.31791
-2.83498
-1.29071
-0.26695
-1.34085
-2.26899
-0.74233
-1.04395
-0.18011
-1.43518
1.08628
-0.82165
1.86818
-3.01404
-0.33701
-2.14008
-1.30638
-1.48110
-3.03402
-1.36412
-1.85672
-1.82885
-1.91239
-2.64226
-2.86387
-2.55709
-3.19675
-1.89523
-1.21840
-1.64369
-0.27691
-2.27463
-2.68702
-2.06303
-2.22387
-0.59807
-2.51891
-0.00797
-2.57230
-1.82335
-2.73292
-3.26927
-2.42588
-2.16964
-2.99006
-1.60560
-2.77899
-1.48565
-1.54836
-1.79403
-1.50620
0.63758
-2.24462
-2.26255
-1.06494
-0.21738
-1.35811
-0.43510
-0.88113
-1.82932
-2.39301
-2.40723
-1.97200
-0.65023
0.37830
-2.72508
-2.72713
-0.37856
-1.73196
-1.21640
-0.61126
-2.03984
-2.45211
-2.63209
-0.48594
-1.23742
-2.67088
-2.34433
-1.77016
0.44359
-2.83559
-1.02397
-3.21774
-2.37917
-1.72572
-1.80565
-2.80699
-1.40330
-1.31469
-0.68731
-1.69751
-3.20013
-2.23349
-0.98197
-2.07171
-1.95731
-2.15466
-0.77258
-2.30421
-2.53933
-2.36621
-2.77248
-1.90604
-2.97184
-1.70952
-1.51921
-1.10987
-2.73859
-2.23884
-0.92142
-1.60807
-2.68076
-0.36218
-0.63929
-2.06869
-1.66475
-2.45816
-1.98772
-1.43066
-2.68067
-2.03287
-2.87942
-1.01721
-0.90569
-2.16144
0.02118
-1.65594
-2.17546
1.18704
-1.17796
-2.32472
-2.30828
-3.10679
0.79008
-2.60917
0.77896
-2.04925
-2.52410
-2.78271
0.02971
-0.69562
-2.26652
-2.32315
-1.95935
-1.09735
-2.83476
-2.59208
-1.31000
-1.05075
0.47459
-1.63301
-2.09999
-2.38028
0.18309
-2.44648
-1.60562
-2.73946
-3.76581
-2.40387
-1.29182
-3.23225
-0.72728
-3.52405
-1.43499
-0.83174
-1.12154
-1.73824
-1.14745
-2.68634
-0.92916
-3.17505
-2.63399
-1.92808
-2.34185
-2.95092
-1.22072
-1.96210
-2.18923
-2.69316
-3.32746
-2.77508
0.32248
-2.68520
-3.33557
-3.31167
-0.48648
-0.31944
-2.20570
-3.27754
-0.19361
-2.46905
-1.79889
-1.48218
-1.08674
-0.85957
-1.58574
