0.40195
4.78311
1.97657
-0.91056
5.16613
1.05438
1.20073
6.79020
2.22152
1.92973
1.43191
2.52053
3.25262
4.55345
5.49215
3.25257
4.21514
0.51192
2.59076
-0.84872
1.58913
-0.78066
6.28311
5.94088
5.64697
1.50778
5.33459
5.19311
1.54370
5.44338
6.26344
4.24902
3.30170
3.12375
4.05478
-0.37360
4.73355
-1.29788
8.03890
-0.50772
2.85917
6.34808
2.35147
2.59247
2.30814
0.29088
5.53747
2.74831
1.39017
3.49475
4.01962
3.92240
4.62814
2.99422
0.24607
0.53526
0.75725
2.07538
2.65127
1.09724
1.61534
0.94513
4.05224
-0.17094
-0.07180
0.23659
4.56836
2.29126
3.10499
5.81606
2.77482
1.66147
3.81320
6.04012
2.10256
3.78099
5.33419
2.70279
2.62556
2.61734
5.64987
4.45546
-0.23676
2.87168
4.17319
3.13048
0.61184
6.29888
-0.55009
-0.70155
-0.80206
-0.00992
-0.93824
-1.38046
1.44640
2.94640
0.84707
2.35796
1.96393
3.67445
6.51338
1.66846
4.27408
-1.66400
4.13511
3.20087
1.92873
1.81910
6.45439
2.37189
1.66466
3.80288
4.05216
-0.35985
2.21859
4.38492
2.21386
1.91342
3.04350
3.54693
3.46819
1.48596
2.80887
2.14893
6.78040
2.03674
7.10844
2.02259
2.52074
1.54729
3.90000
3.46246
6.07144
0.04677
3.22278
3.35476
1.82931
3.82751
2.17297
8.03890
2.02194
4.50841
6.05251
-1.63487
3.06006
3.78946
7.28174
2.73795
3.14999
0.08994
2.69627
3.86091
3.47043
6.90393
1.39816
1.60389
3.65388
1.04894
0.18211
1.51712
-2.71846
4.10251
4.39367
3.46682
1.02460
4.81719
4.54631
3.65930
-0.74644
1.94846
2.01818
0.27677
0.32344
0.16009
6.27411
3.90616
5.71216
5.01159
6.76442
1.73258
0.56523
