-1.56352
0.71684
3.16333
3.03380
0.87862
2.10292
0.17681
2.11422
1.96978
1.84841
-1.37072
1.25730
1.69517
1.82543
3.80172
2.74876
0.33986
-1.13170
1.04184
2.74982
3.34626
1.34433
2.03218
1.26069
3.19040
1.89532
2.53691
0.46109
1.65799
2.90677
1.01665
3.22259
2.25967
2.25724
2.30335
1.52579
1.32463
2.07497
-0.00415
4.33730
4.72256
4.23122
0.18485
0.52526
4.31954
1.69632
2.45845
1.29806
1.84316
-0.41330
1.57092
0.45188
5.27673
5.71328
4.56732
3.43902
3.29874
4.03123
-0.57061
-2.47396
2.87129
3.52984
0.05081
4.11684
3.78167
2.39346
0.79513
-1.12370
4.28093
3.10868
2.09268
2.72807
1.56609
2.00790
1.68838
3.16239
2.92961
2.49473
1.48440
1.66052
3.21352
3.94706
1.00683
1.74328
1.95586
5.50720
2.77869
1.92253
2.28972
2.05630
1.02665
2.09083
1.85912
3.60620
2.25289
3.61215
1.20028
0.47010
-1.38769
0.72366
3.01538
2.86781
0.62196
1.60348
2.44515
3.29841
4.75184
3.84624
2.95457
4.43774
1.46201
4.37516
2.37792
3.02692
0.40119
3.59859
1.59985
3.51540
3.99145
1.82969
5.71328
4.96840
3.72758
-0.38752
1.19451
2.87676
3.40269
1.90657
-1.44906
-0.50901
3.73072
4.18819
1.58009
2.81344
4.79369
-1.94349
2.06913
-0.94282
2.74623
3.18656
3.80579
5.14690
3.09020
3.81045
3.32113
-2.91640
0.39695
2.92847
2.56761
1.41755
3.22643
0.82729
2.43201
3.30128
0.46710
3.63521
0.73176
2.66408
3.94352
2.14089
2.03673
5.71328
1.50041
2.54348
4.86248
2.53977
3.08366
2.92156
1.78068
1.50216
0.45930
-1.21949
1.67299
1.93793
1.70504
0.22547
-0.19324
1.53991
3.16126
3.16305
3.08224
2.28233
0.03728
2.99160
2.66882
4.21719
1.80427
3.95660
3.57902
2.08201
2.58636
3.93078
4.41202
2.69758
4.59738
2.24798
1.49056
3.21765
4.45981
0.43365
