-0.80938
-2.32043
-1.82185
-0.28627
-2.16868
0.26276
-2.15567
-4.27283
-1.24630
-1.08148
-3.78498
-2.20799
0.08971
-1.74660
-1.46116
-2.38513
-1.96520
-0.68832
-3.13777
-2.08345
-4.32808
-2.48749
-4.21293
-2.14060
-1.61360
-2.06482
-0.99551
-2.78096
-2.73017
-2.70621
-2.63770
-3.08970
-3.57586
-2.89352
-2.75701
-1.32946
-1.56568
-3.74960
-1.32881
-2.05670
-3.59131
-2.41193
-0.94270
-1.60476
-2.22697
-1.41810
-1.95581
-0.51450
-3.60774
-1.94580
-2.76872
-3.20224
-2.52635
-2.26998
-3.48417
-1.95092
-2.33927
-3.42877
-3.36342
-1.90298
-2.83716
-1.93869
-2.98568
-4.04876
-1.94917
-2.84063
-1.18554
-3.79010
-3.25511
-3.75365
-3.71674
-1.62008
-1.52887
-2.28119
-1.19149
-1.10895
-2.13885
-3.22618
-1.90722
-3.97343
-2.79712
-3.51901
-3.19924
-1.09775
-4.02025
-2.28735
-2.69993
-1.41494
-4.17462
-1.76035
-2.66396
-2.18056
-2.37017
-1.97346
0.15584
-0.84595
-0.68232
-2.34758
-2.59884
-1.27256
-3.37521
0.04781
-1.48025
-1.08343
-1.59426
-3.10330
-2.22080
-0.92287
-0.06735
-2.60319
-2.22129
-1.51113
-1.90038
-0.83063
-4.32235
-3.74488
-2.59344
-0.40260
-0.97545
-1.50250
-1.38791
-3.03038
-1.30729
-0.39119
-2.09800
-2.87903
-0.04197
-0.30460
-2.63855
-2.70678
-2.40559
-0.21994
-2.18647
-1.24963
-1.61449
-1.81395
-3.73443
-2.38031
-2.78744
-0.67673
-2.65471
-3.77625
-2.24121
-2.89619
-0.42696
-0.97305
-1.91408
-2.40528
-1.03762
-3.20532
-3.12012
-1.00238
-1.89984
-2.99211
-1.83965
-2.11595
-0.82878
-3.32573
-2.78802
-1.21422
-2.91404
-1.93084
-3.12026
-0.75911
1.01966
-2.60676
-3.61325
-2.31794
-2.44435
-1.79115
-3.15727
-3.24888
0.28641
-0.61637
-3.51954
-2.41755
-3.41313
-3.14715
-2.31639
-2.15447
-4.60590
1.34120
-0.13687
-1.08025
-3.02704
-2.50834
