-0.13625
-2.58284
-0.93807
-3.47969
-0.80938
-3.14723
-2.51879
-0.28663
-4.01907
-0.63969
-1.65959
-2.32043
-0.79177
-1.79754
-1.82185
-0.34949
-1.67803
-1.11592
-0.14447
-0.84401
-2.16075
0.51876
-0.45965
-0.42810
-3.59038
-1.88164
-0.28627
-0.18437
-1.23877
-1.44582
-2.16868
-2.07715
-1.03738
-1.64374
0.26276
-2.15567
-0.03577
-0.06984
-0.42408
-0.98401
-4.27283
-1.18239
-1.24630
-2.51507
0.79111
-1.41203
-1.25182
-1.54185
-1.19388
-0.33488
-1.43486
0.18259
-2.90406
-0.26789
-3.11776
-1.08148
-2.23910
-0.07675
-2.75367
-0.57249
-3.78498
-2.20799
0.08971
-1.61667
-1.86507
-1.84506
-1.43071
-1.57161
-0.66366
-1.70255
-1.42279
0.24588
-3.78628
1.05788
-1.98869
-1.74660
-1.45682
-2.41261
-2.81735
-1.46116
-0.55824
-2.27464
-2.11059
-1.67002
2.92403
-3.74975
-2.38513
-0.65774
-1.34190
-1.54621
-0.86230
-0.22800
-1.38791
-3.29782
-2.32776
-0.71123
-1.07516
-2.18544
-1.96520
1.81483
0.34639
-1.97114
0.30047
-0.07138
-1.47259
-1.75201
-2.57116
-0.68832
-3.13777
-0.55421
-1.51713
-1.25286
0.68069
-1.16680
-1.94846
-2.49840
-2.08345
-2.30389
-4.32808
0.11258
-1.72634
-2.48749
-3.49629
-4.21293
-0.74221
-0.35525
-1.57489
-2.01933
-1.64950
-1.77293
-2.26507
-2.14060
-3.48379
-4.53760
-0.43572
-1.38662
0.04583
-0.34038
-2.14135
-1.61360
-2.06482
-1.40042
-1.08182
0.20904
0.20122
0.88270
-1.20552
-3.24083
-1.13112
-0.99551
-1.30032
-1.34683
-2.37502
-2.78096
-0.96179
-1.31019
-2.73017
-1.30102
-2.49139
0.27109
-1.37862
-1.37221
-2.70621
0.15594
-1.64101
-1.48885
-0.84697
-1.14850
-1.12192
-2.63770
-2.87516
-2.50942
-3.08970
-2.48516
-2.20465
-1.94436
-2.23231
-1.54749
-1.42769
-3.57586
-0.26940
-2.48853
-1.94917
-1.85872
-2.89352
0.91908
-1.59827
-0.97848
-3.60246
-2.62012
-2.75701
-0.88978
-1.32946
-2.58398
-1.56568
-4.11645
-0.13349
-0.95936
-1.08359
-1.76030
-2.98646
-2.72608
-1.03772
0.26942
-3.74960
-1.08251
-1.72088
-0.42963
-1.32881
-0.95367
-0.28609
0.36380
-2.13931
-1.62596
-2.05670
-1.93683
-1.37813
-1.34338
-0.13312
0.12924
-3.26522
-3.80004
-3.59131
-0.52009
-1.41478
-1.39903
-1.03083
-1.77439
-0.22930
-0.98340
-1.35949
-2.41193
-0.77394
-2.71843
-0.31724
-0.94270
-3.11463
-0.38671
-2.66860
-0.92046
-1.43872
-2.87811
-0.55771
-1.60476
-0.49450
-1.94468
-2.09935
-0.84350
0.51226
-0.18238
-3.85913
-1.40145
0.92811
0.47363
-2.46313
-1.11009
-2.22697
-2.19419
-1.41810
-0.42106
-1.85336
-2.28795
-1.75607
-1.56013
-2.93361
-1.95581
-2.68992
-2.13926
-0.51450
-0.97381
0.66438
-3.14159
-0.45600
-0.51461
-0.80006
-3.60774
-1.94580
0.48565
-1.13518
-2.75249
-0.95382
-2.43728
-2.76872
-0.43187
-3.20224
-1.70835
-3.47522
-2.94595
-0.48678
-1.50581
-1.04790
-3.35950
-2.05003
-1.37483
-1.85754
-0.01831
-0.28980
-2.48277
-2.52635
-1.57775
-2.69891
-1.64322
-2.26998
0.60752
-1.37642
-2.61862
-3.48417
-2.22683
-0.76003
-1.20307
-2.13428
-1.72665
-1.21671
-0.49305
-1.95092
-1.00895
-2.89543
-1.86876
-1.47762
-0.46491
-2.33927
-0.45686
0.27645
-3.11163
-3.74629
-0.87439
-3.42877
-0.28796
-2.13471
-0.23394
-3.36342
-2.62139
-2.19492
-1.90298
-1.13011
-0.98301
1.15785
-1.98240
-0.95347
-2.34731
-1.08168
-2.17264
-2.83716
-1.68062
-0.59435
-0.85369
-1.12267
-3.29405
-0.29179
-1.93869
-1.78966
-0.76766
-2.43678
-2.98568
-1.77955
-1.64955
-0.99778
-0.65194
0.05447
-0.73846
-4.04876
-1.43994
-1.36605
-1.94917
-1.08577
-3.28316
-0.24356
-1.75480
-2.66116
-0.06273
-2.84063
0.39997
-0.97628
0.46876
-1.33194
-0.05056
-2.17781
-3.27053
-1.18554
-3.79010
-3.45747
-0.04342
-1.22469
-0.26623
-0.56083
-1.74005
-1.34695
-3.25511
-3.75365
-1.33303
-0.87356
-1.63098
-3.71674
-2.23112
0.04257
-1.62008
-1.45307
-3.35147
-0.22698
-0.73862
-3.29069
1.20635
-2.94914
-1.75086
-2.17264
-4.51700
-1.52887
-1.40813
-2.28119
-0.98367
-1.96658
-3.71096
-2.68818
-0.10583
-4.03914
-1.19149
-1.10895
-1.19393
-1.78294
0.36176
-1.66109
-0.33811
-1.08600
-2.13885
-3.22618
-1.02314
-1.15861
0.23193
-1.39739
0.02754
-2.89643
-1.61085
0.70007
-1.23065
-2.45792
-1.66158
-1.90722
-3.97343
-3.01636
-1.82279
-1.77895
-2.60570
-2.79712
-3.51901
-0.88865
-1.57976
-0.71156
-0.49391
-1.12279
-1.86068
-1.36926
-1.12032
-0.22504
-0.38524
-2.75351
-0.89414
-3.10631
-3.19924
-1.09775
-2.21140
-2.71752
-2.14533
-0.96713
-1.98509
-0.85192
-0.31603
-0.85375
-2.24600
-0.89057
-4.02025
-1.98639
-2.58301
-2.22808
-2.28735
-0.20689
-1.17526
-3.32048
0.15634
-2.69993
-0.60841
-0.76974
-0.87491
1.44734
0.56024
-0.46021
-2.03318
-2.98324
-1.82815
-1.41494
-0.08638
-4.17462
-1.76035
-1.41363
0.75990
-1.71325
-0.14111
-1.39737
-2.15020
-0.96898
0.08487
-1.54499
-0.91382
-2.66396
-1.53836
-3.53289
-2.30243
-1.25708
-2.18056
-1.74172
-0.85898
-3.12711
-1.45990
-1.64524
-1.63451
-2.37017
-1.97346
-0.55544
-1.39189
-2.83011
-0.43087
-3.17254
-2.91848
3.97853
-4.36580
-2.73891
0.15584
-2.28008
-1.80170
-1.97115
-2.25150
-0.84595
-0.92374
-3.03696
-3.11899
-3.08073
-0.68232
-1.61069
-2.46016
-2.34758
-1.84764
-2.59884
-1.27256
-1.55752
-3.19468
1.19433
-1.25490
0.19505
-0.89125
-1.07590
-0.51349
-2.42104
-2.48116
-3.37521
-1.77541
-2.01021
0.04781
-1.96420
-1.12451
-3.16004
-1.28934
-1.09799
-1.27967
-1.48025
-0.15532
-3.84091
-1.75050
-1.87012
-0.20392
-0.72774
-1.62811
-1.08343
-1.62684
-1.47821
-3.30801
-1.59426
-2.24609
-1.38609
-3.10330
-0.98642
0.01322
-1.97905
-1.34909
-0.52754
-1.78111
-1.62251
0.48406
-2.22080
-3.02162
-2.77287
-1.31010
-2.39983
-0.79863
-1.00934
-0.52628
-2.82499
-0.92287
-2.12049
-2.64305
-0.06735
-3.01168
-1.19510
-2.60319
-1.30657
-2.18686
0.55370
-3.11946
-2.13061
-1.00062
-1.20290
-4.81001
-2.22129
-3.21002
-0.81566
-3.90219
-1.41040
-1.51113
-2.29641
-0.91883
-1.20988
-0.52899
-1.90038
-3.01216
-0.83063
-0.52170
-4.32235
-1.65214
-0.61760
-2.26911
-2.16972
0.33220
-3.74488
-0.39799
-0.83054
-1.50160
-3.61092
-2.08513
-2.98558
-1.91201
-2.59344
-0.29219
-0.40260
-0.89914
-2.94130
0.02521
-0.64509
-0.88005
0.08718
1.48605
-2.62502
-1.63214
-0.97545
-3.12410
-1.50250
-1.78765
-1.38791
-3.93673
-1.60095
-2.69258
-1.27089
-1.33872
-1.19146
-3.03038
-3.31411
-1.30729
-1.12492
-2.20686
-1.09393
-0.53638
-1.81324
-2.37132
0.00559
-0.69379
-0.30372
-1.24994
-0.39119
-2.09800
-1.50363
0.19922
1.81845
0.64058
-0.31418
-2.69780
-3.79369
-0.83013
-1.24230
-0.44618
-2.87903
-0.04197
-1.68090
-3.19072
-0.30460
-2.30754
-1.72518
-2.63855
-1.97342
-0.24738
-0.79302
-2.70947
-0.74386
-0.96681
-0.14258
0.30166
-2.70678
-2.40559
-0.82738
-1.15454
-2.30795
-1.09826
-2.55630
-0.02757
-0.21994
-1.76572
-0.95681
0.36412
-2.67088
-1.59673
-1.15165
1.40407
-2.18647
0.33148
-1.24963
-0.08121
0.81755
-0.77778
-1.27116
-1.61449
-2.11480
-0.20692
-1.29421
-0.61159
-2.39953
-2.77067
-0.48536
-2.11377
-1.81076
-1.81395
-1.83018
-1.64602
-2.66034
-3.73443
-0.46949
-2.65532
-1.89750
-2.38031
-2.56714
0.35482
-2.78744
-1.76444
-2.29059
-2.11834
-1.53479
0.76650
-0.80403
-0.72201
-2.08806
-2.03506
-0.93107
-0.67673
-3.89577
-1.49362
-2.65471
-1.72408
-0.14305
-3.77625
-1.73521
-1.43336
-0.32170
-2.24121
-1.59140
-3.68242
1.01551
-2.04584
0.18652
-2.89619
-1.53193
-0.42696
-1.94279
-1.52217
0.03059
0.81873
-1.71745
-2.98308
0.35725
-0.19203
-0.97305
-2.08990
-0.36866
-0.04281
-2.26720
-0.84295
-1.91408
-1.94388
0.70158
-2.77895
-2.29262
-1.84592
0.37145
-2.40528
-1.03762
-1.68595
-1.16672
-3.20532
-1.00598
-1.54838
-1.70587
-1.59652
-1.00018
-3.12012
-3.09182
-0.84557
-1.00238
-1.81271
-2.02923
-0.73919
-2.48467
-2.44211
-1.89984
-0.46794
0.82035
-2.98819
-2.27417
-1.02617
-1.69308
0.83421
-2.99211
-1.21235
-2.17639
0.14526
-1.83965
-2.57604
-2.80014
-0.59715
-2.11595
-1.55456
-2.62296
-1.38862
-1.78750
-1.96890
-0.82878
-2.50510
-1.00771
-1.37024
-2.99039
-1.33147
-3.32573
-0.52973
-0.88385
-0.93551
-1.69335
-0.69319
-2.78802
-2.24453
-1.10363
-1.13763
-2.06565
-1.66514
0.48281
-1.21422
-1.69907
0.55530
-2.91404
-1.91305
-1.04948
0.77189
-0.03477
-2.72865
-2.39320
-2.10354
-1.28039
-1.12154
-1.93084
-1.09838
-1.23055
-2.26151
0.78341
-1.20139
-0.77825
-3.46358
-0.17933
-3.12026
-1.59547
-1.75704
-1.38389
-0.75911
1.01966
-3.91091
-1.18596
-2.04183
-0.80631
-1.94765
-1.51931
-1.25173
-1.69378
-1.30636
-2.03888
-1.63319
-0.34434
-2.60676
-3.61325
-0.58751
0.40492
-3.10759
-2.31794
-2.17234
-2.83009
-1.76228
0.66902
-1.51877
-0.44759
-2.37570
-2.44435
-1.79027
-0.35900
-3.87385
-0.21147
-1.27150
-0.07020
-1.79115
-3.37905
-2.78332
-2.51061
-3.57890
-1.01589
-3.15727
-0.51662
-2.82376
-1.65741
-3.54124
-2.92987
-3.24888
0.33290
-1.42426
0.28641
-2.34180
-2.35512
-1.54250
-2.94914
-1.60800
-0.61637
-1.04625
-2.24904
-0.97366
-3.51954
1.34944
-3.19112
-3.50501
-2.41755
-1.25043
-1.96215
-1.49198
-1.30952
-1.43163
-2.72449
-1.08808
-0.91367
-2.38050
-3.41313
-3.21957
-3.14715
-0.14568
-5.01455
-2.31639
-2.28860
-2.60724
-2.15447
-1.77794
-3.41065
-0.20510
-1.47084
-2.38654
-0.20136
-2.99806
0.06638
-1.90222
-1.51864
-1.73759
-0.85301
-1.25108
-2.24295
-4.60590
1.34120
-1.88999
-3.09655
-0.13687
-2.37677
-1.24493
-0.74675
-1.23220
-2.67739
-4.29756
-1.08025
-1.69626
-2.39148
-1.84390
-3.02704
-2.88059
-2.50834
-0.21641
-2.84818
-0.05453
