1.15932
-4.88915
0.09473
-3.73180
-1.13787
-2.64110
-2.02000
-4.88279
-3.21403
-2.76243
-2.91806
-4.42671
0.04247
-3.12901
0.17149
-0.45858
-0.98954
-2.60737
-2.32383
-0.15224
-2.49891
-1.85209
-2.81368
-2.30099
-1.39044
-2.80088
-0.56062
-2.76586
-3.54154
-3.85455
-4.49735
-4.06811
-4.75766
-2.84515
-2.02428
-2.74124
-0.90866
-5.01153
-2.56690
0.25910
-3.75918
-4.21809
-2.33943
-4.33240
-1.87213
-3.07960
-1.52064
-1.80402
-2.63352
-1.22486
-3.24959
-2.70712
-1.45417
-4.35660
-2.29111
-2.11834
-1.63151
-3.67939
0.14520
-4.63701
-3.53831
-0.75052
-2.56185
-3.03803
-5.16369
-2.37552
-1.04347
-3.28900
-1.46050
-0.16520
-4.76739
-0.49032
-1.22325
-2.21785
-3.35487
-3.50483
-2.15618
-1.94094
-1.90882
-0.73632
-1.44501
-2.51906
-3.20980
0.23038
-2.09362
1.28946
-2.70264
-2.37751
-1.56368
-2.34904
-2.04802
3.70029
-1.24456
-4.76160
-1.69989
-2.34217
-2.35733
-2.36093
1.12046
-2.44526
-1.95079
-4.23765
-3.15684
-3.92465
-2.68794
-4.12016
-3.73034
-0.47801
-1.54475
-2.39164
-0.88830
-3.19159
-1.34549
-0.06589
-1.54611
-3.47164
-2.61825
-1.84028
-1.88782
-1.63212
-2.75714
-2.16873
-3.63817
-1.74937
-3.95360
-3.33848
-2.66397
-4.07347
-3.43678
2.39108
0.25473
-3.38034
-4.28517
-1.38179
-1.86024
-3.24652
-2.62913
-2.05915
-4.03736
-2.75722
-2.01470
-1.65825
0.54784
-3.04218
-0.98687
-3.54864
-3.89223
-1.40081
-2.09046
-1.77464
-3.50973
-2.72998
-0.57950
-2.21689
-1.35516
-3.13640
-3.84048
-2.22965
-2.07632
-0.20227
-2.76750
-1.26068
-3.93304
-4.23009
-4.25586
-3.83765
-2.90795
-1.54785
-3.91884
-2.35895
-2.16547
-1.55597
-4.77287
-1.96366
-2.70466
-1.18048
-3.97025
-2.26949
-0.26114
-3.84986
-1.06396
-2.01764
-0.39382
-3.88213
-4.10237
-3.83876
-3.91862
0.34076
-2.44315
-1.34150
-4.38030
-2.82685
-4.04378
-2.72706
-3.69235
0.25855
-1.75441
-3.02433
-2.62035
-3.03609
-0.07133
-2.76471
-4.04463
-1.46305
-2.37708
-3.15141
-4.57818
-2.80600
-0.47278
-3.28531
-3.36567
-4.10005
-3.42225
-1.69041
-1.43701
0.83666
-2.95660
-2.13103
0.76596
-1.31507
-3.99803
-3.43384
-1.01820
-3.57638
0.13775
-2.72958
0.15587
-4.96797
-1.75659
-2.79975
-3.21665
-1.79902
-3.44464
-1.31759
-3.68998
-2.05207
-2.53565
-1.71022
-0.57079
-3.03474
-1.82203
-1.30574
-2.97959
-2.89574
-2.41546
-1.22860
-3.67673
-2.66335
-3.54199
-4.56290
-1.61320
0.03124
-2.28987
-3.58611
-0.78677
-3.99665
-1.97721
-2.65958
-2.83502
-2.76634
0.49654
-0.78032
-2.77969
-2.33007
-3.43983
-4.36499
-1.23560
-2.96611
-1.65475
-2.62642
-3.88977
-1.47449
-1.50566
-3.27513
-4.52563
-1.70644
-1.62421
-0.39539
-4.04427
-4.05379
-4.45751
-3.26714
-1.21768
-4.51081
0.59229
-2.28913
-4.69746
-2.01749
-2.45712
-3.27516
-4.16221
-1.55914
-3.25632
-4.45002
-0.69077
-1.80863
0.00912
-0.37678
-3.48695
-4.60112
-4.95541
-2.82700
-1.57785
-3.03971
-2.70895
-1.80608
-3.23653
-1.66478
-3.62216
0.98734
-3.46233
-2.90260
-2.61375
-2.45810
-1.58904
-1.89579
-3.40922
-3.36250
-0.14299
-3.28769
-2.79422
-3.64121
-4.07423
-2.35211
-1.76473
-1.78594
-1.83436
-0.88023
-3.42168
-2.56725
-4.19426
-1.51054
-2.51958
-3.10140
-0.75860
-1.51411
-0.29857
-3.65807
-2.81416
-2.62929
-2.13275
-1.07775
1.30685
-3.34237
-1.23515
-2.35878
-2.41817
-0.17037
-3.51418
-1.99943
1.77071
-3.17135
-3.05967
-2.99778
-2.08384
-3.33384
-3.48066
-4.10811
-2.47342
-0.45228
-3.33197
-0.88286
-0.97026
-2.39500
-2.15939
-3.08685
-1.84734
-1.62347
-3.74951
-4.95676
-3.61794
-3.51435
-2.90360
-3.96536
-3.79277
2.79674
-2.57268
-2.30904
-2.28519
-0.49577
-2.31704
-2.11813
-1.80878
0.25276
-2.60263
-3.02435
-1.89232
-1.84426
-1.66842
-3.32330
-2.73071
-3.68789
-3.25196
-0.12848
-3.43797
-2.73756
-2.02184
-1.56061
-3.09989
-5.76466
-1.11220
-1.21304
-2.23736
-1.72790
0.96059
-4.60345
-2.55790
-2.36326
-3.49806
-2.04013
-0.84136
-3.98159
-4.18974
-1.58776
-1.17095
0.75991
-5.17171
-1.70746
-3.39381
-4.41395
-0.46918
-2.42535
-2.11164
-3.76027
-2.79559
-2.22901
-1.61575
-0.24810
-1.17347
-3.60995
1.18876
-0.72173
-3.65200
-2.25693
-2.78175
-2.74366
2.74943
-4.16363
-3.92676
-4.22831
-4.07070
-2.71913
-3.85145
-0.58642
-2.53943
-1.62093
0.85805
-3.95451
-3.51462
-2.93806
-0.73652
-4.06984
-3.32905
-0.86700
-2.58184
-3.79545
-2.88707
-2.20386
-1.77040
0.47226
-2.46984
-0.51756
-3.79097
0.06560
-4.32624
-3.24516
-2.39195
0.13982
-1.72227
-1.64528
-0.56956
-1.98640
-4.21134
-0.60385
-2.42843
-4.65241
1.57628
-2.89893
-3.11121
-2.41767
-2.53255
-2.11256
-2.97669
-4.09395
-4.23598
-2.77887
-0.35255
-3.08577
-2.76347
-2.24383
-3.70290
-3.94026
-3.47411
-2.58848
0.84068
-2.48388
-1.76510
-1.82237
-1.89023
-3.59911
0.05255
0.41761
-0.97477
4.04128
-2.68623
-1.25783
-2.81098
-4.05253
-1.79129
-1.01917
-1.99087
-1.07315
-1.57947
-1.88969
-3.94199
-2.62183
-1.07697
-1.56041
-0.26511
-2.84809
-1.31416
-0.59164
-2.67433
-3.05446
-4.26020
-1.79052
-1.02851
-3.39901
-2.14878
-1.41730
-2.70351
-3.17761
-3.00721
0.95030
-1.72939
-3.22576
-1.72773
-1.98475
-1.25015
-2.70761
-1.91463
-3.28464
-2.19229
-2.65080
-2.21950
-1.50844
-2.31207
-3.59572
-3.68333
-2.68355
-2.25681
-2.02731
-0.55140
-2.65599
-1.24042
-3.28118
-1.69823
-2.04545
-1.81879
-4.38103
-3.25134
-3.16866
-1.08847
-3.33319
-4.72577
-3.05635
-2.98572
-0.61772
1.56335
-4.22815
-0.18515
-1.92262
-2.91466
-0.88772
-4.55578
-0.85454
-1.55957
-2.44725
0.17449
-2.91880
-2.65150
-1.72415
-2.27488
0.41614
-0.30700
-1.43542
-2.41238
-1.21278
-3.94596
-2.00389
-1.08682
-2.28797
-2.27275
-2.89236
-2.79819
-1.29283
-1.55600
-3.53563
-3.36946
-1.66551
0.32752
-3.45300
-5.20568
-3.75258
0.19789
-2.77752
-1.28368
0.47097
-1.78226
-1.90398
-1.77371
-4.10065
-0.86841
-2.83204
-1.58065
-2.27335
-2.76372
-3.67950
-2.98632
-1.69309
-1.79551
-2.02506
-0.87056
0.02112
-1.25079
-2.43563
-3.42827
-1.43622
-0.71392
-1.54293
-3.06857
-1.09401
-2.42180
-2.67278
-2.60946
-2.13720
-1.78599
-0.96130
-0.35695
-1.85232
-2.08424
-2.35361
-2.54753
-3.62231
-2.87192
-3.04986
-0.70241
0.14092
-2.30152
-2.46126
-1.15383
-2.47021
-2.82324
-5.02077
-3.34818
-1.46850
-1.17637
-0.85686
-2.51356
-4.57439
-2.52664
-2.23957
-2.83717
-0.07296
-0.68238
-2.92737
-1.40295
-0.07971
0.42573
-4.06523
-2.54627
-3.76696
-1.04947
-0.86937
-2.38374
-2.22035
-1.87604
-3.48407
-3.59806
-0.61969
-3.74680
-0.62078
-2.58808
-0.71068
-2.21047
-0.79995
-0.77647
-1.41351
-1.54793
-3.37646
-3.63685
-4.79194
-1.95711
-1.72260
-2.36706
0.11633
-2.77239
-2.71886
-3.15068
-4.17178
-3.50023
-3.14475
-3.20160
-0.19206
-1.23086
-3.45819
-3.61851
-2.97663
-2.12061
-1.77722
-1.20058
-3.05429
-4.41910
-0.17866
-2.43346
-1.66309
-2.73159
-2.54609
-1.33350
0.13479
-4.52184
-0.91121
-1.47454
-2.33780
-1.95987
-2.74211
-3.02549
-1.76923
-3.04384
-1.69631
-0.89058
-4.46509
-2.34460
-2.49703
-2.91572
1.06888
-2.81283
-0.65468
0.45583
-3.70344
-2.71168
-3.00852
1.41371
-3.15140
-2.70076
-2.13455
-1.35892
-0.63192
-2.25869
-2.29566
-1.11109
-2.45746
-3.07821
-3.72505
-4.42139
-1.82504
-1.69921
-1.88592
-1.70186
-1.61457
-2.20801
-0.07480
-0.65822
-0.28464
-3.60663
-3.24862
-2.24651
-1.00881
-3.70825
-3.76899
-3.33580
-2.04504
-2.32768
-2.13079
-2.44010
-1.33840
-2.39308
-2.97019
-3.14714
-0.11626
-3.47632
-0.61949
-1.28309
-0.35987
-1.00461
-2.27808
-5.29442
-2.11538
-3.55561
-0.77836
-2.78705
-2.39481
-1.97660
-2.78948
-3.35213
-1.54002
-1.10569
-2.19711
-3.03194
-6.32693
-2.44570
-2.57594
-1.66604
-0.95053
-3.13181
-1.30555
-2.63906
2.92179
-2.24463
-2.31000
-3.19648
-3.21791
-2.20917
-2.34971
0.24478
-1.61149
-1.59617
-1.11334
-2.64821
-1.26268
-1.18173
-1.41363
-3.20940
-1.38074
-2.48047
-2.09029
-2.86198
-0.26813
1.17940
-3.50017
-0.44771
-1.68941
-0.90213
-1.81457
-2.60951
-0.31782
-2.08810
-0.42602
-2.39514
-1.46838
-1.42552
-2.24684
-0.84354
-3.17980
-1.53147
-0.23218
-2.06509
-1.51407
-2.00201
-1.96924
-2.58040
-1.58360
-3.41307
-3.51068
-3.70272
-0.54405
-0.34396
-3.42973
-4.16203
0.59972
-2.87637
-2.57656
-0.33209
-2.83349
-2.65402
-1.52008
-1.58987
-0.85285
-5.29472
0.01782
-4.14335
-1.43178
-0.39083
-1.03413
-2.14425
-2.03793
-0.28672
-1.64983
-0.82616
1.66356
-3.60464
-1.63303
-3.82373
-2.99521
-3.47468
-0.06689
-2.48993
-2.61776
-1.13060
-1.42598
-2.14276
-2.42440
-2.84744
-2.60692
-1.52091
-0.99532
-0.84000
2.27526
-2.61548
-3.58230
