2.58210
3.62507
5.90251
2.26932
3.63661
1.65735
4.40779
-1.19394
6.61403
7.81776
7.81776
0.59949
1.44009
1.85891
3.57546
6.87024
6.46292
-0.20803
5.48845
-2.78391
-2.96722
-1.24985
6.65907
3.03297
7.81776
0.93300
3.53130
4.34802
2.70370
4.86012
2.17034
1.01269
3.50589
5.29695
4.02316
2.42848
5.01883
3.97182
-0.85375
3.17215
6.08863
4.02936
-0.48334
4.69167
-1.03741
7.15030
3.03714
-1.90041
4.70609
-0.51928
2.91999
4.91991
-0.14663
-0.23801
0.06938
2.90075
3.14587
2.86252
6.06179
1.33066
3.16175
2.11366
0.09169
2.57757
2.18863
3.60890
6.42330
4.12754
-0.32255
-0.85569
3.38634
2.74606
2.14615
2.27587
4.14839
4.47149
-0.42749
-2.08184
3.49906
-0.99713
2.77914
3.13039
4.70893
4.65494
4.30694
7.15733
3.01847
6.63549
2.18431
1.18468
2.23029
3.04475
-0.88719
3.44392
5.64439
5.94167
5.75434
3.87698
5.33932
2.09961
6.64304
0.32821
4.87968
4.78744
-1.38899
-1.11859
5.02307
3.13003
3.78035
2.97629
-0.49990
1.78020
-0.65963
3.66780
4.38151
4.76306
5.49666
1.25651
3.54012
4.74356
7.81776
4.00327
5.92728
3.24643
6.81052
-0.11868
0.45826
2.23674
4.40264
2.60792
1.36855
3.12717
5.95566
2.50751
3.14381
7.81776
2.43306
-1.46759
3.33848
4.17183
5.32565
7.61030
2.36710
-1.52398
6.57498
3.23443
2.49996
4.62199
4.01312
4.12915
3.84568
-1.88512
7.19104
6.55976
0.32417
6.42158
1.78850
0.01875
3.13507
2.19845
3.38388
0.04928
1.55189
0.26163
2.55200
-0.23813
0.79736
4.18082
5.23226
2.36178
0.63761
2.80151
0.88599
-0.25038
3.77634
1.14952
2.00953
0.64204
1.56414
1.58491
