-4.88279
-3.21403
-4.42671
-2.60737
-2.81368
-3.85455
-4.06811
-4.75766
-4.21809
-3.24959
-1.45417
-3.53831
-2.37552
-4.76739
-3.50483
-2.51906
-4.76160
-3.15684
-1.54611
-1.63212
-3.95360
-4.07347
-3.38034
-2.01470
-3.04218
-3.89223
-2.72998
-0.57950
-4.23009
-1.54785
-2.16547
-1.96366
-3.88213
-4.10237
-4.38030
-4.04378
-4.57818
-3.28531
-3.42225
-3.99803
-3.43384
-4.96797
-2.53565
-4.56290
-1.61320
-3.99665
-2.76634
-3.88977
-3.27513
-4.45751
-3.26714
-3.27516
-4.16221
-4.45002
-4.95541
-2.82700
-3.40922
-2.79422
-1.76473
-1.51054
-2.81416
-0.17037
-4.10811
-2.47342
-4.95676
-3.61794
-3.96536
-1.84426
-2.73071
-3.09989
0.96059
-3.49806
-3.98159
-1.70746
-2.42535
-2.79559
1.18876
-4.22831
-4.07070
-3.85145
-4.06984
-0.86700
0.06560
-0.60385
1.57628
-4.23598
-2.24383
-3.47411
-2.58848
-4.05253
-1.79129
-1.57947
-2.62183
-4.26020
-2.70351
-1.72939
-1.91463
-0.55140
-4.38103
-3.25134
-4.72577
-2.91466
-0.85454
-2.65150
-1.21278
-2.89236
-3.53563
-5.20568
-1.90398
-0.86841
-2.76372
-1.79551
-3.42827
-0.96130
-2.87192
-1.15383
-5.02077
-2.52664
-2.92737
-3.48407
-0.61969
-3.63685
-4.79194
-1.95711
-3.14475
-3.61851
-2.54609
-3.02549
-1.76923
-0.65468
-2.71168
-3.00852
-1.35892
-1.11109
-3.24862
-3.76899
-3.33580
-2.44010
-1.28309
-3.35213
-6.32693
-1.30555
-2.63906
-3.21791
-2.20917
-1.38074
-3.50017
-2.60951
-1.42552
-0.23218
-1.96924
-1.58360
-4.16203
-0.33209
-2.65402
-2.14425
-2.03793
-3.82373
-2.99521
2.27526
-3.58230
