-3.37712
-3.80879
-2.25118
-2.28376
-4.38940
-3.44565
-1.95364
-2.87023
-5.00971
-0.88093
-4.79091
-4.33778
-1.45914
-6.82542
-0.77459
-4.31708
-2.98140
-2.51909
-2.92237
-3.58993
-0.79854
-3.22543
-4.42280
-4.30763
-2.32539
-3.32755
-5.10595
-2.78212
-2.51651
0.59723
-4.62143
-7.03390
-3.66128
-4.17206
-2.48351
-1.58628
-2.32181
-3.68293
-0.90383
-1.32643
-5.57942
-1.71768
-4.65720
-2.23004
-2.74942
-3.67588
-2.88511
-3.14310
-4.32552
-1.68301
-2.72344
-3.05334
-4.68161
-3.02610
-1.31113
-1.56539
-3.88519
-2.43830
-0.99537
-2.61639
-3.89375
-1.65133
-2.90117
-0.72504
-0.13253
-2.41465
-3.85562
0.91064
-5.72997
-2.82562
-4.58645
-3.12691
-6.07379
-4.73659
-3.90627
-3.03493
-3.78728
-1.05671
-3.87049
-0.52908
-2.06759
-3.95159
-3.99137
-2.39328
-1.00900
-3.41511
1.84950
-2.43140
-4.41705
-4.87402
-3.30421
-4.04276
-3.49782
-4.64347
-1.83915
-3.38036
-1.31147
-3.81566
-3.47088
-1.73185
-0.13257
-4.89208
-2.83853
-3.85919
-2.47074
-4.55311
-2.85185
-1.12525
-3.05011
-2.81589
-2.26844
-4.07251
-3.68274
-3.20699
-2.59873
-1.73446
-4.97446
-3.95335
-2.86219
-1.49373
-0.77548
-4.67609
-3.61595
-0.98456
-3.01572
-1.41752
-4.45717
-1.30435
-4.48100
-2.98211
-3.29323
-3.40303
-2.41532
-2.46720
-0.46748
-5.11641
-3.37636
-0.88891
-1.04077
-0.20761
-4.06370
-3.18569
-2.27250
-3.84893
-2.61041
-1.27832
-2.06784
-3.82785
-1.88289
-2.93592
-0.66399
-1.85079
-3.52600
-3.11737
-4.19339
1.01134
-2.67962
-1.66913
-3.73916
-3.05498
-4.64315
0.40476
-2.59362
-2.21280
-2.85079
1.20942
-5.73932
-2.26258
-2.15848
-1.24036
-5.52749
-4.06010
0.15757
-3.64244
-2.65168
-2.98978
-4.56373
0.66968
-1.00906
-1.00169
-5.93302
-2.93979
-3.59198
-2.76818
-5.00795
-4.02465
-1.39292
-3.49398
-4.80670
-2.27955
-0.66937
-1.89303
-5.91225
-3.43832
-0.37333
-3.13800
-2.79394
-1.68518
-1.79447
-4.72920
-2.09591
-3.80384
-0.76172
-0.93417
-2.61586
-4.07505
-4.22150
-3.06526
-2.28209
-1.62410
-1.82410
-0.00529
2.49283
-6.56254
-1.92473
-2.34133
-3.61186
-2.79696
-4.01513
-4.90245
-4.29282
-0.83901
-2.45793
0.12214
1.59905
-3.68393
-1.60138
-4.10892
-0.96687
-2.94048
-1.71940
-1.94086
-4.87027
-2.76088
-4.21639
-3.01811
-4.10441
0.95989
-0.26518
-1.92108
-2.60329
-4.34261
-1.60312
-3.87396
-3.32699
-2.92484
-1.79986
-3.38830
-2.27730
-1.13037
-5.01294
-4.43197
-5.42281
-5.67655
-3.91679
-4.51373
-2.40091
-1.45388
-2.01853
-3.01053
-2.64583
-3.14552
-1.85299
-1.86260
-2.91183
-2.32964
-3.96813
-6.19910
-0.42898
-2.69440
-4.71686
-2.10285
-2.12108
-2.21924
-3.84078
-2.11794
-1.20105
-4.83677
-2.04416
-5.43416
-3.32818
-2.06563
-0.93911
-3.91813
-2.10553
-3.43630
-5.90799
-4.26282
-2.19335
-2.61485
-1.26487
-2.55878
-3.98478
-0.51198
-4.54599
-3.02647
-2.81307
1.67739
-2.70284
-3.03304
1.19865
-3.29363
-1.50524
-4.25808
-2.27169
-3.28625
-3.23135
0.00682
-5.28413
-2.86646
-1.15722
-1.62154
-2.20865
-6.26059
-0.84172
-0.21259
-1.96575
-2.05048
-0.93616
-3.03311
-1.34331
-4.89440
-2.80052
-1.96232
-3.42950
-1.61486
-2.15014
-2.91373
-4.32802
-2.62129
-1.23667
-0.35876
-5.50634
-2.57137
-3.18381
-4.45786
-4.70194
-0.95854
-3.85090
-2.78936
-3.45509
-4.08940
-2.52013
-2.00841
-2.84545
-1.59290
-3.27968
-4.72431
-2.60265
-4.02919
-1.70271
-3.75472
-1.50425
-2.24410
-5.19614
-6.18948
-3.52553
-2.25429
-1.63447
-6.42696
1.07333
-0.89296
-4.91008
-3.33872
-0.99408
-4.50710
-1.92544
-2.37202
0.12304
-1.18963
-6.92473
-1.99939
-0.49964
-2.67650
-1.10654
-4.65657
-4.13102
0.57450
-3.59744
-5.68665
-3.73465
-3.42191
-2.77025
-3.24070
-1.33189
0.30786
-2.04947
-3.05887
-4.98485
-3.57241
-2.74269
-0.72585
-0.77739
-1.49913
-2.84463
-5.36218
-1.36040
-0.33147
-5.46894
-5.24970
1.30717
-4.15817
-1.79387
-4.83871
-3.77209
-0.85112
-1.87099
-2.52841
-3.11051
-0.75253
-1.50857
-1.30970
-1.80263
-3.22781
0.14527
-0.59237
-1.96459
-4.26170
-3.72774
-4.61672
-6.02974
-6.31014
-2.80474
-4.05997
-5.17434
-3.97677
-2.98069
-3.07687
-3.51795
-5.11552
-1.27914
-2.16326
-2.78436
-2.49540
-4.76720
0.56278
-4.68149
-4.05433
-3.25797
-1.36075
-2.91309
-0.77703
-3.54413
-5.43275
-2.28866
-0.44511
-1.16550
-1.18804
-2.25861
-6.60528
-5.23066
-0.92466
-2.02174
-5.79343
-4.59766
-3.37168
-2.70456
-2.34725
-3.41902
-1.27814
-4.59218
-1.97122
-4.26709
-4.70609
-1.77678
-3.04193
-4.38302
-1.19889
-2.26304
-2.23682
-4.82338
-1.22134
-2.53138
-0.93962
-0.54535
-2.85002
-2.95197
-4.38357
-3.60502
-4.14537
-2.64360
0.55746
-1.26122
-1.58760
-1.44544
-6.13119
-2.70290
-0.39901
-2.44484
-5.42122
-4.22038
-1.87251
-2.91667
-3.14408
0.78237
-2.81147
-3.62497
-3.28337
-2.65093
-0.78552
-3.37550
-5.38265
-0.96555
-6.20985
-7.08996
-1.23719
-6.11953
-4.14040
-3.27925
-2.27505
-0.30813
-4.21638
-3.55644
-3.11806
-3.47952
-3.42522
-1.45499
-4.47580
-4.91662
-2.11554
-1.93862
-3.42312
-4.15864
-5.14230
-6.43556
-1.88009
-2.57300
-2.06031
-2.37524
-2.98334
-1.52677
-2.88650
-3.75360
0.62270
-2.45617
-3.54337
-2.55015
-2.85385
-1.30672
-3.03509
-2.32301
-1.14032
-5.20913
-5.23581
-6.08082
-1.91838
-4.75781
-3.34719
-4.44235
-1.64942
-3.72479
-2.44962
0.23466
-4.46699
-2.26656
-3.98360
-1.55948
-2.74707
-0.46206
0.59210
-3.26513
-0.12763
-1.25689
-4.43601
-3.20119
-2.21862
1.41679
-5.53596
-4.76848
-5.52527
-4.21597
-3.94057
-2.67991
-5.12099
-2.88971
0.43408
-0.90047
-3.03178
-2.80464
-1.46794
-5.08502
-2.50041
-3.38321
-5.26573
-3.00118
-6.12514
-2.16690
-0.19691
-2.32730
-1.76268
-1.76292
-3.96672
0.15866
-5.63799
-1.52233
-2.69315
-3.45349
-4.77834
-2.76936
-3.15425
0.57118
-2.19859
-2.90255
-1.15172
-0.62554
-1.94790
-2.55251
-2.04718
-3.20081
-5.11826
-5.23731
-4.27924
-3.02667
-0.82843
-0.63781
-0.90716
-0.36145
-4.28177
-2.34335
-1.46265
-1.87158
-3.79770
-3.44120
-3.27090
0.05130
-2.63069
-3.34407
-3.90398
-1.82153
-3.52933
-4.44229
-3.63606
-1.24549
-0.43706
-4.65468
-5.06332
-4.85709
-2.30127
-4.63089
0.25864
-2.88135
-4.59156
-1.43959
-1.82422
-5.04538
-2.72243
-1.76457
-1.60625
-2.66419
-1.15894
-2.78839
-4.46218
-1.24242
-2.89526
-1.27844
-7.46458
-2.08630
-2.06029
-4.79392
-1.64013
-2.23423
-5.39606
0.22242
-2.34426
-4.00354
-1.00797
-2.04854
-3.08173
-1.58621
-3.64867
-1.14658
-1.27495
0.06040
-3.32401
-2.88272
-2.63426
-4.47477
-3.28237
-3.08761
-2.58479
-3.04148
0.04838
-3.45724
-0.80586
-4.53019
-3.19891
1.80274
-3.96700
-3.37555
-4.33508
-5.18987
-7.22822
-3.56667
-2.15772
-3.15362
-2.81924
-2.31473
-0.48461
-4.83608
-2.55413
-2.05944
-2.73108
-1.94058
-3.04948
-4.50404
-1.61472
-2.34115
-5.67045
-2.36267
-1.24650
-1.74326
-1.18246
-3.32163
-0.53849
-3.82608
-2.87764
-0.50403
-2.99782
-3.30854
-5.82748
-0.79911
-5.36158
-4.11346
-0.89706
-3.57059
-3.95968
-3.79462
2.37096
-1.80294
-4.10786
-2.07072
-4.68331
-4.94680
-2.12212
-0.65054
-2.36553
-3.98296
-1.39641
-3.58209
-1.50441
-4.67360
-2.83485
-1.68278
1.30764
-4.86567
-1.14372
-0.03832
-5.20785
-5.44143
-0.90386
-4.79341
-2.29971
-2.77986
-2.55861
-3.35594
-4.41024
-3.85099
0.50721
1.59194
-3.50297
-3.35730
-4.28716
-4.87214
-5.19847
-5.87750
-0.43540
-4.46533
-0.89394
-3.92863
-0.67792
-0.16881
-1.03987
-2.58402
-4.24732
-0.53075
-3.53519
-3.22572
-3.94066
-3.89464
-4.21550
-4.00250
-1.63659
-4.39387
-4.52667
1.31678
-5.12740
0.36530
-2.57864
-2.22745
-4.21289
-5.28725
-2.97574
-4.09047
-3.01659
-0.32652
-3.70903
-3.47856
-4.60684
-3.29321
-3.44342
-2.11284
-1.38842
-3.08578
-4.30631
-1.99813
1.80224
-4.38583
-3.00522
-4.04212
-1.50846
-2.83768
-3.07083
-5.36593
-4.25442
-5.53577
-3.58484
-2.49018
-2.33645
-1.69991
-3.47454
-3.07773
-5.97723
-3.36394
