-1.34426
-4.07860
-4.72572
-3.49630
-2.50826
-3.41214
-4.36108
-5.93236
-0.90094
-2.29005
-2.31919
-3.37614
-6.86459
-4.11743
-1.72760
-4.77058
-2.10603
-5.08980
-3.82320
-2.27715
-4.58545
-2.61091
-0.25695
-4.37182
-5.78791
-4.46873
-4.05551
-2.70155
-3.48371
-5.26699
-6.63711
-2.54561
-3.85554
-3.84509
-4.38462
-4.12616
-2.91376
-1.66705
-1.18284
-5.94417
-4.03195
-4.12238
-2.38755
-1.59896
-4.40665
-2.79042
-4.37190
-3.48635
-5.40935
-6.66322
-2.36686
-5.13071
-2.60110
-7.21792
-4.95533
-1.92549
-1.25638
-3.44190
-2.17104
-2.09342
-3.18561
-2.69900
-5.31078
-3.77281
-5.23923
-1.78590
-2.94578
-5.57763
-3.24937
-2.61381
-5.11170
-4.95358
-4.20327
-4.48367
-4.34304
-3.20514
-1.49474
-3.48820
-2.53296
-3.56437
-2.96810
-1.73715
-4.75777
-4.58047
-3.39511
-3.29999
-5.86151
-5.31172
-2.06506
-2.28259
-1.45262
-4.13678
-3.04965
-4.50960
-5.01089
-1.97005
-4.58485
-1.84064
-1.29813
-3.29181
-2.48917
-5.11759
-4.43475
-5.50104
-6.36948
-2.96120
-2.92214
-2.75939
-4.70920
-2.92410
-2.60094
-3.35107
-1.16892
-2.40672
-2.67266
-3.08009
-3.44324
-3.57082
-3.54285
-2.18231
-2.61829
-1.87824
-0.17731
-1.94473
-2.73504
-3.74070
-1.46068
-4.10236
-3.74111
-3.34314
-1.10580
-4.36911
-2.35248
-4.73717
-2.93384
-2.19482
-4.19516
-2.23004
-3.05322
1.28795
-3.57878
-4.47559
-3.58491
-6.42269
-2.44456
-1.14879
-4.65952
-1.76514
-1.82995
-2.22349
-5.44081
-2.68570
-4.88768
-3.22287
-1.67718
-4.88575
-4.00547
-4.18775
-0.59607
-1.39429
-4.37777
0.21414
-2.00592
-3.68442
-2.50623
-2.65492
-3.76202
-4.27754
-3.60845
-2.83517
-4.66079
-6.82809
-3.40969
-2.85506
-3.72705
-2.79290
-2.46625
