5.44335
6.90279
1.06680
3.19715
2.12639
4.60037
3.02419
-0.44857
3.80470
1.86701
4.05765
0.55883
5.10715
4.43065
6.14302
-1.00869
1.99243
5.98350
3.62258
8.36270
-0.04811
4.21413
7.41635
6.78545
4.45960
5.92029
2.92597
7.60653
2.61036
2.46589
2.92950
6.17925
4.37935
-1.99820
4.40157
4.34594
4.30693
3.72008
3.96451
0.85567
3.95540
2.24755
8.36270
0.80166
1.79600
4.31683
7.34718
6.28171
6.16161
4.78859
7.17602
2.71996
7.12294
3.15771
3.10433
5.04022
2.52420
5.61447
2.52204
-1.09981
-2.51810
0.95228
1.32390
0.56711
4.51696
2.90985
3.95844
2.41600
4.04741
4.66871
-0.05685
-2.79652
4.96152
-2.02857
2.85865
2.43047
1.23817
0.70147
1.67285
5.76642
0.39197
0.96796
2.86946
7.22328
-0.49266
-2.48223
0.15193
1.12563
0.29206
5.27581
4.52067
3.40903
2.58081
3.80532
3.29105
2.36727
1.34563
1.69830
2.38525
1.92707
-1.25116
3.98567
6.86052
3.84927
1.29293
5.53298
1.44062
3.77053
8.36270
3.42537
-0.81356
-2.96595
2.28963
4.59221
0.25077
-0.13933
2.68115
4.88341
6.35862
5.72314
1.46809
6.60378
7.39642
8.36270
2.01061
1.71281
5.49589
8.36270
-0.60755
2.00559
5.29159
5.33290
5.14287
4.45431
-1.83199
-0.88471
6.43527
4.16192
7.51306
2.00743
2.29096
6.90719
3.68658
5.13430
0.55353
5.20740
0.57888
0.30079
1.20727
-0.90954
6.39497
3.21052
1.99181
2.54011
4.61011
3.83537
1.55039
-0.51469
3.18337
1.25096
2.52403
6.59794
3.99300
4.31193
3.76728
2.39598
8.36270
3.62391
3.93242
2.15056
0.20366
6.35695
2.38374
0.65099
-0.33042
8.22040
3.78172
8.36270
3.95429
-0.21543
2.58461
0.41848
1.02340
0.15936
8.36270
5.29867
3.16086
4.06398
3.52324
0.75717
4.73160
5.60745
1.32433
6.19002
6.69853
4.69072
4.15399
7.59968
5.21244
4.08039
