5.00308
6.15558
3.57407
5.46224
5.36443
0.68385
5.09029
1.37993
4.75706
5.40843
5.60902
-0.65411
8.39466
6.71311
7.46260
3.76681
2.09390
1.51347
-0.74314
6.09171
-1.69502
3.39197
3.59173
-0.24914
8.47790
5.64072
2.98289
3.51900
-0.02678
0.94346
4.85956
5.76223
2.44201
2.26494
5.51074
3.59153
7.34815
6.64238
6.94733
-1.21798
-3.87126
-1.55596
0.74095
4.81582
2.66857
3.66578
2.83491
0.06565
0.72441
4.57908
3.52483
7.44050
6.18334
5.33013
8.47790
6.39950
8.20170
3.30276
3.06352
2.67593
2.13826
3.93535
6.23816
4.71821
5.00159
5.87073
5.89098
6.95434
8.47790
6.12372
8.47790
5.58998
5.26874
0.35155
7.64785
-1.99996
4.05073
-1.49955
1.01144
0.33865
4.85450
-1.63337
3.06089
-0.40245
-0.90289
1.99828
2.46290
2.66437
2.71143
4.99328
1.72116
3.19628
2.46668
6.09505
6.20951
4.92304
1.65400
1.59372
0.97095
-0.40500
2.54132
2.14988
0.14957
-2.29972
4.39220
0.84083
-1.62426
6.55060
8.47790
2.63019
1.70576
2.95747
1.56903
0.34312
7.67397
8.47790
5.40123
3.66105
6.42572
1.91401
7.45495
5.07247
2.65108
4.14721
8.47790
4.70600
5.18870
1.57186
6.00727
4.12796
2.77220
3.83646
1.69772
3.08758
5.59740
1.36601
3.59204
3.36495
5.97045
4.10134
5.98854
5.33809
5.82412
-0.86486
5.20996
2.97497
2.15657
4.79184
7.99793
3.27228
2.54135
3.97917
5.96529
0.18112
1.23358
2.81736
2.34206
2.60764
4.32686
3.66245
-0.13777
3.38499
2.91082
6.41296
0.12030
1.64994
5.59483
2.96569
3.84584
3.63950
2.90988
3.95695
5.16395
3.53788
2.35160
4.10476
6.04394
5.67976
4.86317
4.33282
7.21198
5.57380
5.88896
1.69431
3.11110
1.74337
4.88387
4.05393
3.69030
