-2.40418
-2.68270
-3.11194
-3.65297
-2.41651
-0.10895
-2.00503
-2.47544
-2.16378
-3.39898
-1.46753
-3.04160
-2.38708
-1.41730
-2.06536
-4.25047
-1.08731
-2.40135
-2.85092
-2.25240
-1.71966
-1.77840
-1.36659
-1.65836
-2.07783
-3.38758
-2.11628
-2.28606
-1.66926
-1.30997
-3.24433
-1.82143
-3.00797
-1.94418
-1.04571
-1.31652
-2.92867
-2.34248
-2.23148
0.01894
-2.01525
-3.81801
-2.07785
-0.96974
-1.32322
-2.40170
-1.95112
-0.84767
-2.67414
-3.14649
-3.64443
-1.83590
-2.11445
-0.84935
-2.85187
-3.20020
-2.84770
-3.00341
-3.17867
-2.10294
-1.99562
-3.59012
-1.20468
-1.34608
-2.33170
-1.88003
-2.23716
-1.83706
-2.92194
-2.68525
-1.29633
-1.37907
-3.05372
-1.79152
-3.29129
-1.93211
-2.18184
0.18480
-0.53277
2.04223
-0.75468
-3.88626
-2.90205
-0.91412
-2.67755
-1.42180
-0.42246
0.00508
4.15862
-4.49209
-2.13260
-3.28181
-3.10754
0.32945
-1.17302
-0.83929
0.65203
-3.18255
-0.08387
-2.11141
-1.00242
-2.24393
-2.41073
-3.29565
-1.33135
-2.68348
-1.98308
0.01987
-3.69185
-1.95009
-1.50784
-2.77921
-2.44439
-1.56246
-0.40613
-4.20512
-0.17606
-0.72170
-2.29150
-2.09951
-0.61780
-1.95253
-3.20666
-1.10936
-2.82136
-2.79363
-2.98438
-1.46856
-2.98003
-1.39255
-2.56434
-2.90498
-1.52542
-2.49087
-2.41084
-0.67299
-3.16604
-1.39060
-2.26571
-1.48255
-0.66436
-3.05908
-2.24896
-1.72164
-3.75983
-2.43369
-0.32487
-2.82293
0.20066
-2.61040
-1.61600
-2.58768
-3.08619
-2.73423
-1.71368
-0.93067
-1.85920
-1.79702
-3.36226
-2.21774
-0.45658
-2.59165
-2.66450
-3.49455
-2.77510
-2.49520
-1.37716
2.41031
-0.19471
3.37836
-2.35141
-0.46475
-2.73452
-2.09201
-1.24090
-3.05564
-2.49701
-3.91153
-2.35737
-1.78582
-3.48807
-3.62327
-3.24698
-2.01971
-1.55695
-1.27770
-1.42972
-1.37486
-3.72002
-2.02050
-1.37027
-2.36516
-0.24051
-2.66179
-1.86389
-2.34194
-1.87249
-1.73015
-0.73316
-3.24301
-2.12758
-3.48807
-1.61727
-2.95277
-2.32695
-2.30706
-2.57772
-2.46704
-2.12007
-0.95957
-2.17801
-3.63137
-2.82264
-3.27580
-3.19697
-1.03832
-1.41694
-0.81444
-2.06058
-4.30512
-2.14261
-1.61331
-2.65179
-2.07457
-2.25934
-2.52883
-2.18918
-1.33485
-2.90382
-3.86994
-2.67564
-2.60313
-3.23214
-2.69225
-1.96713
-1.32049
-3.02190
-0.26924
-2.00432
-1.75156
-1.47698
-2.90927
-2.55887
-1.80210
-2.96638
-1.75946
-1.16871
-1.23398
-1.89628
-1.81264
-3.99202
-1.88306
-3.08582
-1.15828
-0.46440
-1.88753
-1.28334
-2.96582
0.27628
-1.44602
-1.85061
-1.69688
-2.41945
-0.41824
-3.00381
-1.30518
-1.55542
-1.80577
-4.49637
-2.53026
-0.95573
-2.30230
-3.69143
-3.99107
-1.07213
-3.56759
-2.46343
-2.96804
-1.38965
-2.44933
-1.75778
-1.30899
-2.54922
-3.34657
-1.78764
-1.86937
-1.29939
-2.62971
-3.20195
-4.15430
-0.56150
-2.96940
-2.64488
-0.37626
-2.54898
-3.10091
-1.61146
-3.06841
-3.39971
1.46459
-3.57765
-3.10969
-3.21476
-0.19058
-1.30036
-3.79304
-2.31262
-1.64542
-1.72112
-3.23752
-0.96583
-3.58473
0.29465
-1.94906
-2.41119
-2.14603
-1.83508
-1.05236
-1.61979
-2.05314
-2.28067
-3.31100
0.85040
-2.68206
-1.05939
-2.64760
1.71500
-3.07694
-1.01946
-1.72510
-3.93086
-1.62032
-1.14867
-2.69549
0.31920
-1.27116
-1.50826
0.31528
-2.29508
-2.55770
-3.02143
0.56179
-2.00023
-0.41261
-2.94963
-2.42438
-2.33801
-1.42404
-1.17565
-2.80313
-2.64293
-2.59353
-0.95163
-1.66475
-2.82981
-2.87127
-1.33278
-2.87678
-3.00055
-2.93624
-2.19467
-1.72311
2.13985
-0.64189
-3.23467
-1.98987
-0.90041
-2.95839
-3.09323
-2.27643
-2.77192
-0.87968
-2.42336
-3.06378
-0.45000
-0.48811
-1.44882
-0.04581
-0.29615
-1.15778
-2.78643
-0.28054
-3.07191
-1.87028
-0.92204
-2.27093
-2.35858
0.66166
-3.06406
-1.93078
-1.01474
-1.05921
-4.43935
-2.43464
-1.95256
-3.28728
-3.12153
-1.48263
-1.77920
-2.58009
-1.32963
-1.11216
-2.87720
-0.52854
-1.45955
-2.23541
-1.39300
-2.83703
-2.37441
-2.66289
-1.54337
-3.11523
-2.58748
-2.85511
-3.83776
-0.96088
0.77128
-3.04165
-0.79510
0.00975
-0.76287
-1.72879
-1.73476
-1.02463
-2.81575
-0.77996
-2.77343
-2.34004
-1.73102
-3.49316
-3.78465
-1.43341
-1.19362
-3.40507
-0.34649
-1.14034
-2.81298
-2.75778
-1.49966
-2.65890
0.77801
-1.06061
-2.89382
-1.49554
-3.17834
-2.86606
1.11235
-2.06808
-2.56765
-2.12505
-1.71105
-3.99001
-0.95944
-3.22788
-2.45519
-2.94931
-2.25497
-0.24266
-2.15013
-4.31239
-2.63457
1.25866
-0.29181
-3.50496
-1.81938
-2.24603
0.45982
-0.31332
-2.59742
-0.70636
-2.28319
-2.58456
-3.23288
1.52957
-3.05427
0.24585
1.18284
-2.28586
-3.49118
-1.69439
-1.84507
-2.20414
-2.38841
-1.48775
-0.92117
-2.52343
-1.69144
-1.36670
-2.65286
-0.80097
-3.76742
-1.44635
-0.96450
-2.89770
-1.98287
-1.15992
-2.75498
-1.76143
-2.01341
-2.47247
-3.08323
-2.14156
-2.07951
-1.45096
-0.75228
-1.65560
-2.14369
-2.45494
-1.75862
-3.11882
-0.75683
-2.50427
-1.86034
-2.23603
-2.53618
-2.15721
-2.16270
-3.53907
-0.90252
-3.17322
-2.29796
-2.33665
-1.52128
-1.61453
-3.72910
-2.48200
-0.53399
-2.89899
-1.42745
-0.82774
-1.21330
-3.20518
-1.10561
-0.49826
-2.49859
-3.94842
-2.26921
-2.69244
-0.37962
-0.60670
-2.87652
-2.90329
-1.54055
-2.59737
-1.24030
-0.37708
-2.61818
-1.12431
-1.62763
-1.30256
-2.18219
-1.42536
-4.13884
0.81931
-2.49718
-2.65743
-3.09035
-0.59800
-0.13609
-2.29734
-2.35869
-1.42620
-2.82938
-1.49635
-1.94198
-1.84447
-2.53747
-2.48851
-1.26605
-1.71391
-2.47767
0.00123
-0.88238
-2.82338
-2.52894
-2.07642
-2.15796
-1.28130
-0.83734
-3.62755
-0.72926
-2.26350
-1.78910
-2.05381
-3.17677
-1.97628
-1.37923
-2.54593
-4.00103
-1.52241
-1.43974
-3.66973
-0.08430
-1.78318
-1.98461
0.52723
-0.70582
-2.06376
-2.34451
-1.83106
-2.53029
-3.16256
-3.23836
-1.25621
-2.24856
-1.49373
-2.26762
-3.09755
-0.48760
-3.19137
-4.07296
-1.45776
-2.19605
-3.09718
0.05554
-1.83440
-2.76296
-3.17077
-3.54612
-2.00217
-2.20078
-2.90673
-0.73140
-3.07367
-3.25801
-1.98868
-1.85504
-2.41043
-4.12446
-4.01701
0.52423
-2.15939
-3.03707
-2.26150
-1.89429
-2.12776
-2.75036
-0.70574
-3.66191
-1.69515
-4.18742
-1.20610
-1.97456
0.94780
-2.44957
-2.72730
-2.39554
-1.96616
-1.55707
-1.90976
-0.86239
-2.69450
-2.22068
-2.26424
-2.09535
-0.22290
-2.99526
-1.25947
-3.69489
-1.55025
-3.74910
-3.01325
-1.66338
-1.75856
-1.80243
-2.74919
-0.98640
-3.49365
-0.58550
-4.05200
-2.11868
-3.10893
-1.64040
-2.79876
-0.84059
-0.57594
-2.21588
-0.85340
-2.30959
-3.33575
-1.06475
-2.56831
-1.91146
-1.82456
-2.79297
-2.55295
-2.65726
-2.68973
-1.60989
-1.14120
-2.61971
-1.15689
-1.14416
0.79411
-1.23076
-2.22529
-1.48350
-4.06397
-2.33180
-2.49277
-3.68010
-2.70938
-1.07515
0.72187
-1.38808
-3.42103
-0.90803
-2.19182
-2.36001
-2.08483
-2.48035
-2.39946
-0.24195
-2.63548
-3.29711
-0.94200
-2.79983
-1.25724
-1.31218
-2.87341
-2.77062
-0.25486
-2.69957
-3.49562
-1.06640
-4.13800
-0.34448
-1.65678
-1.36800
-2.52644
-1.85072
-0.74932
-2.02455
-2.76624
-1.53144
-1.88479
-3.67957
-2.69385
-2.94148
-1.82394
-2.40707
-1.76756
-3.21534
-0.72028
-2.87547
-2.89943
-2.13683
-0.65644
1.89309
-2.09735
-1.94870
-0.86378
-0.53876
-2.54479
-3.30864
-2.68014
-2.83935
-1.51797
-1.76010
-1.46006
-2.00118
-3.22553
-1.45897
-2.33289
-2.61759
-0.90665
-1.41514
-3.34831
-3.66998
-3.01329
-0.44735
-3.28985
-3.16602
-1.32780
-2.08641
-2.84481
-2.81773
-1.85200
-2.58747
0.37018
-0.50771
-3.35314
-2.93342
-1.52969
-2.18663
-0.88768
-2.00498
-2.76898
-0.02483
-3.01876
-2.69064
0.58474
-3.02510
-1.35764
-3.03901
-0.81356
-2.50410
-1.29914
-0.74540
-2.30159
-3.26992
0.31121
-2.86824
-1.59138
-1.60338
-2.49787
-0.80096
-1.96639
0.34843
-1.53867
-1.36664
