-2.60842
-2.93265
-1.81468
-2.45926
-3.09629
-1.74108
-3.52997
-2.05990
-4.10497
-2.78198
-2.96262
-2.03198
-2.96590
-2.21996
-2.54311
-1.03534
-3.03180
-3.25450
-3.72639
-1.15362
-2.16065
-0.89026
-4.51782
-2.93890
-2.93007
-2.19297
-3.67224
-2.90887
-2.31452
-3.05656
-3.21047
-1.44960
-4.05157
-1.10280
-2.61954
-2.29029
-2.87070
-3.31000
-2.78544
-2.46458
-3.15473
-3.29878
-1.58221
-0.45644
-2.60275
-1.91019
-1.97712
-2.00255
-2.06749
-0.74034
-0.10049
-3.71655
-3.65219
-4.15139
-3.78094
-3.35638
-2.70508
-1.28146
-2.66815
-2.43714
-2.24719
-2.35924
-2.82507
-2.58245
-1.46226
-2.74974
-3.88195
-3.54478
-2.70115
-3.88201
-3.85977
-2.33473
-3.56743
-1.16125
-2.62048
-1.26287
-3.53364
-2.64500
-2.16780
-3.12628
-0.59676
0.16893
-3.49753
-0.86304
-3.02334
-1.13404
-3.73435
-0.07728
-3.02227
-2.56545
-2.85354
-2.00152
-2.64619
-2.82674
-2.41859
-2.94158
-4.27731
-2.29601
-1.91618
-2.65942
-2.91432
-0.71153
-0.63168
-2.37521
-3.36143
-2.52044
-0.70359
-1.32716
-3.23596
-2.38241
-4.12928
-4.03551
-4.03697
-2.21000
-4.45258
-2.87661
-1.93509
-3.19645
-2.89906
-2.60939
-3.08867
-2.93197
-2.44940
-4.08862
-3.87846
-2.16042
-4.39188
-2.54765
-3.27607
-2.65166
-2.38911
-3.94045
0.30530
-2.83051
-4.25126
-3.04331
-2.70709
-1.74225
-1.57194
-2.84213
-2.99759
-1.83008
-1.41400
-1.70115
-1.91354
-1.93683
-2.67236
-3.01779
-4.32660
-3.08945
-2.17975
-0.59826
-3.66469
-2.83905
-2.40078
-0.61213
-3.81047
-3.37087
-2.65758
-3.40380
-1.49098
-1.13137
-3.24437
-1.19629
-2.05936
-3.41821
-2.04297
-4.23509
-2.42753
-3.29782
2.29516
-0.91042
-2.93621
-2.68367
-2.69465
-3.57365
-2.05641
-3.03831
-1.87694
-2.23748
-2.75813
-2.88884
-2.60272
-2.50283
-1.91415
-4.22819
-0.89548
-1.91340
-1.85537
