-0.89706
2.58549
2.28765
5.39507
4.45604
1.71384
6.82122
2.49090
2.59441
4.24793
3.44534
3.78042
6.62495
5.70787
4.93107
2.87422
1.61713
5.77014
6.00246
2.63288
3.72696
0.93331
3.29308
3.41182
6.75808
3.18150
4.69835
0.14743
4.23180
3.25903
2.89836
6.89833
1.58284
3.32241
4.96990
5.11126
0.64477
-0.56693
1.08892
3.31658
3.06677
4.80648
2.75736
3.66016
5.98896
5.20169
3.40021
1.64267
3.26211
4.91514
6.89833
1.07235
2.44041
-0.56760
2.06955
6.89833
2.73124
4.26853
5.18518
2.02271
4.37875
4.47483
2.53790
3.35462
4.77839
0.79111
1.64331
1.18092
3.83650
-0.55747
3.99305
2.94617
0.90497
0.53903
1.28693
0.56649
-0.05026
-0.06045
0.76745
5.54227
6.89833
1.60468
4.13955
4.43238
0.75515
3.65797
5.32445
2.19505
2.72522
3.15557
2.30855
-1.85009
4.68495
5.84282
2.64203
6.51858
2.51780
0.41862
6.34575
2.70973
3.68105
6.89833
6.89833
3.60296
1.93246
6.11126
3.27006
4.79119
6.52387
2.84910
6.89833
6.37295
2.81730
0.68035
-2.28986
-1.48559
0.92228
3.58829
3.27574
6.89833
3.35713
3.24660
2.83196
2.81169
1.33058
5.10363
1.39699
3.02246
3.18572
5.22035
2.56002
6.88392
3.22110
4.36130
3.18394
0.56806
4.36026
4.10322
1.37982
1.15420
1.88934
1.50463
4.74108
3.21289
1.80476
-0.27950
2.33899
1.29770
0.19706
0.14163
3.51764
1.01857
4.69861
5.38225
2.67380
2.26818
1.93760
2.03740
0.81248
1.62047
1.34478
1.21956
2.33900
6.89833
-0.57904
-0.04078
0.84949
1.85670
0.98618
-2.68632
-1.14069
0.93190
4.11459
2.07730
0.77348
4.77600
1.70042
2.59588
-0.38054
-0.76575
0.83132
4.00954
3.51464
-0.06775
0.80497
2.96690
4.73610
3.24738
