-2.13930
-0.08912
-2.58735
0.21301
-1.68609
-1.26664
-2.69783
-0.94640
-2.04551
-1.81363
-1.53652
-2.36899
-0.68595
-2.69815
-2.14636
-1.85793
0.02263
-2.28236
-2.69315
-2.65423
-2.31507
-2.26373
-2.25323
-2.33410
-2.03488
-3.36228
-1.18937
-0.51279
-1.08014
-1.74541
-1.25621
-1.25771
-0.85300
-0.71265
-2.20713
-2.65764
-1.91504
-1.14554
0.09026
-0.57155
-3.49934
-1.80859
-2.76058
-2.10694
-2.47733
-1.45317
-2.38219
0.01421
-2.70791
-1.52210
-3.53757
-3.24677
-2.21586
-3.11753
-2.74671
-1.38985
-1.03917
-1.46194
-1.91575
-1.45403
-3.09397
-2.42296
-1.91787
-1.10073
-1.91775
-2.12568
-1.58570
-1.70923
-2.64805
-2.55667
-2.18202
-1.94197
-0.42054
-0.33953
-0.24767
-2.91047
-1.33280
-2.98217
-2.62382
-2.58393
-1.04516
-1.78714
-2.30014
-1.56078
-1.62464
-0.99957
-0.78780
-1.88656
-1.51475
-2.89801
-0.92693
-1.66078
-1.64522
-2.49537
0.54573
-1.55702
-0.11471
-2.41489
-1.56470
-1.65301
-1.27396
-2.53222
-2.54428
-1.67021
-0.58805
-2.22065
-2.49800
-2.93353
-2.28767
-1.64871
-0.32253
-2.64019
-1.50409
-1.27115
-1.75134
-2.17019
-2.10312
-2.12447
-3.07698
-1.91172
-1.08712
-1.84172
-1.75982
-1.08871
-2.27864
-2.82912
-1.91693
-2.06710
-0.34955
-1.98589
-3.16111
-1.80930
-2.02610
-1.37499
-2.49126
-2.23757
-1.39204
-1.33032
-2.10523
0.01694
-2.62132
-1.78940
-1.88750
-1.73877
-1.80537
-0.19767
-1.16241
-2.26589
-1.79236
-2.74555
-0.83765
1.07968
-0.17918
-1.89588
-1.14391
-1.74121
-3.09087
-2.45394
-3.38456
1.95562
0.21621
-0.58529
-2.46019
-1.70246
-1.26929
-0.45326
-1.02732
-0.48919
-1.69258
-1.79933
-2.61412
-0.83559
-1.86647
-2.64818
-0.10849
-1.98326
-1.29637
-2.19407
-0.74740
-1.68447
-1.83309
-1.20828
-1.04277
-2.06291
-2.47670
-0.09087
