-3.32432
-0.62420
-1.38832
0.02095
-0.00610
-2.46934
-1.54479
-2.07017
-1.49645
-2.12084
-2.27194
-3.29960
-1.01866
-2.47036
-2.17824
-2.63320
-0.79113
-1.44710
-0.96702
-1.17558
-1.84928
-2.62018
-1.48877
-1.44081
-0.30321
-2.24431
-1.52415
0.07430
-0.72783
-1.39245
-2.85969
-1.36502
-0.86487
-2.57608
-0.05321
-2.44224
-2.34961
-2.53011
-1.05351
-1.35234
-2.47485
-0.61652
-2.87863
-1.97964
0.17809
-0.27560
-1.53578
-1.42376
-1.86854
-1.71039
-3.19219
-2.10056
-0.72191
-2.24371
-1.60025
-0.74294
-2.88105
-2.61663
-2.44071
-1.73818
-0.66997
-1.48844
-2.42104
-0.14797
-1.24316
-2.10957
-2.29084
-0.74716
-0.43773
-0.50601
-1.94199
-2.45857
-1.77414
-2.81142
-1.90545
-0.92386
-1.34378
-2.12550
-2.32497
-0.81427
0.29105
1.31603
-1.52522
-2.21774
-0.44148
-2.19542
-1.53041
-1.81265
-1.19108
-1.08351
-0.36305
-2.44449
-1.72844
-1.50393
0.33878
-1.67818
-0.66875
-1.10115
-2.51213
-1.97617
1.16741
-1.77968
-0.30167
-2.79722
-0.78669
-0.96385
-2.24766
-0.44940
1.91115
-3.57406
-0.06398
-1.24927
-1.22710
-1.69656
0.76588
1.47940
-2.00723
-1.71505
-1.96019
-3.65111
-2.47922
-0.99003
-3.19099
0.12443
-0.58800
-1.93445
-1.57421
-1.15462
-1.73088
-1.34633
-1.98768
-1.36618
-2.22506
-3.60195
-1.47818
-0.73826
-1.93942
-1.42677
-1.56196
-1.87077
-2.65432
-2.58148
-0.70573
-2.11746
-0.44421
-1.03059
0.69194
-1.18823
-1.96109
-0.91391
-0.45574
0.34731
-1.13965
-0.93666
-0.26694
-1.90211
-1.18063
-1.06288
-2.12999
-2.52470
0.08740
-0.05465
0.49385
-1.88467
-1.35872
-0.75792
-2.75628
-2.48858
-0.29785
-2.81210
-1.23265
-0.77489
-1.56816
-0.96838
-0.99264
-2.03688
-0.81977
-1.30382
-0.88405
0.58144
-0.71679
-2.02305
-1.42348
0.06560
-0.18159
-1.56075
-0.53915
-2.90873
-2.48205
-0.55379
-2.77131
-1.92375
-2.60832
-1.40424
-1.06889
-2.02384
-1.18129
-1.44186
-1.46063
-1.77778
-1.65308
-2.51621
-1.38368
-0.86704
-2.11798
-2.29183
-1.26239
-1.87175
-2.14762
-1.26675
-1.26323
-1.21899
1.50038
-1.05116
-0.10825
-0.90750
-2.82570
-2.32988
-1.49940
-0.84767
-2.14095
-0.79779
-1.68255
-2.02250
-2.36576
-1.83104
-1.80400
-1.37004
-2.14004
-1.58755
-1.92451
-0.74535
-0.10073
-1.29985
-0.75065
-0.79460
-1.42326
-1.38019
-1.73295
-2.59112
-3.26601
-1.44387
-0.55290
-1.22039
0.13873
-1.60728
-2.98785
-1.45237
-0.40565
-2.43827
-1.10230
-1.66056
-0.83993
-1.49947
-0.22772
-1.10705
-2.22464
-1.23228
-0.98022
-1.49559
-2.03513
-1.30205
-0.81417
-1.11125
1.22452
-2.36128
-0.93136
-2.03850
-1.86798
-1.03702
-1.78586
-1.54655
-1.84310
-1.23812
-0.95443
-1.95718
-0.00682
-1.79679
0.22386
-2.55686
-1.47032
-0.84782
-1.50560
-1.60437
-1.07847
-1.63934
-2.50030
-1.81581
-2.90133
1.04743
-0.32825
-2.40153
-2.14543
-1.77965
-2.15854
-1.24773
-1.24809
-1.90691
-2.12842
-0.55444
-0.85763
-1.45555
-1.19533
-2.02870
-2.34781
-1.48013
-0.70479
-0.27292
-0.58905
-1.30970
-2.37113
0.06550
-0.45592
-1.68369
0.11144
-0.83052
-2.23855
-1.90003
0.69094
-1.61567
-2.28575
-2.27617
-2.09580
-1.85022
-1.28689
-1.61753
0.89979
0.44985
-1.66463
-0.35478
-0.80048
-2.32925
-2.69927
-1.49710
-0.66623
-0.73491
-1.93999
-2.17953
0.94353
-0.59429
-2.36087
-1.55321
-2.22293
-0.24983
-0.31708
-0.65326
-2.52586
-1.62004
-2.39709
-0.52935
-2.08130
-1.76999
-1.43527
-0.83229
-1.32365
-2.76735
-2.16115
-1.79285
-0.06393
-2.45913
-1.84293
-1.80319
0.71169
-2.01572
-1.29072
-1.14813
-2.24497
-0.73254
-1.56752
-1.99478
-0.70606
-2.13694
-1.84760
-0.96840
-0.99568
-2.22494
-2.17010
-1.76386
-2.93466
-1.15774
-2.71160
-2.29951
2.26436
-1.97270
-2.29914
-1.16686
-2.13011
-2.79335
-1.33240
-1.92907
-1.75064
-2.17276
-2.41487
-2.24430
0.14616
-1.53317
-1.33874
-2.37408
1.44594
-1.16416
-1.74945
-0.77770
-1.79110
-0.36982
-2.11714
-2.83779
-1.26533
-1.83456
-3.31928
-3.21794
-2.41098
-2.51060
-1.70692
-3.54913
-1.24325
-1.37480
1.29646
-1.99497
-2.04202
-0.91795
0.14926
1.43299
-3.20610
-2.02194
-0.27112
-2.21084
-1.99137
-1.79799
0.62981
1.95814
-2.41015
0.87561
-2.57617
-0.47825
-2.55070
-1.08923
-2.53289
-1.10100
0.56768
-2.86372
-1.69109
-2.19394
-1.35245
-1.99455
-0.60200
-2.18770
-1.76501
-0.11458
-1.16955
-2.49995
-2.32601
1.43205
-2.73135
-2.32848
-0.71474
-0.74768
-2.80807
-2.19690
-2.86461
-2.95992
0.54733
-2.05716
-3.32793
-0.95888
-1.53454
-1.50954
-1.82383
-1.56285
0.93288
1.67772
-1.62014
-2.50323
-0.90722
-2.55892
-1.60897
-1.66320
-2.78454
-1.66264
-2.87143
-1.39673
-0.18908
-1.36373
-1.46345
-1.92005
-2.53587
-0.11376
0.79570
-0.40768
-0.06941
-1.22855
-2.71075
-1.70831
-1.20363
-0.70641
-0.09102
-0.91203
-1.69137
-1.39750
-2.06673
-1.35298
-2.52042
-0.88233
-2.25193
-1.92984
0.42384
-1.57173
-0.99869
-2.37128
-2.01152
-1.74368
0.90880
-1.04744
-2.29196
-0.81622
0.06249
-1.27985
-2.55068
2.38639
-2.30393
-1.57583
-1.87328
-0.05966
-1.71168
-1.84644
-0.77598
-2.03980
-1.96767
-1.55217
0.15557
0.27154
-2.11152
-2.41061
-1.77682
-1.74120
-2.14914
-0.74262
-2.46612
-2.75862
-1.27404
-0.69708
-1.84205
-1.65109
0.19264
-1.81870
-1.70344
-1.57073
-1.31483
-2.65371
-1.31361
-0.27008
-2.64657
-1.34165
-1.30065
-2.78455
-1.90214
0.57679
0.01662
-1.49228
-1.17954
-1.25124
-0.20682
-0.79214
-0.19726
-2.13822
-0.41730
1.94514
-1.66632
-1.08487
-2.42470
-0.63434
-2.37325
-3.11030
0.21539
-1.33630
-0.34882
-1.43790
-3.07406
-2.40141
-2.06404
-0.87140
-2.51336
-3.24986
0.04296
-1.49402
-0.11493
0.66684
-1.99058
-3.03031
-1.16168
1.58564
-2.12860
-2.44563
-1.36740
-1.77172
-1.57528
-1.11922
-0.13140
-1.89765
-1.43953
-1.66454
-0.50903
-0.56765
-1.71995
-2.55247
0.51353
-0.94470
-0.16635
-2.63402
-0.56087
0.22130
-0.86226
-3.02278
-2.53025
-0.77455
-3.24218
-1.62933
-2.17526
-2.71194
-2.46294
-0.42859
-1.50809
-1.98665
-3.34037
-0.67204
-0.72478
-1.42137
-2.20069
-2.04075
-1.37705
-2.12153
-0.40665
-2.36638
-0.68833
-1.52576
-0.22318
-0.25758
-0.10808
-0.70893
-2.87030
-1.23617
-2.07040
-2.51515
-0.96557
-2.39325
0.12802
0.02772
-1.01559
-1.38057
-1.43727
-1.67682
-2.46265
-0.70745
-3.16909
-1.61443
-1.50551
0.48434
-1.54497
-1.32448
-0.62477
-1.98074
-2.48278
-0.35768
-2.43122
-2.02908
-2.13823
-1.18037
-1.39260
-0.22866
-0.04287
-1.20649
-1.91224
0.07201
-1.00068
-2.22233
-0.54520
-2.72042
-2.46380
-2.03992
-1.28247
-1.84049
-0.60045
-2.17529
-1.22001
-1.87751
-2.41397
-1.64924
-1.22690
-1.96312
-1.12565
0.32997
-1.87206
-2.28403
-0.42506
-2.26249
-1.54583
-2.14996
-0.92627
-2.44058
-2.09467
-1.51953
-2.36127
-1.53490
0.02108
-1.80397
-0.97157
0.59209
-2.88399
0.00348
-0.81539
-0.90174
-1.06575
-0.90075
-1.19792
-0.42930
-2.74578
-1.81982
-1.93798
-1.17092
-2.07072
-1.69076
-1.61951
-1.96404
-0.29920
-0.90272
-2.74396
-1.32362
-1.85206
-1.15991
-1.70377
-0.89208
-1.93162
0.86066
-0.33561
-1.57795
-1.19298
-1.20449
-0.75137
-1.69395
-1.18366
-1.23857
-0.57766
-2.27682
-1.46390
0.73249
-1.62633
-1.49849
-1.58293
-2.19173
-0.57727
-2.06675
-1.77791
-2.88254
-1.92351
-1.50527
-0.89477
-1.94106
1.81895
-1.81102
-2.24962
-1.89120
-2.51145
-0.76981
-2.16708
-0.57600
0.55847
-2.02542
-1.59044
-1.23065
0.00554
0.62340
-3.07100
-0.82277
-1.67740
-2.62842
-0.78580
-0.98845
-0.21077
0.10746
-1.79437
-0.69036
-0.65508
-1.42969
-2.61751
0.71883
-1.31924
-3.10143
-2.48243
-1.07249
0.41924
-1.30916
-0.34877
-2.39715
-2.08208
-2.41703
-0.90506
-2.92390
-0.35997
-0.26835
-2.21868
-1.31465
-2.29367
-2.44407
-1.99351
-2.54445
-1.50559
-1.38399
1.01683
-2.13224
-1.82657
-0.30107
-1.61083
-3.02958
-1.26394
-1.55916
