-2.15009
-1.42960
-1.24090
-1.54797
-1.54051
-2.17406
-1.82235
-1.49107
-1.14014
-0.77031
-1.36649
-0.87868
-0.53638
-2.01074
-1.81817
-1.40206
-0.55471
-2.21461
-0.93207
-1.31774
-1.32979
0.28125
-1.25249
-1.72816
-1.39480
-1.83761
-1.21355
-1.33958
-1.57714
-0.92221
-2.05026
-1.23769
-0.80090
-1.00495
-1.87085
-0.59295
-0.85973
-1.75861
-2.35084
-2.02376
-1.41004
-0.84415
-1.90410
-2.52430
-1.73275
-0.20334
-1.92081
-0.99547
-1.46476
-1.24207
-2.36861
-1.26657
-1.29322
-1.26738
-2.59071
-1.52210
-1.70675
-2.15345
-1.49695
-1.85630
-2.43105
-2.26744
-0.86342
-1.28435
-2.15273
-1.73206
-1.98545
-1.44007
-0.75634
-1.80155
-1.99853
-1.66108
-2.42859
-1.20646
-0.72220
-1.91300
1.47606
-0.12475
-0.66478
-1.37618
-0.79867
-1.39596
-0.42547
-0.28425
-1.97183
-1.69106
-0.71256
-0.95897
-0.67339
-1.30669
-1.03415
1.28944
-0.35106
-1.84101
-1.25930
-1.78403
-1.52770
-1.51172
-1.57590
-0.00236
-0.90491
-1.47400
-1.20764
-1.55259
-1.98885
-0.43576
-1.32586
-1.34107
-1.36045
-1.93278
-1.52399
-2.37236
-1.33631
-1.46430
-0.88733
-1.36337
-1.45602
-0.80056
-2.19429
-1.83996
-1.29980
-2.40859
-0.13572
-2.20866
-1.03484
-1.54037
-1.58267
-0.91099
-1.26359
-1.80146
-1.48070
-1.74718
-1.52144
-1.71150
-1.49691
-0.59219
-1.62076
-1.53866
-2.14229
-1.93746
-1.97495
-2.11577
-1.33266
-0.04356
-0.88297
-0.80599
-1.66397
-1.00215
-1.53717
-1.55408
-1.97948
-0.16483
-0.83839
-2.49541
-0.98506
-1.65999
-0.74555
-1.31355
-1.69663
0.01584
-0.28503
-0.79325
-1.77384
-1.83267
-1.95433
-0.97503
-1.54504
-0.86623
-1.14301
-1.37500
-0.94607
-1.55384
-1.71296
-1.25091
-1.07203
-1.16565
-1.43424
0.44248
-0.15295
-1.07124
-0.81316
-1.25960
0.36002
-0.45059
0.21808
-0.82402
-1.58130
-1.17357
-1.71252
-1.64954
-1.46165
-1.26754
-0.67093
-1.16520
-0.65856
-0.60205
-1.33086
-0.81354
-1.18000
-2.70967
-0.96671
-0.56474
-1.24905
-1.21497
-1.66854
-1.90620
-1.95830
-1.78034
-1.37807
-2.06029
-1.34798
-1.03557
-2.10381
-1.76928
-2.35610
-0.76852
-0.87535
-1.22047
-1.11918
-0.83775
-1.48826
-1.89846
-1.91645
-2.10157
-0.94551
-1.04792
-1.58753
-0.65551
-1.89094
-0.54959
-1.29666
-0.97485
-1.66629
-2.06914
-1.12532
-2.02220
-1.63472
-0.15352
-1.14569
-0.52047
-1.24619
-0.98142
-0.73850
-0.43045
-2.08163
-1.12134
-0.19312
-0.66948
-1.85414
-0.80472
-1.56056
-0.93652
-0.95833
-1.36221
-0.84134
-0.48454
-0.14350
-0.88792
-1.65164
-1.68055
-0.63806
-0.86931
-2.62465
-0.55914
-1.00915
-1.92218
-2.35817
-1.86878
-2.28730
-2.47483
-1.22898
-1.18212
-1.12303
-1.13400
-1.07582
-2.25178
-1.55142
-1.19875
-1.30810
-0.91497
-1.14014
-1.76464
0.79738
-2.42972
-1.53595
-1.44113
-1.85860
-0.05380
-0.86345
-1.87730
-1.66738
-0.41876
-2.52168
-0.87324
-1.93156
-1.30573
-1.80921
-1.68157
-1.66442
-2.16913
-1.26737
-1.97683
-2.03920
-1.98417
-0.56019
-1.69754
-1.29666
-1.71043
-1.69382
-0.68957
-1.10175
-1.03773
-1.77531
-2.44239
-0.36703
-2.19872
-1.29018
-1.92569
-2.14166
-1.53831
-1.71920
-1.77732
-0.78487
-2.22934
-1.64815
-1.23724
-2.19980
-2.27391
-1.86749
-1.83123
-1.43028
-0.31113
-1.31597
-1.04127
-1.42813
-0.14813
0.67337
-0.58400
-0.52142
1.22159
0.39415
-1.72199
-1.27952
-1.17678
-0.42072
0.49562
-1.58625
