-2.51560
-0.15679
-0.74265
0.35343
-0.08698
-1.05474
0.37312
-0.31276
-0.76513
0.14588
-1.02558
0.49014
-1.14540
-0.72476
-0.03839
-1.36520
-0.37354
-1.16598
0.27892
-0.34725
-0.60522
-1.27786
-0.92115
-0.16876
-1.48521
-0.73175
-0.39872
-1.77748
-0.73758
-1.46735
-0.41015
-0.37308
0.09458
-0.97204
-0.31976
0.05867
-0.43014
-1.12351
1.17857
-1.34996
-1.70407
-1.27081
-1.42527
-0.99258
-0.63660
-0.83002
-0.97260
0.20701
-0.86370
-1.97935
-0.44454
0.30261
0.56534
-0.39581
-1.23217
-2.03591
-1.24132
-1.97094
-0.85383
-0.39325
-1.55428
0.02528
1.04812
-0.96534
-0.85427
-0.72405
-0.92843
-0.54664
-0.64342
-0.93021
-0.04903
2.20876
0.31004
-1.32822
-2.18350
-1.74418
-0.81913
-0.09566
0.23010
-0.24522
-2.78525
-2.65353
0.76122
-2.53731
0.31750
-1.47145
-0.60488
-1.14749
-0.56172
-1.01277
-0.53822
-0.92852
-1.09648
-1.35889
0.00379
0.00604
-1.69424
-1.21297
-1.03038
-0.81561
-1.20964
-0.91599
-0.53547
-1.37651
-0.77592
-1.37894
0.04666
-1.29096
-0.27199
0.00725
0.10644
-0.54298
-1.51253
-0.41836
0.24915
-0.66975
-1.28229
-0.31002
-1.28448
-0.40346
-0.08056
-1.27823
-0.47114
-1.64038
-1.36250
0.10555
-1.11658
-1.14582
-0.66177
-0.50104
-1.84106
-1.07054
-1.25947
-1.66064
-1.05780
1.19042
-0.31922
-1.44891
-0.28262
-1.58896
-0.91840
-0.99704
-0.06655
-0.08124
-1.87501
-0.30159
0.14070
-0.00600
-0.13529
-1.07072
-1.71055
0.25930
-1.04184
-0.62338
-0.79692
-1.04550
-0.58323
-1.46392
-1.10716
-0.00610
-0.80640
-1.47909
-2.33346
-0.53303
-0.70754
-1.86482
-1.13544
-1.51058
-0.68363
-0.07181
-1.55183
-1.55375
-1.62362
-1.35133
-0.58593
-1.49468
-0.01091
-1.42050
-0.81369
-0.22355
-0.53133
-1.33832
0.88137
-1.24434
0.14643
1.56375
-1.05978
-0.10025
-0.60810
-0.32765
-0.02977
-1.20060
-0.59907
-1.26060
0.96251
-0.17953
-1.80020
-0.99159
-2.26759
-0.55370
-1.10565
-0.99565
-1.60180
0.38734
-1.09292
0.39009
-0.76043
-1.03320
-1.04648
-0.02655
-0.97163
-0.88824
-1.41769
-0.08608
0.36523
-1.67139
-0.96423
-0.70591
-0.97779
-0.55841
-0.86191
-1.18239
-0.54635
-1.86864
-0.53316
-1.29660
-0.27164
-0.35392
-1.27848
-1.87139
-1.10394
-1.46890
-0.45175
0.16008
-0.90453
0.29467
-0.97355
-1.52593
-1.06662
-0.11880
-1.16971
-1.39955
0.05394
-0.33963
-1.72069
0.01055
-1.65506
-0.86830
0.51671
-0.92570
0.08602
0.43268
-1.23202
-1.71467
3.28946
-1.82703
-0.01814
0.02953
-0.91790
-0.20489
-0.73887
1.85074
-0.55666
-0.67199
-1.15718
-1.17597
-1.21475
-1.26711
-1.98999
-0.75197
-1.03822
-0.22414
-2.14259
-2.03483
-1.51714
-0.44554
-1.02792
-0.95271
-0.38704
-0.82004
-0.22337
-0.97523
0.24846
-1.72740
-1.33898
0.69758
-0.48417
-0.00593
-0.94395
0.75002
-0.76714
-1.39944
-1.43174
-0.72723
0.76296
-1.83979
0.31598
-0.61013
-1.11449
-0.90236
-1.51340
0.64829
0.83370
-0.95324
-1.68522
-1.08138
-0.81371
-1.66826
0.06535
-1.18497
-1.22107
-0.64057
-0.37227
-1.27703
-1.44691
-2.16422
-1.37952
-1.17605
-0.91836
-1.65668
-0.87702
-1.50093
0.19030
-0.40663
-0.55403
-1.38737
-1.14464
-1.40979
-1.71678
-0.33105
1.36563
0.32293
-0.56761
-1.11755
-0.76443
0.26215
-1.30521
-0.26839
0.54464
-2.29817
0.06729
-2.24253
-1.65662
-1.58400
-0.41645
-0.62804
-0.70383
-0.66907
-0.55703
-0.17139
-1.02384
-0.54274
-0.47349
-1.41537
-0.64600
-1.23664
-0.42331
-0.63632
-0.52265
-0.55435
0.18589
-0.49434
-0.50042
-1.23542
-0.16736
-0.92580
-1.20530
-0.19905
-1.43797
-1.52078
-1.38727
-1.05054
-0.93925
-0.99198
-0.76443
-0.81906
-0.14570
-1.32647
-1.03284
-2.06512
-0.42420
-0.36251
-1.10613
-0.30071
-0.80902
-1.31334
-0.83032
-1.89939
-0.77057
0.11228
1.97185
-1.92493
-1.27296
-1.39560
-0.09092
-0.94259
-1.31928
-1.04277
-0.85272
0.33750
0.43505
-1.91630
-0.93278
-1.47998
-1.11011
-0.77601
-0.93388
-0.47421
-1.12982
1.02698
-1.67336
-2.05535
-0.44120
1.10590
-1.08328
0.12977
-1.90117
-0.77302
-1.27578
-1.09212
0.66590
-0.61126
-1.38476
-0.32573
-0.29749
0.08795
-1.72418
-0.15376
-1.58179
-1.22602
0.70624
-1.85258
-1.43419
-0.32128
-0.10104
-1.00512
0.42477
-0.84540
-1.04944
-0.56250
0.55376
-0.55163
-1.85075
-0.67619
-1.05744
-1.82165
-1.71206
-1.36418
-1.13018
-0.95030
-1.42094
-0.89553
-0.88111
-1.84183
-1.00712
0.51026
-0.49965
-0.60660
0.62468
-1.68632
-0.53986
0.49939
-1.20922
0.67515
-1.10642
0.05102
-1.48858
-0.09372
0.56849
-1.24444
-1.73526
-1.21167
-1.23419
-0.28647
-0.31699
0.20011
-0.64356
0.53713
-0.53597
-1.65993
0.73830
-1.50099
-1.43333
-0.38902
-1.44791
-1.11889
-1.66058
-1.54893
-0.83324
-0.53500
-0.89666
0.09603
-1.89297
-0.38624
0.36804
-0.85717
-1.49674
0.25974
0.11801
-2.14238
-1.87797
-0.99496
-1.13664
-1.78210
-0.46778
-1.57605
-0.86227
-0.57143
-0.95420
-1.23908
-1.56879
-0.05299
-0.02892
-2.04196
-1.53407
-2.01044
-1.79111
-1.94733
-0.87200
0.86344
-0.92586
-1.49216
0.35849
1.01664
1.22605
-1.16823
-2.01785
-1.22367
0.21320
-0.88827
-0.27637
0.44006
0.44205
0.92067
-0.71419
-0.49322
-1.09844
-0.85312
-0.49323
-0.22050
-0.32519
-1.80544
-0.03740
0.59375
-1.12059
-1.57482
-1.09554
0.25233
-1.19146
0.00554
-0.98786
-1.52784
-0.50880
-0.79492
-0.75378
-1.96303
0.11217
0.14059
-2.31077
0.56359
0.38771
0.44175
0.13312
-0.52114
-1.20171
-0.19033
-0.41020
-1.07736
-1.07475
-0.75289
-0.04306
0.17411
0.41541
-1.06940
-0.49618
-0.95246
-1.24683
-0.90295
-0.65796
1.47459
-0.93544
-1.43620
-1.82556
0.41963
0.14808
0.16959
-0.99244
-1.09740
-0.52389
-2.01632
-1.06740
-0.68247
-0.29227
-0.61806
-0.31523
-1.00781
-0.72305
-0.87690
0.14632
-1.24825
-0.06094
-0.52177
-0.88278
1.14023
-1.61312
0.25733
-0.77752
-0.19722
-0.90390
-1.60424
-0.33317
-0.67269
-0.20997
-0.84287
-0.15282
-1.49640
-0.56163
-1.49569
-0.21483
-0.79661
-1.35400
-1.22183
0.20121
-0.51351
-0.57062
-1.22989
-0.36705
-1.13546
0.13805
-1.46491
-1.84343
-0.99147
-1.28909
0.49733
-1.09157
-0.16315
-1.52137
-0.89342
0.71716
-1.22054
-0.77557
-2.54985
-0.26904
0.62565
-0.54686
-0.97369
-0.78551
-1.02998
-0.61711
-0.22340
-1.65316
0.18217
-0.71776
-0.48621
0.28341
0.62405
-0.35231
-2.32996
-1.52980
-0.26112
-1.55115
-1.83743
-0.13317
-0.42708
-0.73732
-1.27806
-0.48478
-0.75195
-0.99683
-0.09709
-1.71844
0.00786
-0.80144
0.11476
-1.04340
-2.44072
-0.77498
-0.24564
-1.50676
-0.56197
-0.21096
0.31601
-0.16871
-0.98818
-0.33689
-0.15321
-0.92200
-0.43175
-0.67711
0.44558
-0.41412
-1.99951
-0.25567
-1.17356
-1.01108
0.24523
-1.00810
-1.59572
-1.42427
-1.24441
-0.10026
-0.64946
-1.44109
-0.77627
-1.43778
-1.50560
-1.18629
-1.18044
-0.38841
-0.33478
-0.09767
0.18926
-1.37473
-0.09265
-0.78268
-1.58005
-2.11544
-0.77537
-2.03632
-0.83463
-0.33209
-1.15677
-0.48924
-1.49438
-0.43461
-2.26707
-1.24583
-2.16426
-1.03387
-0.72255
-0.71378
0.07820
0.30021
-0.73801
-0.26441
-0.45742
-0.94532
-2.12648
-1.06191
-0.85696
-1.63819
-1.84207
-1.03350
-1.52314
-0.56544
-2.02457
-0.01568
-0.50777
-1.28064
-1.15230
0.61292
0.31866
-1.01714
0.79597
-1.49481
-1.71449
-0.63214
-0.91374
-1.14315
-0.59004
-0.95008
-0.42512
-0.34634
-0.43670
0.02735
-1.45691
-0.57536
-1.59934
-0.31079
-2.06001
0.59439
-1.21612
-1.20598
0.06444
-0.72865
-1.16003
-0.94768
0.18742
0.20595
-1.04109
-1.65952
-0.68159
-0.07434
-1.08280
-1.15958
-1.58262
-1.01450
-1.43476
0.26968
-0.49506
-1.21427
-0.23097
-0.80588
-0.12794
0.79203
-2.31513
0.22196
-1.04408
-1.04473
-1.48561
-0.98337
-0.50241
-0.44717
-1.47926
0.27012
2.49994
-0.92913
-0.94954
-1.86048
-0.07133
-1.59677
0.29884
-1.11869
-1.18076
-0.77853
-0.13753
-0.94628
-0.94396
-1.31044
0.01024
-1.63581
-1.07621
0.60540
-1.67358
-2.60410
-0.58862
-0.76908
-1.22835
0.25295
0.46270
-0.00922
-2.02764
-1.07846
-0.90229
-0.56427
0.21356
0.92455
-2.12776
-1.29062
-1.50003
-0.02667
-0.30032
-1.71452
-0.48269
-0.01056
-1.15002
-1.32798
-0.68937
-0.84013
-1.89399
-1.88685
-0.93024
-0.65541
-0.69532
-1.11413
-0.58097
-0.14566
-0.74367
-1.15955
-2.10396
-0.93548
0.96383
-1.53980
-0.04596
0.54313
-0.76645
-1.91439
-0.11492
-0.17937
-1.59137
-1.97355
-2.07543
-1.58216
-1.43898
-0.36575
-0.85289
-1.64715
-1.50988
-2.23550
-1.29254
-1.39076
-0.28148
0.02834
-0.16109
-1.54595
-0.35677
-1.57478
-1.40081
-1.05853
-0.63418
0.24435
-1.39578
-1.23378
-2.02480
-0.27273
-0.41094
-1.63988
-0.93493
0.19768
-0.34019
-0.86082
0.61854
1.17492
-0.91740
-1.84349
-1.78457
0.00249
-1.15584
-1.43384
0.11785
-1.43227
-0.22786
-0.72198
-1.90294
-0.04243
-0.38363
-0.51617
-0.60886
-1.79950
-1.43588
-0.49674
0.19533
-1.31746
-0.33774
-0.58549
-0.22654
-0.47357
-0.32294
0.11950
-1.23045
-0.83730
-0.21078
-0.77975
-0.64541
-0.72697
-0.54968
-0.80585
-1.64159
-1.04842
-1.11664
-0.98494
-1.78378
-1.16987
-1.22580
-1.19254
-1.30704
-1.26340
-0.92963
-1.41039
-0.15617
-0.73316
-1.03843
-0.34950
-1.12912
-0.33524
-0.10850
-0.73734
-1.46099
-1.40370
-1.30431
-1.32891
-0.40021
0.18000
-2.38785
-1.11675
-0.30007
-1.22511
-0.43913
-0.13315
-0.53288
-0.67658
0.03293
-0.25414
-1.22162
-0.81022
-0.48557
0.01937
-0.47114
-0.68165
-1.09767
-0.10310
-0.50234
-0.40890
0.14145
1.44160
0.10922
-1.17326
-1.06832
-0.66814
-0.47982
-1.06469
-1.11467
-1.03073
-0.67929
-0.18187
-1.19708
-1.55537
-0.50307
-0.92697
-0.13406
-1.13985
-1.19560
0.20849
0.52879
-0.54036
-0.23590
-0.05426
-0.34696
0.34394
1.03604
-2.17900
-0.65055
0.29653
-1.30483
-0.43479
0.99100
-0.62255
-1.65375
-1.40427
-0.55809
-0.10913
-0.59454
-1.55793
-1.62678
-1.27393
-1.57202
-0.34358
-0.71131
-0.84595
-0.53704
0.37568
-1.06351
0.72809
1.62243
-1.01273
-0.94025
-0.46213
-0.26914
-2.35924
-2.07517
-0.72475
0.04671
-0.27128
-1.77668
-1.59491
-0.21805
-1.31485
-0.28331
-1.30112
-0.97228
0.26839
-0.46392
-0.71156
-0.68080
0.02474
-0.54777
-1.06114
0.29669
-0.06737
-0.97824
-1.40447
-0.65620
0.07696
-1.94823
-1.01510
-1.16809
-0.84404
0.04074
-0.49168
-2.10770
0.52834
-0.77930
-0.53073
0.61850
-0.70255
-2.94461
-1.84551
-0.67801
-0.61570
-1.10617
-1.02070
-0.20715
-0.28980
0.79498
0.79259
-0.82295
-0.81408
-0.47743
-0.46040
-0.73551
-0.02060
-1.42128
-0.56939
-1.43368
-0.31582
-1.10907
-0.71195
-0.44114
0.46291
-0.75368
-0.10051
-0.36953
-1.19494
-1.20778
-1.14678
-0.50430
-2.10474
-1.48279
-0.14194
0.39960
-0.53295
-0.10711
-1.62059
-0.80810
-1.60390
-1.01887
-0.37144
-0.58512
0.79474
-1.91712
-1.19282
-1.19757
-1.37485
-1.34820
-1.94554
-0.92200
-0.51588
-0.80972
-0.84175
0.55940
-0.96122
-0.45888
-0.75112
-0.59084
-0.46359
-1.71694
-1.71610
1.08509
0.61034
-1.32609
-0.72544
-1.03572
-1.20132
-0.21835
-0.24351
-1.97808
-1.52717
-0.63315
0.03155
-0.67017
0.38864
-1.49215
-0.08583
-0.40335
-1.37182
0.61113
-1.23902
-0.57971
0.53604
0.15591
-0.87233
-2.10066
-0.17327
-0.81353
0.22630
-1.02495
0.63260
-1.65875
-1.36575
0.14360
-0.86522
-0.17193
-1.45864
0.33455
-1.07336
-1.11499
0.14647
-1.91032
-1.68220
0.26189
0.50198
-1.76975
-0.38159
0.52225
-1.08845
-1.25751
-0.48194
-0.71618
-1.65709
-1.31841
-1.52195
-1.28172
-0.35239
-1.02660
-0.86589
0.65912
-1.69308
-1.77971
-0.45829
-0.61620
-1.19930
-1.84226
-0.36699
-0.17369
-1.24559
0.21895
-1.25898
-0.28067
-0.85931
0.85852
-0.79152
-1.24878
-0.64234
-1.24288
0.43772
-0.03003
-0.68760
0.30174
0.86813
-1.68857
-0.86028
-0.93422
-0.09378
3.64738
-1.38201
-1.86762
-0.09975
-1.09162
-0.55574
-2.30646
-2.01047
-0.09427
-0.38235
-1.32002
-0.91126
0.51659
-0.48500
-1.22889
-1.27380
-0.24707
-1.55266
-0.67500
-1.85936
0.38261
-1.15680
0.23401
-0.00154
-0.97555
-1.69452
0.44169
-1.49114
-1.00804
-1.01211
-0.92845
0.21341
-1.25663
-0.66289
-0.29811
-1.42602
-0.20178
0.58480
-0.79137
-2.15330
-0.43469
0.22814
-1.42969
-0.50402
-1.23303
-1.20496
-1.21610
-1.90609
-2.07533
-2.13409
-1.80932
-0.07467
-0.15156
-1.59124
-0.03266
-0.37585
-0.90171
-1.58552
1.40132
-1.79815
-0.53658
-0.44734
-1.44724
-0.52221
-0.83206
0.49402
-1.04898
-0.31866
-1.17306
0.52904
-1.74000
1.04813
1.59403
-0.53418
-0.97626
-1.43501
-1.09503
-0.84496
-1.43802
-0.69675
-0.41394
-1.63663
-0.29791
-0.15587
-2.19492
-1.33771
-1.31861
0.31027
-1.90768
-1.41502
-1.07843
-1.13204
0.36376
-1.64027
-0.26348
-0.92876
-2.09965
-0.43533
-1.19042
-0.91458
-0.93843
-2.08519
-0.92346
-0.59249
0.01141
-0.74847
-1.36343
-0.51053
-0.11124
-0.15088
-0.82361
0.03082
-0.10141
0.49991
-1.81538
-0.94188
-0.13468
-0.85066
-0.59900
-0.79543
-0.47815
-2.14262
-0.08924
-1.02118
-1.18247
-0.34346
-0.78001
0.46711
-1.46326
-0.76540
0.52735
-0.64059
-1.79926
-1.22694
-0.77196
-0.32221
-1.29460
-0.54024
-1.81460
0.14514
-0.82861
-1.16072
0.14096
-1.08813
-1.53472
-1.16534
-1.03982
0.55078
-1.12295
-1.38851
-0.64257
-2.04938
-0.01521
-1.13400
0.58068
-0.25158
-0.62645
-0.22682
-0.29705
-1.00895
-1.00601
-0.47438
-0.23382
-0.64280
-0.57618
-0.19191
-0.91258
-1.04343
-0.45948
-0.09660
-1.25678
-1.48210
-0.82112
-1.09233
-0.76961
-0.93528
-0.62346
-0.74400
-1.55008
-0.79273
-1.62771
-0.98486
-0.43139
-0.99726
-0.68798
-1.84944
-1.46329
-0.18119
0.16025
-0.38052
0.40665
-1.81498
-0.40937
-0.60484
-0.66298
1.10538
-1.97405
-1.04893
-0.62542
1.52690
-2.20180
-0.92722
-0.45690
-2.61844
-0.70893
-1.25171
-0.88665
-1.10671
-0.04253
-0.29594
-0.35521
-0.70527
-1.33347
-1.38042
-0.75093
0.18226
-1.25033
-0.53881
-0.02474
-0.70722
-1.49680
-0.71193
-0.35481
-1.90168
-1.02698
-1.63147
-0.50376
-1.42755
-1.58005
-1.21613
-1.84458
-0.58754
-0.63181
-1.47618
-0.66739
-0.61421
-1.90609
-1.20493
-0.88331
-1.54100
-1.30308
0.90114
-2.32438
-0.79555
-0.78544
-1.30073
-1.29567
-0.76000
2.09537
0.50723
-0.62708
-2.87038
-2.72311
-1.43622
-2.41157
-1.39742
-0.26408
-0.76437
-0.08874
0.06247
-0.87484
-0.26269
-2.30396
0.35995
-0.96241
0.06613
-2.24519
-0.93184
0.97043
-0.30808
-0.20083
-1.56749
-1.22742
-2.88661
-1.97192
-1.17032
-1.90143
-1.48251
-2.03971
-1.51413
-0.73600
-0.69538
0.07141
-1.95637
1.29038
-1.35883
0.28310
-1.12837
-0.76580
0.84129
-0.83418
0.16885
-1.74630
-1.13417
-0.60795
0.84111
-1.76891
-1.79176
-0.82766
0.50647
-1.11709
-1.34325
-0.15918
0.85236
-1.06760
0.09106
-0.68838
-1.72607
-0.98814
-1.48596
-0.94003
-0.18984
-0.91769
-0.37421
0.29710
-2.01938
-0.22240
-0.86587
-0.80195
-0.54438
-1.36424
-0.43485
-1.18244
-1.32638
-1.09891
-1.44865
-1.30991
-1.25223
-1.49803
-0.89598
