-0.68833
0.31965
2.24455
2.65193
2.02498
0.11701
3.36802
-0.01409
0.71761
-0.59808
0.83439
2.74587
0.69290
3.67976
3.19161
2.10149
2.45662
1.25111
-0.90814
0.87116
2.04772
1.48082
1.39200
1.99547
1.23619
2.19614
0.71040
-0.72685
1.96245
0.89080
-0.83719
-0.22774
2.84341
0.78368
0.68004
-0.28513
0.59718
4.01598
1.64136
2.96112
1.55216
1.58390
1.58637
2.16726
0.63322
1.40758
2.73990
0.87137
1.74796
1.46669
2.49494
3.70448
1.42272
-0.69154
2.29452
3.47416
1.11461
3.72210
2.52574
0.61838
-0.03139
0.05664
2.60934
0.33186
2.04426
1.24914
1.46309
1.52548
3.97268
0.99603
1.67658
3.23001
2.00018
1.51580
1.78260
-1.91305
-1.79346
-1.57789
-1.26500
0.81031
0.13335
0.36101
0.96181
-0.44602
-0.37910
-0.01426
0.01415
0.33150
0.36544
0.03202
-0.76480
-0.45742
-0.46305
-0.48399
-0.82870
2.72520
1.52044
-0.19853
0.63761
1.21622
1.08587
0.42682
-0.11357
2.71122
0.13750
1.76084
1.86215
0.63543
-1.49349
2.17952
1.51628
1.50581
1.29735
3.19334
2.44414
1.92747
-0.19353
0.45834
0.52918
0.83694
2.12905
0.30140
-0.57532
0.96753
-1.18744
0.92345
-0.60797
-0.36063
-0.09737
-0.19158
0.83813
2.01441
0.73660
0.47530
-0.35586
1.31810
1.85580
0.36287
2.21427
0.04308
2.09632
2.79654
2.88164
2.88530
1.17249
0.74022
0.61793
1.39577
1.34239
1.21117
1.57791
1.63827
0.54356
1.64030
1.92479
-0.27438
0.43760
2.56078
0.78596
0.42160
1.35581
0.78472
2.90717
1.00034
-0.59054
1.42380
0.71474
2.17732
0.81043
-0.19987
2.24135
-0.64977
0.78004
1.98921
-0.13956
1.01074
1.07299
0.57406
3.66134
2.91098
0.94105
0.47901
0.91058
0.09538
0.34768
1.33312
-1.67322
1.70292
1.28974
-1.34938
-1.30807
0.24905
0.98243
2.18955
2.41517
0.74039
-0.61526
0.72577
1.14296
-0.76877
-0.47396
0.50478
0.39560
1.03289
2.80151
2.47193
1.26250
1.44344
1.75224
2.16621
2.23081
1.73140
1.02946
2.73060
1.64416
0.55140
1.28834
1.67179
3.26175
2.27865
1.09685
0.79314
2.04481
0.00108
1.62065
2.55483
3.43580
1.32515
1.78101
2.35723
0.19330
2.04710
3.14406
0.94850
3.20019
1.32114
1.20575
2.88233
0.66839
2.61011
0.78176
-0.44098
-0.42439
0.63897
0.79324
-0.32619
-1.69961
-0.58048
0.71692
0.34676
-0.96127
1.11278
0.48321
0.62687
0.37569
-0.24443
-0.66591
1.03866
0.89269
-0.77407
0.24672
-0.06669
-1.27023
-0.92679
2.11366
1.71579
1.78903
1.51706
0.90618
1.88489
0.47475
3.74237
2.11999
2.81820
-1.03994
1.82865
2.24163
-0.25356
3.49943
-0.73291
1.79031
1.65715
4.98386
3.80670
0.91441
1.31292
5.53831
0.99589
1.22976
-0.17232
0.95693
0.93224
0.47998
0.86376
1.14017
4.56316
0.54915
1.07433
2.18324
1.96497
2.00682
3.10842
3.02644
-0.17102
0.28045
1.21495
1.79987
0.96221
0.45741
1.48275
1.44628
0.87367
0.67903
1.10364
0.40720
1.90766
-0.02583
2.60946
2.10709
2.20652
0.84617
2.62460
0.87972
1.45397
0.34074
4.90539
0.65124
2.21388
0.46234
-0.19607
0.63496
1.33673
1.36536
1.16423
1.10750
0.80160
0.64242
1.73956
2.56562
-0.12530
2.33284
1.08348
-0.79182
0.39145
1.44091
0.73383
1.69185
-1.16658
0.36221
0.30074
-0.08669
