4.08720
1.24343
1.82650
9.14161
2.86534
3.64293
6.87823
1.64518
0.65191
4.65899
2.39624
0.54031
6.33657
1.66820
7.40617
5.95500
3.27826
-0.06014
5.89512
3.60148
3.31971
0.17374
2.94052
2.67203
7.70598
8.03726
2.30529
6.69468
3.10287
2.14265
2.02488
8.59475
6.16181
4.69807
6.98670
1.00404
1.36626
0.51725
3.09919
0.23721
1.17181
-1.49164
3.35037
1.90435
4.48015
5.60316
2.23314
4.04123
5.81438
3.67285
0.27656
0.05815
2.65879
4.72386
4.67068
2.46423
4.12674
4.40785
2.81818
3.59280
2.03896
-0.05594
2.52602
-0.19010
8.07470
5.93543
2.23478
3.08453
-0.89361
-0.17963
6.68891
0.02148
6.96788
2.05010
7.24196
0.74016
4.25424
2.30467
2.26665
5.71177
9.23917
4.64590
9.23917
6.07285
7.12365
9.23917
2.37210
0.40208
2.40367
3.71243
2.02112
3.57935
2.63707
3.88818
7.41394
0.67249
0.45345
1.87732
1.88123
2.59920
2.71514
0.68031
-1.85147
0.52610
6.40263
4.05753
1.76094
7.16106
3.62257
2.17552
8.04477
3.82702
-1.01864
2.34213
6.50557
2.39881
4.04906
3.60798
3.00958
0.18450
2.59824
2.77327
4.90535
-0.16652
8.21463
7.14637
7.82960
1.63710
6.05652
6.37974
0.88790
0.51667
3.09406
7.77724
1.50967
6.11341
2.62006
0.71753
3.38694
9.23917
3.91790
5.55315
3.64558
3.87403
4.31760
0.62827
3.95858
6.17942
0.54067
1.91045
9.23917
5.11101
3.15720
3.39557
2.52730
3.82012
0.01918
-1.08745
1.57419
-0.21079
1.46959
-1.24032
3.20501
4.86102
-1.03073
0.66140
0.46422
1.22201
0.85445
0.35775
-1.22130
5.39022
1.45936
3.08853
-0.05088
3.17547
1.15505
5.63419
-1.06148
-1.17339
1.06934
1.92665
4.15742
2.65686
6.62912
1.60384
3.88674
6.29677
4.01215
6.43486
1.72914
2.32974
6.26603
-1.99047
6.48374
8.65419
-0.30152
-1.36211
4.21907
5.45272
