-2.20195
-0.92305
-1.81108
0.04226
-2.20916
-0.66319
-0.99484
-0.23257
-0.43688
-1.98901
-0.44572
-1.54035
-1.99693
-0.62205
0.20039
-0.96476
-2.10546
-1.55184
-0.56532
-2.06397
-0.58957
-2.15144
-2.22150
-2.02942
-1.70496
-2.13167
-1.76151
-1.61822
-2.00908
-1.95774
-1.58956
-0.62895
-1.37683
-1.27966
-2.14421
-1.03613
-1.64555
-1.50262
-1.86703
0.25660
-0.82014
-1.74025
-1.52061
-0.59980
-0.85083
-1.69415
-0.72871
-0.65321
-1.88281
-1.34125
-0.21254
-1.24819
-0.67576
-1.76727
-1.21436
-0.73259
-2.20353
-2.18973
-2.19162
-0.65737
-1.55498
-2.17130
0.19408
-2.03352
-1.29424
-2.05691
-2.09412
-1.77481
-2.17937
-1.51202
-2.13931
-1.29338
-2.13633
-1.65685
-2.08292
-1.26587
-0.83862
-0.55841
-0.99413
-0.92043
-0.46484
-1.31662
-2.14889
0.25858
-1.86687
0.39208
-2.21727
-0.94278
-1.79422
-1.55141
-1.15375
-1.26176
-1.41726
0.28977
-1.90915
0.18267
-2.11178
-1.37148
-0.47876
-1.68013
-2.14455
-1.12183
-1.55184
-1.69466
-1.97771
-2.07483
-2.06521
-1.60443
-0.06632
-1.26848
-1.32667
-2.20455
-0.58617
-1.59058
-2.15202
-1.97974
-0.79346
-1.16610
-1.17745
-1.66552
-1.75664
-0.86558
-1.34423
-1.73248
-1.07930
-1.88209
-0.91307
-2.21970
-1.15175
-0.93133
-0.47633
-1.61146
-1.48288
-1.74301
-1.90460
-2.02198
-2.04712
-2.16899
-0.60439
-1.99929
-0.07523
-1.60467
-1.89501
-1.67521
-1.19287
-1.86501
-0.47328
-0.58895
-2.21911
-1.89068
-1.59619
-0.60169
-0.79632
-0.98233
-1.40908
-1.86460
-0.62843
-1.32703
-1.93308
-1.96919
-0.90024
-0.93121
-1.43683
-0.52536
-1.28729
-0.70792
-1.18308
-0.86264
-1.96229
0.02463
-2.13697
-2.20926
-1.75750
1.03838
-2.21089
-1.87471
-1.16209
-1.92154
-1.13363
-1.46165
-1.40920
-1.72699
-1.13734
-1.42415
-1.68445
-0.69630
-1.00099
-1.67939
-1.28071
-2.17261
-0.05119
-1.77233
-1.50078
-1.39397
-1.79109
0.15641
-0.82220
-1.08988
-1.96071
-0.02017
-1.29288
-1.29877
-1.92809
-2.11588
-2.20390
-1.75134
-0.80263
-0.17710
-1.75331
-1.40254
-1.78768
-0.83663
-1.93925
-1.70314
-1.67396
0.34174
0.19002
-1.98244
-1.92194
-2.09054
-1.69566
-1.96563
-2.17464
-1.11795
-1.89073
-1.23338
-1.36389
-1.72106
-1.88124
-1.84386
-1.27150
-1.38754
-0.88465
-1.68661
-1.91285
-0.84405
-1.98371
1.11289
-1.06624
-1.43475
-1.48816
-1.20216
-2.06974
-1.70270
-1.42537
-1.26294
-1.79605
-2.08417
0.00911
-1.48241
-2.05378
-2.20381
-2.10985
-1.90776
-1.56766
-1.83646
0.37028
-1.19215
-0.63656
-0.34244
-0.77901
-2.01727
-1.37509
-1.78391
-1.96502
-2.00596
-0.60480
-2.19903
0.38876
-0.68177
-1.09203
-1.51535
-0.90250
-1.74179
-0.39322
-0.75733
-0.80750
-2.01542
-1.62328
-0.67712
-0.23358
-2.11605
-1.36441
-2.05933
-1.37256
-0.76615
-2.13612
-1.15771
-2.21672
-1.99897
-1.92051
-1.16873
-0.70176
-1.50358
-1.88674
-1.83599
-1.94704
-2.01052
-1.95020
-1.67034
-1.91307
-1.88947
-1.52426
-0.04606
0.12640
-1.50388
-1.36631
-0.23836
-1.80383
-0.85313
-1.72326
-1.28375
-1.20490
-1.43612
-1.58736
-2.17664
-2.13731
-2.09424
-2.22151
-1.52837
-2.21848
-0.84987
-0.99842
-0.27395
-0.56950
-2.11671
-0.63821
-0.06395
-1.68901
-2.19854
-1.19256
-0.13872
-1.97449
-2.21346
-1.08231
-1.83196
-1.48183
-0.25719
-1.89505
-2.20983
-1.70036
-2.22135
-0.41931
-1.42842
-2.20560
-0.52284
-1.89086
-2.07747
-2.21973
-1.52762
-1.55607
-0.41539
-1.93405
-1.65743
-1.91383
-0.65130
0.83995
-1.41891
-1.82799
-0.81318
-1.04408
-1.91678
-1.92942
-1.92917
-2.21664
-2.06976
-1.10951
-1.67349
-2.11915
-0.30464
-0.48054
-1.30801
-1.88126
-1.55387
-0.94382
-2.08347
-1.19621
-1.99442
-0.34870
-0.51356
-1.16177
-1.34212
-1.17963
-2.05522
-1.97537
-1.68174
-1.48248
-1.17380
-0.59617
-2.20488
-1.41508
-0.90434
-1.86774
-2.21474
-0.86493
-1.05329
-1.43521
-1.52891
-1.09771
-0.81647
-0.53508
-2.12599
-2.00837
-1.42620
-1.00251
-1.31241
-1.61374
-0.09245
-1.67813
-1.87235
-0.61268
-0.15763
-2.15064
-1.08283
-1.85138
-0.84379
-0.60694
-1.81941
-1.71627
-1.49225
-1.87787
-1.27307
-1.04590
-1.72619
-1.62569
-0.58134
-1.72240
-1.10886
-0.50510
-1.74630
-2.16785
-2.04135
-0.94714
-1.96000
-0.62413
0.25919
-1.32437
-2.07705
-1.64110
-1.82238
-1.06437
-2.22121
-1.25114
-0.64549
0.32640
-1.00125
-1.86567
-0.64480
-2.20461
-2.10799
-1.38962
-1.90110
-1.42588
-1.67306
-1.18558
-1.75206
-0.92608
-1.17294
-0.86055
-0.84583
-1.74861
-0.95719
-1.64408
-1.44012
-2.16070
-1.07165
-1.01395
-1.42794
-1.56817
-1.91591
-0.84996
-1.53746
-1.58378
-2.18804
-1.59308
-2.05913
-1.55215
-1.94775
-1.41948
-1.47135
-0.80948
-1.50444
0.18090
-1.01017
-2.12404
-1.63218
-1.33193
-1.67749
-0.94400
-1.12230
-1.32169
-0.81393
-0.24648
-2.16847
-1.92797
-2.21624
-1.82103
0.65671
-2.11657
-0.32545
-1.25210
-1.52002
-0.04598
-1.64450
-1.77158
-1.49825
-1.65877
-0.98120
-1.63787
-1.53670
-0.51455
-1.18573
-2.22033
-0.95644
-2.04579
-1.87020
-2.04523
-1.51115
0.39768
-1.69313
-1.05442
-1.34811
-1.29524
-0.83238
-1.54182
-1.58870
-0.23027
-0.08913
-0.19117
-2.05145
-1.63592
-0.26525
-2.01861
-1.86782
-2.02181
-0.86158
-0.50620
-1.94858
-1.23257
-1.35180
-2.11192
-1.23273
-1.54757
-0.01495
-1.96424
-0.58583
-1.58920
-2.12743
-1.90826
-2.05696
-0.76814
-2.03283
-0.89899
-0.08614
-0.51541
-1.73700
-2.18175
-1.82594
-2.21669
-1.86667
-1.70851
-2.16323
-2.01181
-1.70995
-0.37103
-0.67172
-0.73506
-0.87397
-0.72403
-1.89215
-1.53285
-1.63596
-0.69285
-1.07589
-1.88717
-1.20266
-2.04022
-1.95776
-0.90356
-1.32437
-1.47844
-0.41141
-2.01727
-0.89620
-1.63808
-0.57303
-2.21676
-1.79396
-1.48794
-0.02722
-1.51921
-1.93167
-1.58807
-0.82928
-0.19275
-0.93344
-1.86008
-0.77758
-0.41979
0.27622
-2.17972
-0.89330
-1.35582
-1.78231
-1.45380
-1.84391
-0.36036
-1.16166
-1.70138
-1.51777
-1.71770
-2.21738
-0.25535
0.15649
-1.88681
-1.33585
-1.89375
0.34864
-1.74512
0.29895
-1.00421
-0.45652
-1.16433
-0.83415
-2.05656
-0.16947
-0.52055
-1.44580
-1.50648
-1.29205
-2.19319
-1.68788
-0.55862
-2.18594
-1.97521
-0.76909
-1.41115
-0.94203
-1.52261
-1.53603
-1.67704
-2.01979
-0.91627
-1.61956
-1.27087
-0.85260
-1.67500
-1.55888
-1.56000
-1.83255
-1.02890
-1.30370
0.19308
-0.30655
-2.00619
-1.69830
-0.75816
-1.60877
-0.48339
-0.95311
-2.20709
-0.82858
-0.84850
-0.63679
-2.14108
-1.79651
-2.22116
-0.19321
-0.73200
-2.09494
-1.55008
-1.94448
-1.39951
-1.06303
-0.15983
-1.39917
-1.80184
-0.97581
-1.69685
-0.86098
-2.21248
-1.52339
-1.24863
-0.54433
-1.85474
-1.88625
-0.05347
-0.84449
-0.66576
-1.30199
-1.71985
-0.27280
-2.22141
-2.19765
0.61788
-1.49283
-2.20476
-0.08437
-2.21904
-1.54883
-2.19221
-1.80197
-1.88301
-1.76101
-0.94958
-1.90645
-0.36114
-0.76253
-1.98930
-2.11672
-0.43233
-1.39897
-1.11290
-2.03816
-0.00687
-1.21138
-1.98355
-1.65296
-0.45733
-1.03952
-2.13747
-2.03835
-1.21953
-2.01970
-0.94211
-1.56317
0.22207
-2.11693
-0.97112
-0.79006
-0.85433
-1.67711
-2.00299
-1.92261
-2.18603
-2.04271
-1.79178
1.59582
-1.86836
-1.20106
-1.90190
0.19567
-1.07186
-1.62522
-1.10749
-0.39289
-1.89441
-1.00381
-2.05072
-1.82991
-2.06499
0.25486
-1.34147
-1.53110
-1.45892
-2.21416
-1.75190
-1.12586
-0.95643
-1.91049
-2.03859
-1.12255
-2.02264
-0.12712
-1.56542
-0.16066
-1.06415
-0.16787
-1.88745
-2.21763
-2.21586
-2.14269
-0.75003
-0.29220
-1.48833
-2.01638
-2.13032
-1.61457
-2.09768
-1.97521
0.00178
-1.45451
-1.11028
-1.13920
-1.25752
-1.70373
1.90460
0.17985
-1.78224
-0.74396
-2.06158
-1.40533
-2.05382
-1.24018
-1.31491
-2.18003
-2.20198
-0.75132
-0.27306
-2.22150
-1.71477
-2.21565
-1.35737
-0.85087
-1.25582
-2.00584
-1.48485
-1.08485
-0.57250
-0.98292
-1.57110
-0.79973
-2.13336
-1.58454
-1.40304
-1.89904
-1.71875
-1.78651
-1.87994
0.38474
