-1.01906
-1.22938
-1.71661
-0.42382
-2.13434
-0.24824
-1.71592
-1.76080
-1.10366
-0.70367
-2.02433
-1.99516
0.10614
-1.94666
-0.85577
-1.28693
-0.32970
-0.97281
-1.04590
-1.99743
-1.16345
-1.66702
-1.05420
-0.25245
-1.49719
-0.87809
-1.80922
-1.04074
-1.94586
-1.47012
-1.40595
-1.67256
-0.47270
-1.82061
-2.20252
0.44197
-1.87647
-2.04068
-0.40428
-1.93446
-1.97298
-1.48434
-1.77347
-0.92742
-1.58148
-1.62588
-1.71800
-0.22637
-2.18838
-1.17818
-0.48316
-0.77584
-1.80026
-1.85154
-0.48093
-0.20095
-1.23915
-0.41551
-2.17672
-1.15483
-1.31719
-0.41332
0.88361
-1.85428
-0.86987
-1.34340
-0.40706
-0.87332
0.10317
-1.23407
-0.36370
-2.02137
-1.38211
-1.45495
-1.23387
-1.07205
-1.14413
-1.30393
-0.54950
-0.87877
-1.31159
-0.95644
-1.07412
-1.67384
-1.78326
-0.75295
-1.02848
-1.25474
-1.51596
-2.20198
-2.20413
-2.09776
-1.71595
-1.60458
-1.61852
-1.31664
-1.67572
-1.44885
-0.58694
-1.49777
-2.11215
-1.53905
-1.20819
-0.97534
-2.21891
-1.24718
-0.50892
-1.66044
-0.61723
-0.15895
-1.92499
-1.52157
-1.57361
-1.57585
-1.74034
-2.01290
-2.15915
-2.20749
-1.44500
-0.88689
-1.96853
-1.05340
-0.48582
-0.55413
-1.82136
-0.67028
-1.13911
-0.23660
-0.61272
-0.94438
-1.16406
-1.97992
-1.51201
-1.33736
-1.71607
-1.37445
-0.97890
-1.64566
-1.07974
-1.52871
-1.82037
-0.03816
-1.65250
-1.95870
-1.83938
-1.67745
-1.02538
-0.74594
-1.82034
-1.28657
-0.39109
-1.02203
0.24513
-0.51780
-1.16381
-0.72020
-1.02946
-1.88067
-1.84823
-1.00244
-0.80349
-1.10153
-0.86782
-2.03562
-1.07687
-1.70643
-2.04575
-1.41364
-1.33973
1.21352
-1.85948
-1.71193
-1.26789
-0.07129
-1.53158
-0.98305
-1.02585
-1.74897
0.30042
-1.18594
